# Temperatura_=_20.0
# Concentracion g/m^3_=_10000.0
# C_Vs_to_Am_M_A/Vsm_=_65563218390.804596
# pendiente_HvsI_1/m_=_3716.3
# ordenada_HvsI_A/m_=_1297.0
# frecuencia_Hz_=_300948.14353986236

Tiempo_(s)	Campo_(V.s)	Magnetizacion_(V.s)	Campo_(kA/m)	Magnetizacion_(A/m)
0.000000e+00	-4.045943e-06	-8.276209e-09	-2.718511e+01	-5.445747e+02
1.000000e-08	-4.045019e-06	-8.275784e-09	-2.717890e+01	-5.445894e+02
2.000000e-08	-4.042628e-06	-8.277579e-09	-2.716284e+01	-5.447132e+02
3.000000e-08	-4.038704e-06	-8.281978e-09	-2.713648e+01	-5.448268e+02
4.000000e-08	-4.033611e-06	-8.281792e-09	-2.710226e+01	-5.447612e+02
5.000000e-08	-4.027363e-06	-8.271634e-09	-2.706027e+01	-5.444017e+02
6.000000e-08	-4.019841e-06	-8.256770e-09	-2.700973e+01	-5.437577e+02
7.000000e-08	-4.011158e-06	-8.231595e-09	-2.695139e+01	-5.429520e+02
8.000000e-08	-4.001012e-06	-8.210640e-09	-2.688322e+01	-5.421379e+02
9.000000e-08	-3.988900e-06	-8.256405e-09	-2.680184e+01	-5.413995e+02
1.000000e-07	-3.974722e-06	-8.288873e-09	-2.670657e+01	-5.407011e+02
1.100000e-07	-3.958484e-06	-8.261098e-09	-2.659747e+01	-5.399191e+02
1.200000e-07	-3.940664e-06	-8.148136e-09	-2.647774e+01	-5.389329e+02
1.300000e-07	-3.921987e-06	-8.034060e-09	-2.635224e+01	-5.377099e+02
1.400000e-07	-3.902420e-06	-8.213495e-09	-2.622077e+01	-5.363267e+02
1.500000e-07	-3.881682e-06	-8.225437e-09	-2.608143e+01	-5.349113e+02
1.600000e-07	-3.859914e-06	-7.967234e-09	-2.593517e+01	-5.335477e+02
1.700000e-07	-3.836971e-06	-8.123581e-09	-2.578101e+01	-5.322100e+02
1.800000e-07	-3.812443e-06	-8.162741e-09	-2.561621e+01	-5.307729e+02
1.900000e-07	-3.786537e-06	-7.936441e-09	-2.544214e+01	-5.290927e+02
2.000000e-07	-3.759446e-06	-8.113335e-09	-2.526011e+01	-5.271045e+02
2.100000e-07	-3.730887e-06	-8.117166e-09	-2.506822e+01	-5.248698e+02
2.200000e-07	-3.700895e-06	-7.819592e-09	-2.486670e+01	-5.225424e+02
2.300000e-07	-3.669758e-06	-7.929388e-09	-2.465749e+01	-5.202758e+02
2.400000e-07	-3.637501e-06	-8.038765e-09	-2.444075e+01	-5.181328e+02
2.500000e-07	-3.603892e-06	-7.894105e-09	-2.421493e+01	-5.160531e+02
2.600000e-07	-3.568691e-06	-7.862543e-09	-2.397841e+01	-5.138972e+02
2.700000e-07	-3.532159e-06	-7.775979e-09	-2.373294e+01	-5.115332e+02
2.800000e-07	-3.494537e-06	-7.753260e-09	-2.348016e+01	-5.089090e+02
2.900000e-07	-3.455696e-06	-7.819216e-09	-2.321918e+01	-5.060684e+02
3.000000e-07	-3.415661e-06	-7.694551e-09	-2.295019e+01	-5.031088e+02
3.100000e-07	-3.374417e-06	-7.593808e-09	-2.267306e+01	-5.001138e+02
3.200000e-07	-3.331697e-06	-7.604339e-09	-2.238602e+01	-4.971076e+02
3.300000e-07	-3.287645e-06	-7.579705e-09	-2.209003e+01	-4.940543e+02
3.400000e-07	-3.242558e-06	-7.546789e-09	-2.178709e+01	-4.908932e+02
3.500000e-07	-3.196276e-06	-7.467257e-09	-2.147611e+01	-4.875804e+02
3.600000e-07	-3.148820e-06	-7.349809e-09	-2.115725e+01	-4.841074e+02
3.700000e-07	-3.100348e-06	-7.326499e-09	-2.083156e+01	-4.804914e+02
3.800000e-07	-3.050663e-06	-7.353207e-09	-2.049772e+01	-4.767518e+02
3.900000e-07	-2.999398e-06	-7.278036e-09	-2.015327e+01	-4.728943e+02
4.000000e-07	-2.946656e-06	-7.123277e-09	-1.979889e+01	-4.689135e+02
4.100000e-07	-2.892832e-06	-7.074151e-09	-1.943724e+01	-4.648054e+02
4.200000e-07	-2.838127e-06	-7.076896e-09	-1.906968e+01	-4.605766e+02
4.300000e-07	-2.782534e-06	-7.021591e-09	-1.869613e+01	-4.562383e+02
4.400000e-07	-2.726032e-06	-6.920665e-09	-1.831649e+01	-4.517927e+02
4.500000e-07	-2.668497e-06	-6.806137e-09	-1.792991e+01	-4.472240e+02
4.600000e-07	-2.609719e-06	-6.770121e-09	-1.753498e+01	-4.425059e+02
4.700000e-07	-2.549885e-06	-6.745439e-09	-1.713294e+01	-4.376213e+02
4.800000e-07	-2.489246e-06	-6.648053e-09	-1.672550e+01	-4.325792e+02
4.900000e-07	-2.427771e-06	-6.518410e-09	-1.631245e+01	-4.274121e+02
5.000000e-07	-2.365440e-06	-6.430051e-09	-1.589364e+01	-4.221541e+02
5.100000e-07	-2.302337e-06	-6.397151e-09	-1.546965e+01	-4.168122e+02
5.200000e-07	-2.238545e-06	-6.342926e-09	-1.504102e+01	-4.113531e+02
5.300000e-07	-2.174085e-06	-6.223110e-09	-1.460790e+01	-4.057170e+02
5.400000e-07	-2.108749e-06	-6.094656e-09	-1.416890e+01	-3.998519e+02
5.500000e-07	-2.042332e-06	-6.020077e-09	-1.372264e+01	-3.937451e+02
5.600000e-07	-1.974945e-06	-5.965750e-09	-1.326986e+01	-3.874320e+02
5.700000e-07	-1.906916e-06	-5.860722e-09	-1.281277e+01	-3.809746e+02
5.800000e-07	-1.838381e-06	-5.713678e-09	-1.235227e+01	-3.744243e+02
5.900000e-07	-1.769257e-06	-5.604829e-09	-1.188783e+01	-3.677911e+02
6.000000e-07	-1.699598e-06	-5.539689e-09	-1.141978e+01	-3.610392e+02
6.100000e-07	-1.629437e-06	-5.462867e-09	-1.094836e+01	-3.541091e+02
6.200000e-07	-1.558656e-06	-5.329700e-09	-1.047277e+01	-3.469516e+02
6.300000e-07	-1.487254e-06	-5.180337e-09	-9.993017e+00	-3.395513e+02
6.400000e-07	-1.415363e-06	-5.076051e-09	-9.509970e+00	-3.319284e+02
6.500000e-07	-1.343116e-06	-4.991984e-09	-9.024535e+00	-3.241191e+02
6.600000e-07	-1.270562e-06	-4.873771e-09	-8.537041e+00	-3.161502e+02
6.700000e-07	-1.197596e-06	-4.712775e-09	-8.046774e+00	-3.080218e+02
6.800000e-07	-1.123942e-06	-4.570399e-09	-7.551886e+00	-2.997066e+02
6.900000e-07	-1.049649e-06	-4.466881e-09	-7.052705e+00	-2.911632e+02
7.000000e-07	-9.748594e-07	-4.357886e-09	-6.550183e+00	-2.823551e+02
7.100000e-07	-8.995258e-07	-4.205437e-09	-6.044008e+00	-2.732650e+02
7.200000e-07	-8.237696e-07	-4.034822e-09	-5.534995e+00	-2.638999e+02
7.300000e-07	-7.476859e-07	-3.895159e-09	-5.023780e+00	-2.542867e+02
7.400000e-07	-6.713850e-07	-3.773806e-09	-4.511106e+00	-2.444591e+02
7.500000e-07	-5.949570e-07	-3.626077e-09	-3.997579e+00	-2.344408e+02
7.600000e-07	-5.183090e-07	-3.443091e-09	-3.482573e+00	-2.242310e+02
7.700000e-07	-4.413654e-07	-3.267539e-09	-2.965581e+00	-2.137985e+02
7.800000e-07	-3.642614e-07	-3.121578e-09	-2.447511e+00	-2.030898e+02
7.900000e-07	-2.871393e-07	-2.975328e-09	-1.929319e+00	-1.920505e+02
8.000000e-07	-2.099643e-07	-2.792260e-09	-1.410772e+00	-1.806514e+02
8.100000e-07	-1.326859e-07	-2.590931e-09	-8.915304e-01	-1.689042e+02
8.200000e-07	-5.532423e-08	-2.409000e-09	-3.717293e-01	-1.568580e+02
8.300000e-07	2.205771e-08	-2.243397e-09	1.482080e-01	-1.445736e+02
8.400000e-07	9.938763e-08	-2.058777e-09	6.677959e-01	-1.320886e+02
8.500000e-07	1.767151e-07	-1.841828e-09	1.187368e+00	-1.193939e+02
8.600000e-07	2.539834e-07	-1.627503e-09	1.706541e+00	-1.064344e+02
8.700000e-07	3.311015e-07	-1.436863e-09	2.224705e+00	-9.313606e+01
8.800000e-07	4.081056e-07	-1.248593e-09	2.742104e+00	-7.944371e+01
8.900000e-07	4.850010e-07	-1.030328e-09	3.258773e+00	-6.534889e+01
9.000000e-07	5.617484e-07	-7.909048e-10	3.774446e+00	-5.089194e+01
9.100000e-07	6.382992e-07	-5.627838e-10	4.288799e+00	-3.613911e+01
9.200000e-07	7.146233e-07	-3.503983e-10	4.801629e+00	-2.114957e+01
9.300000e-07	7.907238e-07	-1.267260e-10	5.312956e+00	-5.952176e+00
9.400000e-07	8.665524e-07	1.246270e-10	5.822456e+00	9.456082e+00
9.500000e-07	9.420059e-07	3.803068e-10	6.329437e+00	2.509214e+01
9.600000e-07	1.017003e-06	6.176025e-10	6.833353e+00	4.096279e+01
9.700000e-07	1.091431e-06	8.464873e-10	7.333438e+00	5.704950e+01
9.800000e-07	1.165215e-06	1.094440e-09	7.829204e+00	7.330873e+01
9.900000e-07	1.238388e-06	1.361599e-09	8.320857e+00	8.968362e+01
1.000000e-06	1.311055e-06	1.620353e-09	8.809118e+00	1.061165e+02
1.010000e-06	1.383358e-06	1.860217e-09	9.294928e+00	1.225536e+02
1.020000e-06	1.455365e-06	2.101930e-09	9.778747e+00	1.389419e+02
1.030000e-06	1.526961e-06	2.360733e-09	1.025981e+01	1.552230e+02
1.040000e-06	1.597980e-06	2.619333e-09	1.073699e+01	1.713337e+02
1.050000e-06	1.668410e-06	2.857675e-09	1.121022e+01	1.872138e+02
1.060000e-06	1.738278e-06	3.082694e-09	1.167967e+01	2.028173e+02
1.070000e-06	1.807568e-06	3.316544e-09	1.214524e+01	2.181181e+02
1.080000e-06	1.876310e-06	3.558379e-09	1.260712e+01	2.331049e+02
1.090000e-06	1.944532e-06	3.787356e-09	1.306552e+01	2.477666e+02
1.100000e-06	2.012123e-06	3.995969e-09	1.351967e+01	2.620768e+02
1.110000e-06	2.078759e-06	4.199500e-09	1.396740e+01	2.759880e+02
1.120000e-06	2.144344e-06	4.412018e-09	1.440807e+01	2.894410e+02
1.130000e-06	2.209107e-06	4.620136e-09	1.484322e+01	3.023846e+02
1.140000e-06	2.273203e-06	4.806839e-09	1.527389e+01	3.147971e+02
1.150000e-06	2.336583e-06	4.975799e-09	1.569975e+01	3.266960e+02
1.160000e-06	2.399157e-06	5.148582e-09	1.612018e+01	3.381290e+02
1.170000e-06	2.460978e-06	5.329012e-09	1.653557e+01	3.491517e+02
1.180000e-06	2.522077e-06	5.500800e-09	1.694610e+01	3.598009e+02
1.190000e-06	2.582434e-06	5.652530e-09	1.735165e+01	3.700794e+02
1.200000e-06	2.641865e-06	5.794412e-09	1.775097e+01	3.799593e+02
1.210000e-06	2.700037e-06	5.942052e-09	1.814183e+01	3.894019e+02
1.220000e-06	2.757037e-06	6.089402e-09	1.852482e+01	3.983838e+02
1.230000e-06	2.813169e-06	6.220666e-09	1.890198e+01	4.069142e+02
1.240000e-06	2.868427e-06	6.333647e-09	1.927326e+01	4.150336e+02
1.250000e-06	2.922738e-06	6.447069e-09	1.963818e+01	4.227965e+02
1.260000e-06	2.976069e-06	6.570539e-09	1.999652e+01	4.302474e+02
1.270000e-06	3.028252e-06	6.691480e-09	2.034714e+01	4.374054e+02
1.280000e-06	3.078986e-06	6.795008e-09	2.068803e+01	4.442644e+02
1.290000e-06	3.128218e-06	6.887381e-09	2.101882e+01	4.508083e+02
1.300000e-06	3.176256e-06	6.981421e-09	2.134160e+01	4.570280e+02
1.310000e-06	3.223254e-06	7.079308e-09	2.165738e+01	4.629310e+02
1.320000e-06	3.269186e-06	7.168474e-09	2.196600e+01	4.685372e+02
1.330000e-06	3.314072e-06	7.242245e-09	2.226760e+01	4.738657e+02
1.340000e-06	3.357926e-06	7.312990e-09	2.256226e+01	4.789250e+02
1.350000e-06	3.400465e-06	7.390070e-09	2.284808e+01	4.837141e+02
1.360000e-06	3.441554e-06	7.467493e-09	2.312416e+01	4.882341e+02
1.370000e-06	3.481457e-06	7.533657e-09	2.339227e+01	4.925011e+02
1.380000e-06	3.520210e-06	7.590680e-09	2.365266e+01	4.965492e+02
1.390000e-06	3.557840e-06	7.649862e-09	2.390550e+01	5.004195e+02
1.400000e-06	3.594384e-06	7.712979e-09	2.415104e+01	5.041408e+02
1.410000e-06	3.629643e-06	7.769407e-09	2.438795e+01	5.077155e+02
1.420000e-06	3.663380e-06	7.813767e-09	2.461463e+01	5.111192e+02
1.430000e-06	3.695728e-06	7.855194e-09	2.483198e+01	5.143169e+02
1.440000e-06	3.726912e-06	7.902713e-09	2.504151e+01	5.172840e+02
1.450000e-06	3.756903e-06	7.951437e-09	2.524302e+01	5.200213e+02
1.460000e-06	3.785712e-06	7.991784e-09	2.543660e+01	5.225553e+02
1.470000e-06	3.813209e-06	8.024722e-09	2.562135e+01	5.249277e+02
1.480000e-06	3.839105e-06	8.058225e-09	2.579535e+01	5.271804e+02
1.490000e-06	3.863505e-06	8.094664e-09	2.595930e+01	5.293443e+02
1.500000e-06	3.886608e-06	8.128259e-09	2.611453e+01	5.314341e+02
1.510000e-06	3.908407e-06	8.154414e-09	2.626100e+01	5.334447e+02
1.520000e-06	3.928984e-06	8.176670e-09	2.639925e+01	5.353496e+02
1.530000e-06	3.948296e-06	8.202669e-09	2.652901e+01	5.371041e+02
1.540000e-06	3.966209e-06	8.231750e-09	2.664937e+01	5.386589e+02
1.550000e-06	3.982697e-06	8.255219e-09	2.676016e+01	5.399844e+02
1.560000e-06	3.997675e-06	8.271393e-09	2.686080e+01	5.410960e+02
1.570000e-06	4.011135e-06	8.285838e-09	2.695124e+01	5.420610e+02
1.580000e-06	4.023088e-06	8.301894e-09	2.703155e+01	5.429754e+02
1.590000e-06	4.033307e-06	8.316756e-09	2.710021e+01	5.439142e+02
1.600000e-06	4.041938e-06	8.327464e-09	2.715821e+01	5.448821e+02
1.610000e-06	4.049223e-06	8.337412e-09	2.720715e+01	5.457978e+02
1.620000e-06	4.055113e-06	8.349757e-09	2.724673e+01	5.465302e+02
1.630000e-06	4.059745e-06	8.360078e-09	2.727785e+01	5.469728e+02
1.640000e-06	4.062966e-06	8.364238e-09	2.729950e+01	5.471130e+02
1.650000e-06	4.064527e-06	8.365060e-09	2.730999e+01	5.470513e+02
1.660000e-06	4.064693e-06	8.365870e-09	2.731110e+01	5.469518e+02
1.670000e-06	4.063627e-06	8.365831e-09	2.730394e+01	5.469476e+02
1.680000e-06	4.061286e-06	8.363127e-09	2.728821e+01	5.470604e+02
1.690000e-06	4.057760e-06	8.356685e-09	2.726451e+01	5.471855e+02
1.700000e-06	4.052868e-06	8.351915e-09	2.723165e+01	5.471545e+02
1.710000e-06	4.046415e-06	8.352910e-09	2.718828e+01	5.468393e+02
1.720000e-06	4.038650e-06	8.357917e-09	2.713612e+01	5.462301e+02
1.730000e-06	4.029759e-06	8.376625e-09	2.707638e+01	5.454373e+02
1.740000e-06	4.019658e-06	8.360198e-09	2.700850e+01	5.446164e+02
1.750000e-06	4.007947e-06	8.256036e-09	2.692981e+01	5.438662e+02
1.760000e-06	3.993919e-06	8.220114e-09	2.683556e+01	5.431681e+02
1.770000e-06	3.977569e-06	8.250265e-09	2.672570e+01	5.424063e+02
1.780000e-06	3.959880e-06	8.392390e-09	2.660685e+01	5.414536e+02
1.790000e-06	3.941812e-06	8.304548e-09	2.648545e+01	5.402617e+02
1.800000e-06	3.923160e-06	8.085440e-09	2.636013e+01	5.388933e+02
1.810000e-06	3.902665e-06	8.284401e-09	2.622241e+01	5.374750e+02
1.820000e-06	3.880296e-06	8.269374e-09	2.607212e+01	5.361025e+02
1.830000e-06	3.857042e-06	8.035383e-09	2.591587e+01	5.347668e+02
1.840000e-06	3.832485e-06	8.213974e-09	2.575087e+01	5.333530e+02
1.850000e-06	3.806187e-06	8.190243e-09	2.557417e+01	5.317139e+02
1.860000e-06	3.778807e-06	7.880196e-09	2.539020e+01	5.297686e+02
1.870000e-06	3.750209e-06	8.098374e-09	2.519805e+01	5.275606e+02
1.880000e-06	3.719979e-06	8.167199e-09	2.499493e+01	5.252356e+02
1.890000e-06	3.688403e-06	7.850848e-09	2.478276e+01	5.229533e+02
1.900000e-06	3.655525e-06	7.910684e-09	2.456186e+01	5.207933e+02
1.910000e-06	3.621526e-06	7.915287e-09	2.433341e+01	5.187118e+02
1.920000e-06	3.586549e-06	7.848917e-09	2.409840e+01	5.165757e+02
1.930000e-06	3.550024e-06	7.937205e-09	2.385298e+01	5.142466e+02
1.940000e-06	3.511911e-06	7.717884e-09	2.359690e+01	5.116585e+02
1.950000e-06	3.472595e-06	7.688473e-09	2.333273e+01	5.088431e+02
1.960000e-06	3.432086e-06	7.817159e-09	2.306055e+01	5.058941e+02
1.970000e-06	3.390545e-06	7.643016e-09	2.278143e+01	5.029007e+02
1.980000e-06	3.347977e-06	7.615147e-09	2.249541e+01	4.998969e+02
1.990000e-06	3.304361e-06	7.554865e-09	2.220235e+01	4.968536e+02
2.000000e-06	3.259637e-06	7.452982e-09	2.190184e+01	4.937110e+02
2.010000e-06	3.213659e-06	7.525707e-09	2.159291e+01	4.904209e+02
2.020000e-06	3.166622e-06	7.457553e-09	2.127686e+01	4.869698e+02
2.030000e-06	3.118364e-06	7.337143e-09	2.095261e+01	4.833725e+02
2.040000e-06	3.068713e-06	7.245668e-09	2.061901e+01	4.796494e+02
2.050000e-06	3.017994e-06	7.237870e-09	2.027822e+01	4.758087e+02
2.060000e-06	2.966173e-06	7.270685e-09	1.993003e+01	4.718455e+02
2.070000e-06	2.912910e-06	7.109321e-09	1.957215e+01	4.677552e+02
2.080000e-06	2.858292e-06	7.012869e-09	1.920517e+01	4.635425e+02
2.090000e-06	2.802688e-06	6.983396e-09	1.883155e+01	4.592191e+02
2.100000e-06	2.746245e-06	6.939955e-09	1.845231e+01	4.547890e+02
2.110000e-06	2.688794e-06	6.906329e-09	1.806629e+01	4.502391e+02
2.120000e-06	2.630390e-06	6.736731e-09	1.767387e+01	4.455435e+02
2.130000e-06	2.571270e-06	6.665490e-09	1.727663e+01	4.406825e+02
2.140000e-06	2.511389e-06	6.645883e-09	1.687429e+01	4.356610e+02
2.150000e-06	2.450412e-06	6.579171e-09	1.646458e+01	4.305090e+02
2.160000e-06	2.388169e-06	6.502160e-09	1.604636e+01	4.252624e+02
2.170000e-06	2.325034e-06	6.345858e-09	1.562215e+01	4.199333e+02
2.180000e-06	2.261225e-06	6.282865e-09	1.519341e+01	4.144939e+02
2.190000e-06	2.196662e-06	6.241558e-09	1.475960e+01	4.088866e+02
2.200000e-06	2.131416e-06	6.155435e-09	1.432121e+01	4.030558e+02
2.210000e-06	2.065426e-06	6.036226e-09	1.387781e+01	3.969821e+02
2.220000e-06	1.998712e-06	5.899653e-09	1.342956e+01	3.906945e+02
2.230000e-06	1.931408e-06	5.853609e-09	1.297733e+01	3.842536e+02
2.240000e-06	1.863511e-06	5.782993e-09	1.252112e+01	3.777145e+02
2.250000e-06	1.794853e-06	5.660273e-09	1.205980e+01	3.710941e+02
2.260000e-06	1.725217e-06	5.520247e-09	1.159191e+01	3.643622e+02
2.270000e-06	1.654698e-06	5.404450e-09	1.111809e+01	3.574609e+02
2.280000e-06	1.583611e-06	5.347174e-09	1.064045e+01	3.503374e+02
2.290000e-06	1.512156e-06	5.245107e-09	1.016033e+01	3.429709e+02
2.300000e-06	1.440263e-06	5.096830e-09	9.677276e+00	3.353773e+02
2.310000e-06	1.367870e-06	4.954082e-09	9.190865e+00	3.275922e+02
2.320000e-06	1.295033e-06	4.853786e-09	8.701463e+00	3.196451e+02
2.330000e-06	1.221786e-06	4.768524e-09	8.209309e+00	3.115403e+02
2.340000e-06	1.148147e-06	4.624627e-09	7.714521e+00	3.032538e+02
2.350000e-06	1.074054e-06	4.461411e-09	7.216682e+00	2.947452e+02
2.360000e-06	9.994996e-07	4.324921e-09	6.715743e+00	2.859762e+02
2.370000e-06	9.246244e-07	4.218354e-09	6.212649e+00	2.769262e+02
2.380000e-06	8.495195e-07	4.091457e-09	5.708010e+00	2.675988e+02
2.390000e-06	7.741731e-07	3.916351e-09	5.201750e+00	2.580186e+02
2.400000e-06	6.985139e-07	3.747222e-09	4.693388e+00	2.482194e+02
2.410000e-06	6.224303e-07	3.607564e-09	4.182174e+00	2.382274e+02
2.420000e-06	5.460398e-07	3.482390e-09	3.668899e+00	2.280459e+02
2.430000e-06	4.695417e-07	3.322667e-09	3.154900e+00	2.176478e+02
2.440000e-06	3.927580e-07	3.127985e-09	2.638982e+00	2.069818e+02
2.450000e-06	3.155744e-07	2.953649e-09	2.120377e+00	1.959921e+02
2.460000e-06	2.381381e-07	2.805402e-09	1.600075e+00	1.846443e+02
2.470000e-06	1.605716e-07	2.643580e-09	1.078897e+00	1.729442e+02
2.480000e-06	8.309628e-08	2.442208e-09	5.583326e-01	1.609366e+02
2.490000e-06	5.635163e-09	2.235243e-09	3.786325e-02	1.486826e+02
2.500000e-06	-7.195029e-08	2.058159e-09	-4.834415e-01	1.362253e+02
2.510000e-06	-1.493777e-07	1.892157e-09	-1.003684e+00	1.235627e+02
2.520000e-06	-2.265514e-07	1.695616e-09	-1.522223e+00	1.106452e+02
2.530000e-06	-3.036201e-07	1.468883e-09	-2.040055e+00	9.739919e+01
2.540000e-06	-3.805331e-07	1.250496e-09	-2.556842e+00	8.376456e+01
2.550000e-06	-4.572091e-07	1.053373e-09	-3.072036e+00	6.972542e+01
2.560000e-06	-5.335756e-07	8.497538e-10	-3.585150e+00	5.531607e+01
2.570000e-06	-6.095945e-07	6.148767e-10	-4.095929e+00	4.060105e+01
2.580000e-06	-6.853711e-07	3.690887e-10	-4.605081e+00	2.564239e+01
2.590000e-06	-7.609465e-07	1.441601e-10	-5.112880e+00	1.047393e+01
2.600000e-06	-8.362286e-07	-6.678300e-11	-5.618707e+00	-4.903549e+00
2.610000e-06	-9.111828e-07	-2.988909e-10	-6.122333e+00	-2.050650e+01
2.620000e-06	-9.858191e-07	-5.570648e-10	-6.623822e+00	-3.634445e+01
2.630000e-06	-1.060032e-06	-8.114669e-10	-7.122465e+00	-5.240280e+01
2.640000e-06	-1.133792e-06	-1.045798e-09	-7.618066e+00	-6.864104e+01
2.650000e-06	-1.207198e-06	-1.279566e-09	-8.111292e+00	-8.500335e+01
2.660000e-06	-1.280261e-06	-1.537038e-09	-8.602209e+00	-1.014316e+02
2.670000e-06	-1.352868e-06	-1.802997e-09	-9.090063e+00	-1.178717e+02
2.680000e-06	-1.424957e-06	-2.049607e-09	-9.574437e+00	-1.342707e+02
2.690000e-06	-1.496577e-06	-2.279204e-09	-1.005566e+01	-1.505712e+02
2.700000e-06	-1.567856e-06	-2.518834e-09	-1.053459e+01	-1.667105e+02
2.710000e-06	-1.638774e-06	-2.774926e-09	-1.101109e+01	-1.826271e+02
2.720000e-06	-1.709053e-06	-3.023962e-09	-1.148331e+01	-1.982725e+02
2.730000e-06	-1.778394e-06	-3.249849e-09	-1.194922e+01	-2.136178e+02
2.740000e-06	-1.846788e-06	-3.466150e-09	-1.240876e+01	-2.286503e+02
2.750000e-06	-1.914448e-06	-3.695158e-09	-1.286338e+01	-2.433599e+02
2.760000e-06	-1.981551e-06	-3.928585e-09	-1.331425e+01	-2.577230e+02
2.770000e-06	-2.048094e-06	-4.143391e-09	-1.376136e+01	-2.716952e+02
2.780000e-06	-2.113978e-06	-4.335809e-09	-1.420404e+01	-2.852175e+02
2.790000e-06	-2.179182e-06	-4.527755e-09	-1.464215e+01	-2.982364e+02
2.800000e-06	-2.243632e-06	-4.730028e-09	-1.507520e+01	-3.107250e+02
2.810000e-06	-2.307345e-06	-4.923063e-09	-1.550329e+01	-3.226951e+02
2.820000e-06	-2.370392e-06	-5.090677e-09	-1.592691e+01	-3.341915e+02
2.830000e-06	-2.432500e-06	-5.243901e-09	-1.634422e+01	-3.452702e+02
2.840000e-06	-2.493434e-06	-5.407054e-09	-1.675365e+01	-3.559720e+02
2.850000e-06	-2.553355e-06	-5.578264e-09	-1.715626e+01	-3.663050e+02
2.860000e-06	-2.612486e-06	-5.735079e-09	-1.755357e+01	-3.762446e+02
2.870000e-06	-2.670835e-06	-5.870026e-09	-1.794562e+01	-3.857520e+02
2.880000e-06	-2.728222e-06	-5.998617e-09	-1.833121e+01	-3.948004e+02
2.890000e-06	-2.784647e-06	-6.134149e-09	-1.871033e+01	-4.033937e+02
2.900000e-06	-2.840248e-06	-6.267349e-09	-1.908393e+01	-4.115689e+02
2.910000e-06	-2.894873e-06	-6.382954e-09	-1.945095e+01	-4.193798e+02
2.920000e-06	-2.948142e-06	-6.486082e-09	-1.980887e+01	-4.268738e+02
2.930000e-06	-2.999977e-06	-6.594328e-09	-2.015716e+01	-4.340738e+02
2.940000e-06	-3.050670e-06	-6.708087e-09	-2.049777e+01	-4.409769e+02
2.950000e-06	-3.100239e-06	-6.812527e-09	-2.083083e+01	-4.475670e+02
2.960000e-06	-3.148373e-06	-6.900136e-09	-2.115425e+01	-4.538332e+02
2.970000e-06	-3.195004e-06	-6.982891e-09	-2.146757e+01	-4.597808e+02
2.980000e-06	-3.240494e-06	-7.072596e-09	-2.177322e+01	-4.654284e+02
2.990000e-06	-3.285058e-06	-7.162937e-09	-2.207265e+01	-4.707961e+02
3.000000e-06	-3.328680e-06	-7.239292e-09	-2.236575e+01	-4.758941e+02
3.010000e-06	-3.371367e-06	-7.302357e-09	-2.265257e+01	-4.807222e+02
3.020000e-06	-3.412993e-06	-7.367032e-09	-2.293226e+01	-4.852805e+02
3.030000e-06	-3.453489e-06	-7.439204e-09	-2.320436e+01	-4.895822e+02
3.040000e-06	-3.492874e-06	-7.508466e-09	-2.346899e+01	-4.936594e+02
3.050000e-06	-3.530967e-06	-7.564612e-09	-2.372494e+01	-4.975531e+02
3.060000e-06	-3.567558e-06	-7.616754e-09	-2.397080e+01	-5.012953e+02
3.070000e-06	-3.602874e-06	-7.673128e-09	-2.420809e+01	-5.048922e+02
3.080000e-06	-3.637030e-06	-7.731721e-09	-2.443758e+01	-5.083227e+02
3.090000e-06	-3.669914e-06	-7.781383e-09	-2.465854e+01	-5.115522e+02
3.100000e-06	-3.701628e-06	-7.819520e-09	-2.487163e+01	-5.145532e+02
3.110000e-06	-3.732053e-06	-7.857947e-09	-2.507606e+01	-5.173225e+02
3.120000e-06	-3.760862e-06	-7.902556e-09	-2.526963e+01	-5.198836e+02
3.130000e-06	-3.788208e-06	-7.945512e-09	-2.545337e+01	-5.222767e+02
3.140000e-06	-3.814345e-06	-7.976220e-09	-2.562898e+01	-5.245445e+02
3.150000e-06	-3.839237e-06	-8.002908e-09	-2.579623e+01	-5.267202e+02
3.160000e-06	-3.862858e-06	-8.036148e-09	-2.595495e+01	-5.288207e+02
3.170000e-06	-3.885135e-06	-8.074603e-09	-2.610463e+01	-5.308440e+02
3.180000e-06	-3.905847e-06	-8.106404e-09	-2.624379e+01	-5.327668e+02
3.190000e-06	-3.925125e-06	-8.127835e-09	-2.637333e+01	-5.345463e+02
3.200000e-06	-3.943177e-06	-8.147135e-09	-2.649462e+01	-5.361325e+02
3.210000e-06	-3.959910e-06	-8.169504e-09	-2.660705e+01	-5.374914e+02
3.220000e-06	-3.975306e-06	-8.190121e-09	-2.671050e+01	-5.386308e+02
3.230000e-06	-3.989089e-06	-8.203803e-09	-2.680311e+01	-5.396114e+02
3.240000e-06	-4.001107e-06	-8.215786e-09	-2.688385e+01	-5.405277e+02
3.250000e-06	-4.011591e-06	-8.232943e-09	-2.695430e+01	-5.414610e+02
3.260000e-06	-4.020701e-06	-8.252059e-09	-2.701551e+01	-5.424282e+02
3.270000e-06	-4.028537e-06	-8.265470e-09	-2.706816e+01	-5.433593e+02
3.280000e-06	-4.035041e-06	-8.271066e-09	-2.711186e+01	-5.441262e+02
3.290000e-06	-4.039917e-06	-8.272943e-09	-2.714462e+01	-5.446140e+02
3.300000e-06	-4.043266e-06	-8.277879e-09	-2.716713e+01	-5.447939e+02
3.310000e-06	-4.045342e-06	-8.282161e-09	-2.718108e+01	-5.447520e+02
3.320000e-06	-4.046079e-06	-8.280715e-09	-2.718603e+01	-5.446482e+02
