# Temperatura_=_20.0
# Concentracion g/m^3_=_10000.0
# C_Vs_to_Am_M_A/Vsm_=_65563218390.804596
# pendiente_HvsI_1/m_=_3716.3
# ordenada_HvsI_A/m_=_1297.0
# frecuencia_Hz_=_301113.33555902634

Tiempo_(s)	Campo_(V.s)	Magnetizacion_(V.s)	Campo_(kA/m)	Magnetizacion_(A/m)
0.000000e+00	-3.227387e-06	-7.115588e-09	-2.160758e+01	-4.660260e+02
1.000000e-08	-3.226322e-06	-7.117827e-09	-2.160045e+01	-4.661934e+02
2.000000e-08	-3.224066e-06	-7.118723e-09	-2.158535e+01	-4.661855e+02
3.000000e-08	-3.220513e-06	-7.116996e-09	-2.156156e+01	-4.660040e+02
4.000000e-08	-3.215939e-06	-7.111760e-09	-2.153093e+01	-4.656877e+02
5.000000e-08	-3.210413e-06	-7.105756e-09	-2.149394e+01	-4.653001e+02
6.000000e-08	-3.203787e-06	-7.101664e-09	-2.144958e+01	-4.648975e+02
7.000000e-08	-3.196091e-06	-7.099902e-09	-2.139805e+01	-4.644964e+02
8.000000e-08	-3.187363e-06	-7.098538e-09	-2.133961e+01	-4.640613e+02
9.000000e-08	-3.177170e-06	-7.089213e-09	-2.127138e+01	-4.635219e+02
1.000000e-07	-3.165220e-06	-7.064867e-09	-2.119137e+01	-4.628115e+02
1.100000e-07	-3.151916e-06	-7.038920e-09	-2.110230e+01	-4.619033e+02
1.200000e-07	-3.137765e-06	-7.035524e-09	-2.100755e+01	-4.608242e+02
1.300000e-07	-3.122557e-06	-7.034179e-09	-2.090574e+01	-4.596393e+02
1.400000e-07	-3.105858e-06	-7.002470e-09	-2.079393e+01	-4.584190e+02
1.500000e-07	-3.088070e-06	-6.967585e-09	-2.067484e+01	-4.572097e+02
1.600000e-07	-3.069427e-06	-6.975123e-09	-2.055003e+01	-4.560226e+02
1.700000e-07	-3.049740e-06	-6.946686e-09	-2.041822e+01	-4.548413e+02
1.800000e-07	-3.029265e-06	-6.914508e-09	-2.028114e+01	-4.536373e+02
1.900000e-07	-3.008111e-06	-6.915613e-09	-2.013951e+01	-4.523798e+02
2.000000e-07	-2.985774e-06	-6.871395e-09	-1.998997e+01	-4.510360e+02
2.100000e-07	-2.962124e-06	-6.835226e-09	-1.983163e+01	-4.495675e+02
2.200000e-07	-2.937659e-06	-6.829438e-09	-1.966783e+01	-4.479332e+02
2.300000e-07	-2.912332e-06	-6.808611e-09	-1.949827e+01	-4.461027e+02
2.400000e-07	-2.885617e-06	-6.771344e-09	-1.931941e+01	-4.440734e+02
2.500000e-07	-2.857555e-06	-6.723232e-09	-1.913153e+01	-4.418786e+02
2.600000e-07	-2.828530e-06	-6.675260e-09	-1.893720e+01	-4.395776e+02
2.700000e-07	-2.798677e-06	-6.665202e-09	-1.873734e+01	-4.372293e+02
2.800000e-07	-2.767969e-06	-6.634630e-09	-1.853175e+01	-4.348632e+02
2.900000e-07	-2.736291e-06	-6.566403e-09	-1.831966e+01	-4.324639e+02
3.000000e-07	-2.703700e-06	-6.541521e-09	-1.810146e+01	-4.299782e+02
3.100000e-07	-2.670213e-06	-6.530446e-09	-1.787726e+01	-4.273409e+02
3.200000e-07	-2.635610e-06	-6.462899e-09	-1.764559e+01	-4.245060e+02
3.300000e-07	-2.599869e-06	-6.415458e-09	-1.740630e+01	-4.214682e+02
3.400000e-07	-2.563194e-06	-6.382114e-09	-1.716076e+01	-4.182668e+02
3.500000e-07	-2.525645e-06	-6.300783e-09	-1.690937e+01	-4.149707e+02
3.600000e-07	-2.487235e-06	-6.262612e-09	-1.665221e+01	-4.116527e+02
3.700000e-07	-2.447970e-06	-6.243420e-09	-1.638933e+01	-4.083624e+02
3.800000e-07	-2.407874e-06	-6.170596e-09	-1.612088e+01	-4.051042e+02
3.900000e-07	-2.367065e-06	-6.112960e-09	-1.584766e+01	-4.018304e+02
4.000000e-07	-2.325441e-06	-6.089768e-09	-1.556899e+01	-3.984526e+02
4.100000e-07	-2.282799e-06	-6.031322e-09	-1.528350e+01	-3.948729e+02
4.200000e-07	-2.239102e-06	-5.958678e-09	-1.499094e+01	-3.910257e+02
4.300000e-07	-2.194527e-06	-5.889531e-09	-1.469251e+01	-3.869130e+02
4.400000e-07	-2.149218e-06	-5.815092e-09	-1.438917e+01	-3.826136e+02
4.500000e-07	-2.103214e-06	-5.762532e-09	-1.408116e+01	-3.782550e+02
4.600000e-07	-2.056507e-06	-5.708897e-09	-1.376846e+01	-3.739560e+02
4.700000e-07	-2.009024e-06	-5.641136e-09	-1.345055e+01	-3.697654e+02
4.800000e-07	-1.960868e-06	-5.574399e-09	-1.312814e+01	-3.656304e+02
4.900000e-07	-1.912161e-06	-5.514522e-09	-1.280205e+01	-3.614155e+02
5.000000e-07	-1.862661e-06	-5.445605e-09	-1.247064e+01	-3.569655e+02
5.100000e-07	-1.812126e-06	-5.366078e-09	-1.213231e+01	-3.521815e+02
5.200000e-07	-1.760614e-06	-5.277523e-09	-1.178743e+01	-3.470698e+02
5.300000e-07	-1.708313e-06	-5.194961e-09	-1.143727e+01	-3.417365e+02
5.400000e-07	-1.655378e-06	-5.134028e-09	-1.108287e+01	-3.363317e+02
5.500000e-07	-1.601855e-06	-5.061482e-09	-1.072453e+01	-3.309732e+02
5.600000e-07	-1.547778e-06	-4.967472e-09	-1.036248e+01	-3.256934e+02
5.700000e-07	-1.493184e-06	-4.878566e-09	-9.996972e+00	-3.204320e+02
5.800000e-07	-1.438024e-06	-4.803822e-09	-9.627669e+00	-3.150766e+02
5.900000e-07	-1.382347e-06	-4.721285e-09	-9.254911e+00	-3.095221e+02
6.000000e-07	-1.326270e-06	-4.627147e-09	-8.879469e+00	-3.037168e+02
6.100000e-07	-1.269874e-06	-4.528971e-09	-8.501894e+00	-2.976730e+02
6.200000e-07	-1.213145e-06	-4.435784e-09	-8.122088e+00	-2.914442e+02
6.300000e-07	-1.156003e-06	-4.350097e-09	-7.739519e+00	-2.850885e+02
6.400000e-07	-1.098375e-06	-4.256182e-09	-7.353695e+00	-2.786404e+02
6.500000e-07	-1.040163e-06	-4.148510e-09	-6.963963e+00	-2.721035e+02
6.600000e-07	-9.812958e-07	-4.037267e-09	-6.569844e+00	-2.654597e+02
6.700000e-07	-9.217616e-07	-3.938295e-09	-6.171258e+00	-2.586845e+02
6.800000e-07	-8.617574e-07	-3.842328e-09	-5.769526e+00	-2.517552e+02
6.900000e-07	-8.015610e-07	-3.733774e-09	-5.366507e+00	-2.446527e+02
7.000000e-07	-7.412340e-07	-3.613871e-09	-4.962613e+00	-2.373597e+02
7.100000e-07	-6.807793e-07	-3.497380e-09	-4.557865e+00	-2.298633e+02
7.200000e-07	-6.202198e-07	-3.387111e-09	-4.152415e+00	-2.221623e+02
7.300000e-07	-5.595415e-07	-3.269538e-09	-3.746169e+00	-2.142739e+02
7.400000e-07	-4.987310e-07	-3.141084e-09	-3.339039e+00	-2.062327e+02
7.500000e-07	-4.377559e-07	-3.010707e-09	-2.930806e+00	-1.980776e+02
7.600000e-07	-3.765121e-07	-2.889562e-09	-2.520775e+00	-1.898336e+02
7.700000e-07	-3.150568e-07	-2.770928e-09	-2.109327e+00	-1.814959e+02
7.800000e-07	-2.535426e-07	-2.644007e-09	-1.697485e+00	-1.730277e+02
7.900000e-07	-1.919482e-07	-2.504875e-09	-1.285107e+00	-1.643719e+02
8.000000e-07	-1.302655e-07	-2.365218e-09	-8.721368e-01	-1.554732e+02
8.100000e-07	-6.853314e-08	-2.231658e-09	-4.588341e-01	-1.462993e+02
8.200000e-07	-6.722310e-09	-2.092593e-09	-4.500633e-02	-1.368525e+02
8.300000e-07	5.515595e-08	-1.939059e-09	3.692729e-01	-1.271672e+02
8.400000e-07	1.169352e-07	-1.780436e-09	7.828896e-01	-1.172955e+02
8.500000e-07	1.786023e-07	-1.629959e-09	1.195755e+00	-1.072870e+02
8.600000e-07	2.402554e-07	-1.482837e-09	1.608526e+00	-9.717054e+01
8.700000e-07	3.017881e-07	-1.330590e-09	2.020492e+00	-8.694410e+01
8.800000e-07	3.631639e-07	-1.168214e-09	2.431408e+00	-7.657596e+01
8.900000e-07	4.244054e-07	-1.001837e-09	2.841423e+00	-6.601688e+01
9.000000e-07	4.854332e-07	-8.387929e-10	3.250009e+00	-5.521917e+01
9.100000e-07	5.462329e-07	-6.751209e-10	3.657067e+00	-4.415632e+01
9.200000e-07	6.069014e-07	-5.006003e-10	4.063247e+00	-3.283555e+01
9.300000e-07	6.674760e-07	-3.179220e-10	4.468798e+00	-2.129805e+01
9.400000e-07	7.279165e-07	-1.401971e-10	4.873452e+00	-9.605902e+00
9.500000e-07	7.882326e-07	3.262847e-11	5.277272e+00	2.179621e+00
9.600000e-07	8.483859e-07	2.101609e-10	5.680002e+00	1.401967e+01
9.700000e-07	9.083169e-07	3.964392e-10	6.081244e+00	2.591012e+01
9.800000e-07	9.678398e-07	5.839401e-10	6.479754e+00	3.787891e+01
9.900000e-07	1.026815e-06	7.662467e-10	6.874599e+00	4.996892e+01
1.000000e-06	1.085136e-06	9.492780e-10	7.265059e+00	6.221343e+01
1.010000e-06	1.142729e-06	1.140326e-09	7.650652e+00	7.461464e+01
1.020000e-06	1.199781e-06	1.336237e-09	8.032616e+00	8.713466e+01
1.030000e-06	1.256482e-06	1.526783e-09	8.412237e+00	9.970359e+01
1.040000e-06	1.312916e-06	1.712460e-09	8.790066e+00	1.122412e+02
1.050000e-06	1.369031e-06	1.900851e-09	9.165760e+00	1.246825e+02
1.060000e-06	1.424732e-06	2.092869e-09	9.538682e+00	1.369957e+02
1.070000e-06	1.479952e-06	2.283052e-09	9.908380e+00	1.491826e+02
1.080000e-06	1.534658e-06	2.468450e-09	1.027464e+01	1.612637e+02
1.090000e-06	1.588857e-06	2.649523e-09	1.063751e+01	1.732538e+02
1.100000e-06	1.642483e-06	2.831713e-09	1.099654e+01	1.851432e+02
1.110000e-06	1.695504e-06	3.013795e-09	1.135152e+01	1.968945e+02
1.120000e-06	1.747921e-06	3.189176e-09	1.170245e+01	2.084554e+02
1.130000e-06	1.799615e-06	3.356921e-09	1.204855e+01	2.197798e+02
1.140000e-06	1.850395e-06	3.522732e-09	1.238852e+01	2.308431e+02
1.150000e-06	1.900176e-06	3.691140e-09	1.272181e+01	2.416414e+02
1.160000e-06	1.949106e-06	3.857368e-09	1.304940e+01	2.521774e+02
1.170000e-06	1.997389e-06	4.015083e-09	1.337266e+01	2.624428e+02
1.180000e-06	2.045005e-06	4.163663e-09	1.369145e+01	2.724126e+02
1.190000e-06	2.091959e-06	4.308938e-09	1.400581e+01	2.820565e+02
1.200000e-06	2.138227e-06	4.451695e-09	1.431558e+01	2.913616e+02
1.210000e-06	2.183685e-06	4.588689e-09	1.461992e+01	3.003482e+02
1.220000e-06	2.228481e-06	4.719939e-09	1.491983e+01	3.090660e+02
1.230000e-06	2.272724e-06	4.847794e-09	1.521604e+01	3.175676e+02
1.240000e-06	2.316197e-06	4.975712e-09	1.550710e+01	3.258748e+02
1.250000e-06	2.358629e-06	5.103251e-09	1.579118e+01	3.339581e+02
1.260000e-06	2.399997e-06	5.223181e-09	1.606814e+01	3.417461e+02
1.270000e-06	2.440495e-06	5.332555e-09	1.633929e+01	3.491616e+02
1.280000e-06	2.480209e-06	5.435620e-09	1.660517e+01	3.561642e+02
1.290000e-06	2.519070e-06	5.537345e-09	1.686535e+01	3.627748e+02
1.300000e-06	2.557104e-06	5.634952e-09	1.711999e+01	3.690669e+02
1.310000e-06	2.594376e-06	5.725581e-09	1.736953e+01	3.751298e+02
1.320000e-06	2.630911e-06	5.812904e-09	1.761413e+01	3.810250e+02
1.330000e-06	2.666536e-06	5.901787e-09	1.785265e+01	3.867609e+02
1.340000e-06	2.701003e-06	5.990135e-09	1.808340e+01	3.922975e+02
1.350000e-06	2.734299e-06	6.070555e-09	1.830632e+01	3.975746e+02
1.360000e-06	2.766557e-06	6.143451e-09	1.852229e+01	4.025463e+02
1.370000e-06	2.797946e-06	6.213651e-09	1.873244e+01	4.072019e+02
1.380000e-06	2.828496e-06	6.281788e-09	1.893698e+01	4.115670e+02
1.390000e-06	2.858135e-06	6.345012e-09	1.913541e+01	4.156901e+02
1.400000e-06	2.886912e-06	6.402715e-09	1.932808e+01	4.196241e+02
1.410000e-06	2.914752e-06	6.459511e-09	1.951446e+01	4.234138e+02
1.420000e-06	2.941408e-06	6.516147e-09	1.969293e+01	4.270875e+02
1.430000e-06	2.966796e-06	6.571857e-09	1.986290e+01	4.306516e+02
1.440000e-06	2.991020e-06	6.624237e-09	2.002508e+01	4.340863e+02
1.450000e-06	3.014193e-06	6.671533e-09	2.018023e+01	4.373483e+02
1.460000e-06	3.036348e-06	6.716564e-09	2.032856e+01	4.403833e+02
1.470000e-06	3.057577e-06	6.759369e-09	2.047069e+01	4.431499e+02
1.480000e-06	3.077936e-06	6.796811e-09	2.060699e+01	4.456442e+02
1.490000e-06	3.097286e-06	6.828684e-09	2.073654e+01	4.479101e+02
1.500000e-06	3.115517e-06	6.859618e-09	2.085860e+01	4.500252e+02
1.510000e-06	3.132634e-06	6.891628e-09	2.097320e+01	4.520666e+02
1.520000e-06	3.148593e-06	6.924202e-09	2.108005e+01	4.540737e+02
1.530000e-06	3.163303e-06	6.954565e-09	2.117853e+01	4.560298e+02
1.540000e-06	3.176864e-06	6.981190e-09	2.126933e+01	4.578742e+02
1.550000e-06	3.189317e-06	7.005551e-09	2.135270e+01	4.595374e+02
1.560000e-06	3.200344e-06	7.027443e-09	2.142652e+01	4.609788e+02
1.570000e-06	3.209959e-06	7.044946e-09	2.149090e+01	4.622047e+02
1.580000e-06	3.218372e-06	7.059143e-09	2.154722e+01	4.632589e+02
1.590000e-06	3.225704e-06	7.073891e-09	2.159631e+01	4.641955e+02
1.600000e-06	3.231990e-06	7.089773e-09	2.163840e+01	4.650524e+02
1.610000e-06	3.237218e-06	7.102813e-09	2.167340e+01	4.658420e+02
1.620000e-06	3.241453e-06	7.111181e-09	2.170175e+01	4.665583e+02
1.630000e-06	3.244445e-06	7.118607e-09	2.172178e+01	4.671918e+02
1.640000e-06	3.246112e-06	7.127032e-09	2.173295e+01	4.677352e+02
1.650000e-06	3.246665e-06	7.133725e-09	2.173665e+01	4.681791e+02
1.660000e-06	3.246204e-06	7.136549e-09	2.173356e+01	4.685035e+02
1.670000e-06	3.244686e-06	7.137297e-09	2.172340e+01	4.686782e+02
1.680000e-06	3.242133e-06	7.139490e-09	2.170630e+01	4.686782e+02
1.690000e-06	3.238691e-06	7.140781e-09	2.168326e+01	4.685038e+02
1.700000e-06	3.234242e-06	7.136938e-09	2.165348e+01	4.681929e+02
1.710000e-06	3.228508e-06	7.128614e-09	2.161509e+01	4.678081e+02
1.720000e-06	3.221635e-06	7.118574e-09	2.156907e+01	4.674068e+02
1.730000e-06	3.213900e-06	7.106399e-09	2.151728e+01	4.670074e+02
1.740000e-06	3.205093e-06	7.093118e-09	2.145832e+01	4.665761e+02
1.750000e-06	3.194607e-06	7.089777e-09	2.138811e+01	4.660431e+02
1.760000e-06	3.181976e-06	7.089327e-09	2.130355e+01	4.653410e+02
1.770000e-06	3.167795e-06	7.086194e-09	2.120861e+01	4.644412e+02
1.780000e-06	3.153253e-06	7.052069e-09	2.111125e+01	4.633687e+02
1.790000e-06	3.138319e-06	7.038589e-09	2.101127e+01	4.621877e+02
1.800000e-06	3.122042e-06	7.039221e-09	2.090228e+01	4.609691e+02
1.810000e-06	3.104503e-06	6.991948e-09	2.078486e+01	4.597605e+02
1.820000e-06	3.086409e-06	6.971047e-09	2.066372e+01	4.585742e+02
1.830000e-06	3.067323e-06	6.967960e-09	2.053594e+01	4.573946e+02
1.840000e-06	3.046604e-06	6.945047e-09	2.039723e+01	4.561933e+02
1.850000e-06	3.024672e-06	6.919584e-09	2.025039e+01	4.549397e+02
1.860000e-06	3.001846e-06	6.926299e-09	2.009757e+01	4.536010e+02
1.870000e-06	2.977954e-06	6.916902e-09	1.993761e+01	4.521391e+02
1.880000e-06	2.953011e-06	6.860979e-09	1.977061e+01	4.505128e+02
1.890000e-06	2.927053e-06	6.835203e-09	1.959682e+01	4.486910e+02
1.900000e-06	2.900176e-06	6.825114e-09	1.941688e+01	4.466699e+02
1.910000e-06	2.872483e-06	6.796493e-09	1.923147e+01	4.444815e+02
1.920000e-06	2.843522e-06	6.753038e-09	1.903758e+01	4.421847e+02
1.930000e-06	2.813170e-06	6.695746e-09	1.883437e+01	4.398387e+02
1.940000e-06	2.781910e-06	6.683749e-09	1.862508e+01	4.374747e+02
1.950000e-06	2.749708e-06	6.665374e-09	1.840948e+01	4.350788e+02
1.960000e-06	2.716584e-06	6.582013e-09	1.818772e+01	4.325988e+02
1.970000e-06	2.682719e-06	6.551865e-09	1.796099e+01	4.299693e+02
1.980000e-06	2.648002e-06	6.536842e-09	1.772855e+01	4.271432e+02
1.990000e-06	2.612493e-06	6.455749e-09	1.749082e+01	4.241137e+02
2.000000e-06	2.576035e-06	6.422024e-09	1.724673e+01	4.209185e+02
2.010000e-06	2.538255e-06	6.401392e-09	1.699379e+01	4.176258e+02
2.020000e-06	2.499363e-06	6.304213e-09	1.673341e+01	4.143091e+02
2.030000e-06	2.459663e-06	6.262743e-09	1.646761e+01	4.110188e+02
2.040000e-06	2.419165e-06	6.243191e-09	1.619647e+01	4.077614e+02
2.050000e-06	2.377907e-06	6.156582e-09	1.592025e+01	4.044909e+02
2.060000e-06	2.335831e-06	6.100709e-09	1.563855e+01	4.011200e+02
2.070000e-06	2.293010e-06	6.057779e-09	1.535186e+01	3.975504e+02
2.080000e-06	2.249606e-06	6.003851e-09	1.506127e+01	3.937147e+02
2.090000e-06	2.205510e-06	5.958042e-09	1.476604e+01	3.896119e+02
2.100000e-06	2.160501e-06	5.885410e-09	1.446470e+01	3.853186e+02
2.110000e-06	2.114609e-06	5.809217e-09	1.415746e+01	3.809613e+02
2.120000e-06	2.068113e-06	5.747277e-09	1.384616e+01	3.766602e+02
2.130000e-06	2.020939e-06	5.677082e-09	1.353033e+01	3.724674e+02
2.140000e-06	1.972791e-06	5.612110e-09	1.320797e+01	3.683338e+02
2.150000e-06	1.923794e-06	5.547479e-09	1.287993e+01	3.641260e+02
2.160000e-06	1.874180e-06	5.478353e-09	1.254777e+01	3.596880e+02
2.170000e-06	1.823930e-06	5.418854e-09	1.221134e+01	3.549180e+02
2.180000e-06	1.772968e-06	5.350147e-09	1.187014e+01	3.498181e+02
2.190000e-06	1.721326e-06	5.258813e-09	1.152440e+01	3.444916e+02
2.200000e-06	1.668967e-06	5.158372e-09	1.117385e+01	3.390883e+02
2.210000e-06	1.615617e-06	5.082419e-09	1.081667e+01	3.337285e+02
2.220000e-06	1.561353e-06	5.012627e-09	1.045337e+01	3.284479e+02
2.230000e-06	1.506560e-06	4.925982e-09	1.008652e+01	3.231891e+02
2.240000e-06	1.451401e-06	4.842994e-09	9.717233e+00	3.178405e+02
2.250000e-06	1.395875e-06	4.761743e-09	9.345477e+00	3.122958e+02
2.260000e-06	1.339905e-06	4.679894e-09	8.970755e+00	3.065010e+02
2.270000e-06	1.283383e-06	4.590622e-09	8.592337e+00	3.004664e+02
2.280000e-06	1.226367e-06	4.489286e-09	8.210609e+00	2.942446e+02
2.290000e-06	1.169026e-06	4.386791e-09	7.826707e+00	2.878940e+02
2.300000e-06	1.111362e-06	4.288013e-09	7.440649e+00	2.814504e+02
2.310000e-06	1.053250e-06	4.193163e-09	7.051579e+00	2.749183e+02
2.320000e-06	9.946471e-07	4.094311e-09	6.659231e+00	2.682803e+02
2.330000e-06	9.356905e-07	3.984924e-09	6.264513e+00	2.615116e+02
2.340000e-06	8.765408e-07	3.876418e-09	5.868501e+00	2.545896e+02
2.350000e-06	8.172729e-07	3.773692e-09	5.471699e+00	2.474950e+02
2.360000e-06	7.578871e-07	3.666122e-09	5.074107e+00	2.402105e+02
2.370000e-06	6.983451e-07	3.548277e-09	4.675469e+00	2.327229e+02
2.380000e-06	6.385941e-07	3.426177e-09	4.275431e+00	2.250305e+02
2.390000e-06	5.786197e-07	3.309244e-09	3.873899e+00	2.171498e+02
2.400000e-06	5.183566e-07	3.191026e-09	3.470434e+00	2.091147e+02
2.410000e-06	4.577107e-07	3.065327e-09	3.064405e+00	2.009646e+02
2.420000e-06	3.967713e-07	2.933285e-09	2.656411e+00	1.927250e+02
2.430000e-06	3.356614e-07	2.801570e-09	2.247276e+00	1.843926e+02
2.440000e-06	2.744155e-07	2.677527e-09	1.837231e+00	1.759314e+02
2.450000e-06	2.130208e-07	2.549633e-09	1.426189e+00	1.672848e+02
2.460000e-06	1.514605e-07	2.411351e-09	1.014039e+00	1.583969e+02
2.470000e-06	8.974754e-08	2.267384e-09	6.008660e-01	1.492345e+02
2.480000e-06	2.789944e-08	2.124628e-09	1.867887e-01	1.397984e+02
2.490000e-06	-3.396506e-08	1.981474e-09	-2.273984e-01	1.301222e+02
2.500000e-06	-9.573393e-08	1.830720e-09	-6.409453e-01	1.202577e+02
2.510000e-06	-1.574134e-07	1.674626e-09	-1.053893e+00	1.102548e+02
2.520000e-06	-2.189841e-07	1.518794e-09	-1.466114e+00	1.001435e+02
2.530000e-06	-2.803791e-07	1.365034e-09	-1.877158e+00	8.992281e+01
2.540000e-06	-3.415700e-07	1.209965e-09	-2.286835e+00	7.956196e+01
2.550000e-06	-4.025808e-07	1.048647e-09	-2.695306e+00	6.901203e+01
2.560000e-06	-4.634149e-07	8.813974e-10	-3.102595e+00	5.822491e+01
2.570000e-06	-5.239693e-07	7.136043e-10	-3.508011e+00	4.717305e+01
2.580000e-06	-5.842256e-07	5.444615e-10	-3.911431e+00	3.586240e+01
2.590000e-06	-6.441985e-07	3.698271e-10	-4.312954e+00	2.433308e+01
2.600000e-06	-7.038875e-07	1.881510e-10	-4.712576e+00	1.264676e+01
2.610000e-06	-7.633641e-07	4.901178e-12	-5.110776e+00	8.651470e-01
2.620000e-06	-8.226837e-07	-1.741385e-10	-5.507925e+00	-1.097181e+01
2.630000e-06	-8.818601e-07	-3.509382e-10	-5.904114e+00	-2.285870e+01
2.640000e-06	-9.408857e-07	-5.306398e-10	-6.299295e+00	-3.482253e+01
2.650000e-06	-9.997026e-07	-7.161836e-10	-6.693078e+00	-4.690607e+01
2.660000e-06	-1.058138e-06	-9.035021e-10	-7.084306e+00	-5.914337e+01
2.670000e-06	-1.116069e-06	-1.090492e-09	-7.472160e+00	-7.153796e+01
2.680000e-06	-1.173592e-06	-1.280271e-09	-7.857280e+00	-8.405337e+01
2.690000e-06	-1.230737e-06	-1.473872e-09	-8.239867e+00	-9.662051e+01
2.700000e-06	-1.287429e-06	-1.666970e-09	-8.619428e+00	-1.091591e+02
2.710000e-06	-1.343658e-06	-1.856204e-09	-8.995884e+00	-1.216032e+02
2.720000e-06	-1.399437e-06	-2.042231e-09	-9.369325e+00	-1.339196e+02
2.730000e-06	-1.454821e-06	-2.226385e-09	-9.740128e+00	-1.461093e+02
2.740000e-06	-1.509824e-06	-2.409495e-09	-1.010838e+01	-1.581924e+02
2.750000e-06	-1.564310e-06	-2.591539e-09	-1.047316e+01	-1.701843e+02
2.760000e-06	-1.618021e-06	-2.771714e-09	-1.083277e+01	-1.820764e+02
2.770000e-06	-1.670800e-06	-2.949984e-09	-1.118612e+01	-1.938320e+02
2.780000e-06	-1.722710e-06	-3.128906e-09	-1.153366e+01	-2.053991e+02
2.790000e-06	-1.773976e-06	-3.307297e-09	-1.187689e+01	-2.167311e+02
2.800000e-06	-1.824636e-06	-3.476802e-09	-1.221606e+01	-2.278025e+02
2.810000e-06	-1.874613e-06	-3.636547e-09	-1.255066e+01	-2.386088e+02
2.820000e-06	-1.923892e-06	-3.793870e-09	-1.288059e+01	-2.491528e+02
2.830000e-06	-1.972302e-06	-3.951226e-09	-1.320470e+01	-2.594267e+02
2.840000e-06	-2.019677e-06	-4.105196e-09	-1.352187e+01	-2.694062e+02
2.850000e-06	-2.066116e-06	-4.251895e-09	-1.383279e+01	-2.790607e+02
2.860000e-06	-2.111866e-06	-4.393126e-09	-1.413909e+01	-2.883763e+02
2.870000e-06	-2.156975e-06	-4.532469e-09	-1.444110e+01	-2.973721e+02
2.880000e-06	-2.201399e-06	-4.667840e-09	-1.473852e+01	-3.060971e+02
2.890000e-06	-2.245199e-06	-4.796972e-09	-1.503176e+01	-3.146043e+02
2.900000e-06	-2.288400e-06	-4.921047e-09	-1.532099e+01	-3.229172e+02
2.910000e-06	-2.330948e-06	-5.042487e-09	-1.560586e+01	-3.310081e+02
2.920000e-06	-2.372733e-06	-5.162174e-09	-1.588561e+01	-3.388067e+02
2.930000e-06	-2.413735e-06	-5.277635e-09	-1.616012e+01	-3.462351e+02
2.940000e-06	-2.453954e-06	-5.385151e-09	-1.642939e+01	-3.532510e+02
2.950000e-06	-2.493404e-06	-5.484130e-09	-1.669351e+01	-3.598732e+02
2.960000e-06	-2.532044e-06	-5.580796e-09	-1.695221e+01	-3.661737e+02
2.970000e-06	-2.569571e-06	-5.676631e-09	-1.720345e+01	-3.722419e+02
2.980000e-06	-2.605879e-06	-5.767985e-09	-1.744654e+01	-3.781412e+02
2.990000e-06	-2.641274e-06	-5.853791e-09	-1.768351e+01	-3.838818e+02
3.000000e-06	-2.675902e-06	-5.936860e-09	-1.791535e+01	-3.894251e+02
3.010000e-06	-2.709583e-06	-6.019296e-09	-1.814085e+01	-3.947110e+02
3.020000e-06	-2.742251e-06	-6.097684e-09	-1.835956e+01	-3.996926e+02
3.030000e-06	-2.774102e-06	-6.168281e-09	-1.857280e+01	-4.043578e+02
3.040000e-06	-2.805151e-06	-6.231557e-09	-1.878068e+01	-4.087311e+02
3.050000e-06	-2.835084e-06	-6.293253e-09	-1.898108e+01	-4.128604e+02
3.060000e-06	-2.863691e-06	-6.355336e-09	-1.917261e+01	-4.167989e+02
3.070000e-06	-2.891197e-06	-6.415014e-09	-1.935676e+01	-4.205918e+02
3.080000e-06	-2.917818e-06	-6.471109e-09	-1.953500e+01	-4.242680e+02
3.090000e-06	-2.943434e-06	-6.525564e-09	-1.970650e+01	-4.278346e+02
3.100000e-06	-2.967977e-06	-6.579426e-09	-1.987081e+01	-4.312732e+02
3.110000e-06	-2.991626e-06	-6.630451e-09	-2.002915e+01	-4.345409e+02
3.120000e-06	-3.014394e-06	-6.676963e-09	-2.018158e+01	-4.375834e+02
3.130000e-06	-3.035868e-06	-6.717705e-09	-2.032535e+01	-4.403585e+02
3.140000e-06	-3.056041e-06	-6.754964e-09	-2.046041e+01	-4.428606e+02
3.150000e-06	-3.075204e-06	-6.791046e-09	-2.058870e+01	-4.451320e+02
3.160000e-06	-3.093360e-06	-6.826341e-09	-2.071026e+01	-4.472496e+02
3.170000e-06	-3.110478e-06	-6.859042e-09	-2.082486e+01	-4.492912e+02
3.180000e-06	-3.126607e-06	-6.888424e-09	-2.093285e+01	-4.512981e+02
3.190000e-06	-3.141737e-06	-6.917323e-09	-2.103415e+01	-4.532554e+02
3.200000e-06	-3.155546e-06	-6.946701e-09	-2.112660e+01	-4.551036e+02
3.210000e-06	-3.167882e-06	-6.974333e-09	-2.120919e+01	-4.567729e+02
3.220000e-06	-3.178914e-06	-6.996224e-09	-2.128305e+01	-4.582209e+02
3.230000e-06	-3.188810e-06	-7.012971e-09	-2.134930e+01	-4.594525e+02
3.240000e-06	-3.197604e-06	-7.028042e-09	-2.140818e+01	-4.605104e+02
3.250000e-06	-3.205365e-06	-7.043472e-09	-2.146014e+01	-4.614490e+02
3.260000e-06	-3.212167e-06	-7.057864e-09	-2.150568e+01	-4.623069e+02
3.270000e-06	-3.217667e-06	-7.069747e-09	-2.154251e+01	-4.630975e+02
3.280000e-06	-3.221806e-06	-7.079427e-09	-2.157021e+01	-4.638152e+02
3.290000e-06	-3.224870e-06	-7.089645e-09	-2.159073e+01	-4.644503e+02
3.300000e-06	-3.226919e-06	-7.101218e-09	-2.160445e+01	-4.649956e+02
3.310000e-06	-3.227915e-06	-7.109969e-09	-2.161112e+01	-4.654419e+02
3.320000e-06	-3.227908e-06	-7.113745e-09	-2.161107e+01	-4.657696e+02
