# Temperatura_=_20.0
# Concentracion g/m^3_=_10000.0
# C_Vs_to_Am_M_A/Vsm_=_65563218390.804596
# pendiente_HvsI_1/m_=_3716.3
# ordenada_HvsI_A/m_=_1297.0
# frecuencia_Hz_=_301113.7150661712

Tiempo_(s)	Campo_(V.s)	Magnetizacion_(V.s)	Campo_(kA/m)	Magnetizacion_(A/m)
0.000000e+00	-3.231220e-06	-7.103673e-09	-2.160629e+01	-4.654011e+02
1.000000e-08	-3.230022e-06	-7.109719e-09	-2.159828e+01	-4.654350e+02
2.000000e-08	-3.227477e-06	-7.113866e-09	-2.158126e+01	-4.653780e+02
3.000000e-08	-3.223588e-06	-7.111029e-09	-2.155526e+01	-4.652388e+02
4.000000e-08	-3.218828e-06	-7.101786e-09	-2.152343e+01	-4.650240e+02
5.000000e-08	-3.213164e-06	-7.093095e-09	-2.148555e+01	-4.647464e+02
6.000000e-08	-3.206457e-06	-7.083833e-09	-2.144071e+01	-4.644181e+02
7.000000e-08	-3.198706e-06	-7.066421e-09	-2.138888e+01	-4.640337e+02
8.000000e-08	-3.189840e-06	-7.085923e-09	-2.132960e+01	-4.635623e+02
9.000000e-08	-3.179358e-06	-7.137383e-09	-2.125950e+01	-4.629574e+02
1.000000e-07	-3.167077e-06	-7.121820e-09	-2.117739e+01	-4.621825e+02
1.100000e-07	-3.153628e-06	-6.982125e-09	-2.108746e+01	-4.612341e+02
1.200000e-07	-3.139425e-06	-6.896448e-09	-2.099249e+01	-4.601459e+02
1.300000e-07	-3.124044e-06	-7.067061e-09	-2.088963e+01	-4.589699e+02
1.400000e-07	-3.107086e-06	-7.129334e-09	-2.077624e+01	-4.577461e+02
1.500000e-07	-3.089189e-06	-6.831919e-09	-2.065657e+01	-4.564833e+02
1.600000e-07	-3.070568e-06	-6.924409e-09	-2.053206e+01	-4.551609e+02
1.700000e-07	-3.050779e-06	-7.036270e-09	-2.039974e+01	-4.537511e+02
1.800000e-07	-3.030157e-06	-6.795566e-09	-2.026184e+01	-4.522417e+02
1.900000e-07	-3.008910e-06	-6.877479e-09	-2.011976e+01	-4.506444e+02
2.000000e-07	-2.986385e-06	-6.987536e-09	-1.996915e+01	-4.489832e+02
2.100000e-07	-2.962534e-06	-6.727116e-09	-1.980966e+01	-4.472736e+02
2.200000e-07	-2.937952e-06	-6.661119e-09	-1.964529e+01	-4.455086e+02
2.300000e-07	-2.912471e-06	-6.893634e-09	-1.947491e+01	-4.436619e+02
2.400000e-07	-2.885499e-06	-6.775641e-09	-1.929455e+01	-4.417051e+02
2.500000e-07	-2.857220e-06	-6.623165e-09	-1.910546e+01	-4.396236e+02
2.600000e-07	-2.828023e-06	-6.643795e-09	-1.891022e+01	-4.374208e+02
2.700000e-07	-2.798002e-06	-6.620961e-09	-1.870948e+01	-4.351081e+02
2.800000e-07	-2.767149e-06	-6.625233e-09	-1.850317e+01	-4.326894e+02
2.900000e-07	-2.735309e-06	-6.589237e-09	-1.829027e+01	-4.301546e+02
3.000000e-07	-2.702666e-06	-6.434381e-09	-1.807200e+01	-4.274855e+02
3.100000e-07	-2.669111e-06	-6.462772e-09	-1.784762e+01	-4.246712e+02
3.200000e-07	-2.634223e-06	-6.476721e-09	-1.761433e+01	-4.217214e+02
3.300000e-07	-2.598197e-06	-6.367416e-09	-1.737344e+01	-4.186674e+02
3.400000e-07	-2.561362e-06	-6.359105e-09	-1.712713e+01	-4.155513e+02
3.500000e-07	-2.523642e-06	-6.247617e-09	-1.687491e+01	-4.124088e+02
3.600000e-07	-2.485058e-06	-6.174943e-09	-1.661691e+01	-4.092555e+02
3.700000e-07	-2.445640e-06	-6.239733e-09	-1.635333e+01	-4.060799e+02
3.800000e-07	-2.405445e-06	-6.193794e-09	-1.608456e+01	-4.028446e+02
3.900000e-07	-2.364596e-06	-6.018811e-09	-1.581141e+01	-3.994940e+02
4.000000e-07	-2.322817e-06	-5.999447e-09	-1.553205e+01	-3.959677e+02
4.100000e-07	-2.279876e-06	-6.011175e-09	-1.524491e+01	-3.922216e+02
4.200000e-07	-2.235920e-06	-5.939983e-09	-1.495099e+01	-3.882504e+02
4.300000e-07	-2.191187e-06	-5.845086e-09	-1.465188e+01	-3.841016e+02
4.400000e-07	-2.145714e-06	-5.738077e-09	-1.434781e+01	-3.798682e+02
4.500000e-07	-2.099555e-06	-5.700578e-09	-1.403915e+01	-3.756546e+02
4.600000e-07	-2.052719e-06	-5.682925e-09	-1.372597e+01	-3.715251e+02
4.700000e-07	-2.005057e-06	-5.628643e-09	-1.340727e+01	-3.674615e+02
4.800000e-07	-1.956720e-06	-5.506516e-09	-1.308405e+01	-3.633569e+02
4.900000e-07	-1.907759e-06	-5.438147e-09	-1.275667e+01	-3.590565e+02
5.000000e-07	-1.857918e-06	-5.403118e-09	-1.242340e+01	-3.544316e+02
5.100000e-07	-1.807022e-06	-5.347341e-09	-1.208307e+01	-3.494475e+02
5.200000e-07	-1.755167e-06	-5.244941e-09	-1.173633e+01	-3.441879e+02
5.300000e-07	-1.702616e-06	-5.119482e-09	-1.138493e+01	-3.388179e+02
5.400000e-07	-1.649432e-06	-5.062486e-09	-1.102930e+01	-3.335036e+02
5.500000e-07	-1.595642e-06	-5.027794e-09	-1.066963e+01	-3.283303e+02
5.600000e-07	-1.541363e-06	-4.948682e-09	-1.030668e+01	-3.232626e+02
5.700000e-07	-1.486581e-06	-4.823003e-09	-9.940368e+00	-3.181668e+02
5.800000e-07	-1.431206e-06	-4.738098e-09	-9.570084e+00	-3.128797e+02
5.900000e-07	-1.375374e-06	-4.677370e-09	-9.196751e+00	-3.072863e+02
6.000000e-07	-1.319228e-06	-4.610717e-09	-8.821317e+00	-3.013657e+02
6.100000e-07	-1.262767e-06	-4.501685e-09	-8.443780e+00	-2.951874e+02
6.200000e-07	-1.205959e-06	-4.374167e-09	-8.063923e+00	-2.888665e+02
6.300000e-07	-1.148684e-06	-4.288128e-09	-7.680936e+00	-2.825057e+02
6.400000e-07	-1.090782e-06	-4.222635e-09	-7.293762e+00	-2.761530e+02
6.500000e-07	-1.032268e-06	-4.133945e-09	-6.902496e+00	-2.697902e+02
6.600000e-07	-9.731850e-07	-3.998464e-09	-6.507425e+00	-2.633494e+02
6.700000e-07	-9.135549e-07	-3.884985e-09	-6.108695e+00	-2.567440e+02
6.800000e-07	-8.535375e-07	-3.802165e-09	-5.707374e+00	-2.498997e+02
6.900000e-07	-7.933387e-07	-3.717378e-09	-5.304841e+00	-2.427772e+02
7.000000e-07	-7.330302e-07	-3.591837e-09	-4.901574e+00	-2.353817e+02
7.100000e-07	-6.725777e-07	-3.448930e-09	-4.497345e+00	-2.277595e+02
7.200000e-07	-6.120124e-07	-3.335509e-09	-4.092361e+00	-2.199823e+02
7.300000e-07	-5.513077e-07	-3.238657e-09	-3.686446e+00	-2.121229e+02
7.400000e-07	-4.904616e-07	-3.125751e-09	-3.279584e+00	-2.042280e+02
7.500000e-07	-4.293999e-07	-2.981367e-09	-2.871281e+00	-1.962992e+02
7.600000e-07	-3.680100e-07	-2.848263e-09	-2.460783e+00	-1.882905e+02
7.700000e-07	-3.064073e-07	-2.735911e-09	-2.048863e+00	-1.801249e+02
7.800000e-07	-2.447652e-07	-2.629266e-09	-1.636679e+00	-1.717223e+02
7.900000e-07	-1.831105e-07	-2.492721e-09	-1.224411e+00	-1.630290e+02
8.000000e-07	-1.213382e-07	-2.334974e-09	-8.113557e-01	-1.540336e+02
8.100000e-07	-5.946325e-08	-2.193040e-09	-3.976146e-01	-1.447675e+02
8.200000e-07	2.436410e-09	-2.068388e-09	1.629162e-02	-1.352895e+02
8.300000e-07	6.432717e-08	-1.931064e-09	4.301383e-01	-1.256635e+02
8.400000e-07	1.261402e-07	-1.763962e-09	8.434653e-01	-1.159369e+02
8.500000e-07	1.879118e-07	-1.601949e-09	1.256516e+00	-1.061255e+02
8.600000e-07	2.496393e-07	-1.457785e-09	1.669270e+00	-9.620787e+01
8.700000e-07	3.112119e-07	-1.321117e-09	2.080990e+00	-8.613125e+01
8.800000e-07	3.726192e-07	-1.161243e-09	2.491603e+00	-7.582861e+01
8.900000e-07	4.338651e-07	-9.821266e-10	2.901139e+00	-6.524358e+01
9.000000e-07	4.949215e-07	-8.107208e-10	3.309406e+00	-5.435470e+01
9.100000e-07	5.557791e-07	-6.536439e-10	3.716345e+00	-4.318798e+01
9.200000e-07	6.164415e-07	-4.925329e-10	4.121978e+00	-3.181014e+01
9.300000e-07	6.769490e-07	-3.074978e-10	4.526575e+00	-2.030310e+01
9.400000e-07	7.373656e-07	-1.200165e-10	4.930564e+00	-8.730982e+00
9.500000e-07	7.976829e-07	5.273601e-11	5.333889e+00	2.884312e+00
9.600000e-07	8.578497e-07	2.166641e-10	5.736209e+00	1.456645e+01
9.700000e-07	9.178064e-07	3.980921e-10	6.137123e+00	2.636617e+01
9.800000e-07	9.774243e-07	5.948875e-10	6.535772e+00	3.833157e+01
9.900000e-07	1.036558e-06	7.857949e-10	6.931182e+00	5.048288e+01
1.000000e-06	1.095052e-06	9.632476e-10	7.322319e+00	6.280277e+01
1.010000e-06	1.152802e-06	1.143796e-09	7.708478e+00	7.524299e+01
1.020000e-06	1.209903e-06	1.342436e-09	8.090296e+00	8.773983e+01
1.030000e-06	1.266578e-06	1.541428e-09	8.469262e+00	1.002290e+02
1.040000e-06	1.322992e-06	1.728931e-09	8.846492e+00	1.126557e+02
1.050000e-06	1.379170e-06	1.905748e-09	9.222136e+00	1.249803e+02
1.060000e-06	1.434928e-06	2.091199e-09	9.594976e+00	1.371834e+02
1.070000e-06	1.490153e-06	2.287415e-09	9.964247e+00	1.492684e+02
1.080000e-06	1.544888e-06	2.478128e-09	1.033025e+01	1.612579e+02
1.090000e-06	1.599114e-06	2.653983e-09	1.069284e+01	1.731794e+02
1.100000e-06	1.652776e-06	2.826572e-09	1.105166e+01	1.850432e+02
1.110000e-06	1.705826e-06	3.009500e-09	1.140640e+01	1.968238e+02
1.120000e-06	1.758276e-06	3.193861e-09	1.175711e+01	2.084556e+02
1.130000e-06	1.809982e-06	3.365633e-09	1.210286e+01	2.198510e+02
1.140000e-06	1.860698e-06	3.526686e-09	1.244199e+01	2.309318e+02
1.150000e-06	1.910346e-06	3.690283e-09	1.277397e+01	2.416581e+02
1.160000e-06	1.959140e-06	3.855974e-09	1.310024e+01	2.520389e+02
1.170000e-06	2.007359e-06	4.014566e-09	1.342267e+01	2.621172e+02
1.180000e-06	2.054963e-06	4.159908e-09	1.374098e+01	2.719429e+02
1.190000e-06	2.101859e-06	4.298954e-09	1.405456e+01	2.815457e+02
1.200000e-06	2.148063e-06	4.443759e-09	1.436352e+01	2.909254e+02
1.210000e-06	2.193502e-06	4.590514e-09	1.466735e+01	3.000589e+02
1.220000e-06	2.238226e-06	4.728157e-09	1.496641e+01	3.089145e+02
1.230000e-06	2.282442e-06	4.852282e-09	1.526207e+01	3.174632e+02
1.240000e-06	2.325961e-06	4.972106e-09	1.555307e+01	3.256823e+02
1.250000e-06	2.368341e-06	5.096524e-09	1.583646e+01	3.335558e+02
1.260000e-06	2.409536e-06	5.218251e-09	1.611192e+01	3.410785e+02
1.270000e-06	2.449873e-06	5.326693e-09	1.638164e+01	3.482646e+02
1.280000e-06	2.489484e-06	5.423879e-09	1.664650e+01	3.551529e+02
1.290000e-06	2.528303e-06	5.523622e-09	1.690608e+01	3.617993e+02
1.300000e-06	2.566304e-06	5.627168e-09	1.716018e+01	3.682529e+02
1.310000e-06	2.603421e-06	5.726510e-09	1.740837e+01	3.745278e+02
1.320000e-06	2.639792e-06	5.814919e-09	1.765158e+01	3.805892e+02
1.330000e-06	2.675329e-06	5.898577e-09	1.788920e+01	3.863666e+02
1.340000e-06	2.709597e-06	5.983161e-09	1.811834e+01	3.917924e+02
1.350000e-06	2.742655e-06	6.064422e-09	1.833939e+01	3.968426e+02
1.360000e-06	2.774870e-06	6.135193e-09	1.855480e+01	4.015566e+02
1.370000e-06	2.806231e-06	6.197223e-09	1.876450e+01	4.060211e+02
1.380000e-06	2.836671e-06	6.260193e-09	1.896805e+01	4.103292e+02
1.390000e-06	2.866182e-06	6.327920e-09	1.916538e+01	4.145384e+02
1.400000e-06	2.894808e-06	6.393890e-09	1.935680e+01	4.186530e+02
1.410000e-06	2.922567e-06	6.451591e-09	1.954241e+01	4.226366e+02
1.420000e-06	2.949078e-06	6.504988e-09	1.971969e+01	4.264428e+02
1.430000e-06	2.974232e-06	6.560354e-09	1.988788e+01	4.300399e+02
1.440000e-06	2.998334e-06	6.617117e-09	2.004905e+01	4.334163e+02
1.450000e-06	3.021463e-06	6.665633e-09	2.020370e+01	4.365690e+02
1.460000e-06	3.043554e-06	6.705416e-09	2.035142e+01	4.394931e+02
1.470000e-06	3.064658e-06	6.743557e-09	2.049254e+01	4.421858e+02
1.480000e-06	3.084899e-06	6.782829e-09	2.062789e+01	4.446631e+02
1.490000e-06	3.104145e-06	6.820300e-09	2.075657e+01	4.469727e+02
1.500000e-06	3.122167e-06	6.852673e-09	2.087708e+01	4.491851e+02
1.510000e-06	3.139106e-06	6.882086e-09	2.099035e+01	4.513595e+02
1.520000e-06	3.154857e-06	6.913708e-09	2.109568e+01	4.535049e+02
1.530000e-06	3.169362e-06	6.947920e-09	2.119266e+01	4.555636e+02
1.540000e-06	3.182759e-06	6.977047e-09	2.128225e+01	4.574352e+02
1.550000e-06	3.195004e-06	6.998128e-09	2.136413e+01	4.590319e+02
1.560000e-06	3.205911e-06	7.014845e-09	2.143706e+01	4.603327e+02
1.570000e-06	3.215336e-06	7.032117e-09	2.150008e+01	4.614016e+02
1.580000e-06	3.223583e-06	7.050891e-09	2.155523e+01	4.623574e+02
1.590000e-06	3.230803e-06	7.066448e-09	2.160351e+01	4.633100e+02
1.600000e-06	3.236879e-06	7.079118e-09	2.164413e+01	4.643049e+02
1.610000e-06	3.241910e-06	7.093126e-09	2.167777e+01	4.653051e+02
1.620000e-06	3.246001e-06	7.108174e-09	2.170513e+01	4.662208e+02
1.630000e-06	3.248885e-06	7.120634e-09	2.172441e+01	4.669630e+02
1.640000e-06	3.250352e-06	7.125605e-09	2.173423e+01	4.674874e+02
1.650000e-06	3.250715e-06	7.127800e-09	2.173665e+01	4.678050e+02
1.660000e-06	3.250063e-06	7.131319e-09	2.173229e+01	4.679604e+02
1.670000e-06	3.248401e-06	7.131758e-09	2.172118e+01	4.679983e+02
1.680000e-06	3.245747e-06	7.130731e-09	2.170343e+01	4.679449e+02
1.690000e-06	3.242155e-06	7.127308e-09	2.167941e+01	4.678090e+02
1.700000e-06	3.237548e-06	7.124102e-09	2.164861e+01	4.675971e+02
1.710000e-06	3.231550e-06	7.124291e-09	2.160850e+01	4.673220e+02
1.720000e-06	3.224420e-06	7.134271e-09	2.156082e+01	4.669959e+02
1.730000e-06	3.216495e-06	7.145319e-09	2.150783e+01	4.666144e+02
1.740000e-06	3.207510e-06	7.065096e-09	2.144775e+01	4.661474e+02
1.750000e-06	3.196813e-06	7.007867e-09	2.137622e+01	4.655486e+02
1.760000e-06	3.183897e-06	7.044564e-09	2.128986e+01	4.647805e+02
1.770000e-06	3.169422e-06	7.210883e-09	2.119307e+01	4.638383e+02
1.780000e-06	3.154772e-06	7.096656e-09	2.109511e+01	4.627548e+02
1.790000e-06	3.139786e-06	6.884984e-09	2.099490e+01	4.615815e+02
1.800000e-06	3.123300e-06	7.062097e-09	2.088466e+01	4.603596e+02
1.810000e-06	3.105625e-06	7.101330e-09	2.076647e+01	4.590989e+02
1.820000e-06	3.087539e-06	6.889048e-09	2.064554e+01	4.577796e+02
1.830000e-06	3.068378e-06	6.921569e-09	2.051741e+01	4.563738e+02
1.840000e-06	3.047415e-06	7.064832e-09	2.037724e+01	4.548683e+02
1.850000e-06	3.025328e-06	6.782697e-09	2.022955e+01	4.532742e+02
1.860000e-06	3.002360e-06	6.788541e-09	2.007597e+01	4.516155e+02
1.870000e-06	2.978195e-06	7.083248e-09	1.991438e+01	4.499081e+02
1.880000e-06	2.953078e-06	6.804103e-09	1.974643e+01	4.481459e+02
1.890000e-06	2.927003e-06	6.634632e-09	1.957208e+01	4.463031e+02
1.900000e-06	2.899954e-06	6.878366e-09	1.939121e+01	4.443511e+02
1.910000e-06	2.872122e-06	6.778954e-09	1.920510e+01	4.422746e+02
1.920000e-06	2.842956e-06	6.688322e-09	1.901007e+01	4.400764e+02
1.930000e-06	2.812325e-06	6.705833e-09	1.880526e+01	4.377679e+02
1.940000e-06	2.780918e-06	6.556284e-09	1.859524e+01	4.353537e+02
1.950000e-06	2.748580e-06	6.643731e-09	1.837901e+01	4.328238e+02
1.960000e-06	2.715256e-06	6.649150e-09	1.815618e+01	4.301602e+02
1.970000e-06	2.681271e-06	6.419004e-09	1.792894e+01	4.273515e+02
1.980000e-06	2.646415e-06	6.472499e-09	1.769586e+01	4.244066e+02
1.990000e-06	2.610720e-06	6.456869e-09	1.745718e+01	4.213562e+02
2.000000e-06	2.574105e-06	6.312496e-09	1.721234e+01	4.182420e+02
2.010000e-06	2.536111e-06	6.428717e-09	1.695829e+01	4.151006e+02
2.020000e-06	2.496967e-06	6.286279e-09	1.669654e+01	4.119482e+02
2.030000e-06	2.457107e-06	6.121951e-09	1.643001e+01	4.087744e+02
2.040000e-06	2.416447e-06	6.232918e-09	1.615813e+01	4.055426e+02
2.050000e-06	2.375016e-06	6.169656e-09	1.588109e+01	4.021976e+02
2.060000e-06	2.332758e-06	6.064068e-09	1.559852e+01	3.986789e+02
2.070000e-06	2.289690e-06	5.992482e-09	1.531054e+01	3.949416e+02
2.080000e-06	2.246080e-06	5.934053e-09	1.501893e+01	3.909785e+02
2.090000e-06	2.201765e-06	5.944105e-09	1.472261e+01	3.868351e+02
2.100000e-06	2.156531e-06	5.865071e-09	1.442014e+01	3.826033e+02
2.110000e-06	2.110494e-06	5.750425e-09	1.411230e+01	3.783880e+02
2.120000e-06	2.063901e-06	5.687501e-09	1.380074e+01	3.742557e+02
2.130000e-06	2.016643e-06	5.637196e-09	1.348474e+01	3.701917e+02
2.140000e-06	1.968367e-06	5.615758e-09	1.316194e+01	3.660916e+02
2.150000e-06	1.919233e-06	5.524303e-09	1.283339e+01	3.618013e+02
2.160000e-06	1.869513e-06	5.411841e-09	1.250093e+01	3.571897e+02
2.170000e-06	1.819127e-06	5.362037e-09	1.216401e+01	3.522182e+02
2.180000e-06	1.768048e-06	5.299165e-09	1.182246e+01	3.469663e+02
2.190000e-06	1.716312e-06	5.244915e-09	1.147651e+01	3.415976e+02
2.200000e-06	1.663817e-06	5.114373e-09	1.112549e+01	3.362796e+02
2.210000e-06	1.610307e-06	5.007211e-09	1.076769e+01	3.311017e+02
2.220000e-06	1.555829e-06	4.979805e-09	1.040341e+01	3.260326e+02
2.230000e-06	1.500837e-06	4.908047e-09	1.003569e+01	3.209412e+02
2.240000e-06	1.445479e-06	4.823127e-09	9.665528e+00	3.156639e+02
2.250000e-06	1.389746e-06	4.709851e-09	9.292855e+00	3.100828e+02
2.260000e-06	1.333598e-06	4.616341e-09	8.917410e+00	3.041736e+02
2.270000e-06	1.276943e-06	4.555932e-09	8.538570e+00	2.980031e+02
2.280000e-06	1.219826e-06	4.462736e-09	8.156643e+00	2.916858e+02
2.290000e-06	1.162360e-06	4.343918e-09	7.772388e+00	2.853257e+02
2.300000e-06	1.104498e-06	4.226636e-09	7.385479e+00	2.789731e+02
2.310000e-06	1.046164e-06	4.145745e-09	6.995413e+00	2.726121e+02
2.320000e-06	9.873645e-07	4.082712e-09	6.602239e+00	2.661761e+02
2.330000e-06	9.282398e-07	3.968297e-09	6.206888e+00	2.595784e+02
2.340000e-06	8.690005e-07	3.834558e-09	5.810771e+00	2.527441e+02
2.350000e-06	8.096262e-07	3.723473e-09	5.413751e+00	2.456322e+02
2.360000e-06	7.500704e-07	3.628978e-09	5.015517e+00	2.382464e+02
2.370000e-06	6.903497e-07	3.528235e-09	4.616182e+00	2.306316e+02
2.380000e-06	6.304625e-07	3.387488e-09	4.215732e+00	2.228591e+02
2.390000e-06	5.703387e-07	3.257852e-09	3.813701e+00	2.150021e+02
2.400000e-06	5.099463e-07	3.150016e-09	3.409873e+00	2.071086e+02
2.410000e-06	4.492633e-07	3.045663e-09	3.004102e+00	1.991820e+02
2.420000e-06	3.882897e-07	2.923348e-09	2.596388e+00	1.911779e+02
2.430000e-06	3.270986e-07	2.772466e-09	2.187220e+00	1.830198e+02
2.440000e-06	2.657164e-07	2.639022e-09	1.776774e+00	1.746273e+02
2.450000e-06	2.041187e-07	2.523335e-09	1.364886e+00	1.659453e+02
2.460000e-06	1.422877e-07	2.398275e-09	9.514391e-01	1.569609e+02
2.470000e-06	8.036794e-08	2.243663e-09	5.373986e-01	1.477041e+02
2.480000e-06	1.847765e-08	2.082447e-09	1.235550e-01	1.382330e+02
2.490000e-06	-4.335436e-08	1.943982e-09	-2.898989e-01	1.286117e+02
2.500000e-06	-1.051055e-07	1.815712e-09	-7.028123e-01	1.188887e+02
2.510000e-06	-1.668285e-07	1.667156e-09	-1.115537e+00	1.090810e+02
2.520000e-06	-2.284950e-07	1.497853e-09	-1.527884e+00	9.916843e+01
2.530000e-06	-2.900362e-07	1.337543e-09	-1.939393e+00	8.909912e+01
2.540000e-06	-3.513764e-07	1.193333e-09	-2.349559e+00	7.880614e+01
2.550000e-06	-4.124648e-07	1.045236e-09	-2.758040e+00	6.823232e+01
2.560000e-06	-4.733183e-07	8.721133e-10	-3.164951e+00	5.735461e+01
2.570000e-06	-5.338279e-07	6.883101e-10	-3.569562e+00	4.619733e+01
2.580000e-06	-5.940101e-07	5.145026e-10	-3.971985e+00	3.482610e+01
2.590000e-06	-6.539402e-07	3.549223e-10	-4.372721e+00	2.332286e+01
2.600000e-06	-7.136248e-07	1.842236e-10	-4.771816e+00	1.175288e+01
2.610000e-06	-7.731164e-07	-8.044539e-12	-5.169620e+00	1.397827e-01
2.620000e-06	-8.324494e-07	-1.951381e-10	-5.566364e+00	-1.153869e+01
2.630000e-06	-8.916583e-07	-3.637712e-10	-5.962278e+00	-2.333280e+01
2.640000e-06	-9.507091e-07	-5.310349e-10	-6.357134e+00	-3.529123e+01
2.650000e-06	-1.009562e-06	-7.215338e-10	-6.750668e+00	-4.743550e+01
2.660000e-06	-1.068033e-06	-9.243528e-10	-7.141648e+00	-5.974956e+01
2.670000e-06	-1.126026e-06	-1.116292e-09	-7.529431e+00	-7.218606e+01
2.680000e-06	-1.183585e-06	-1.294054e-09	-7.914314e+00	-8.468153e+01
2.690000e-06	-1.240739e-06	-1.477665e-09	-8.296484e+00	-9.717154e+01
2.700000e-06	-1.297430e-06	-1.675104e-09	-8.675566e+00	-1.096007e+02
2.710000e-06	-1.353584e-06	-1.871255e-09	-9.051052e+00	-1.219290e+02
2.720000e-06	-1.409281e-06	-2.051838e-09	-9.423481e+00	-1.341360e+02
2.730000e-06	-1.464633e-06	-2.223221e-09	-9.793608e+00	-1.462245e+02
2.740000e-06	-1.519688e-06	-2.407183e-09	-1.016174e+01	-1.582164e+02
2.750000e-06	-1.574264e-06	-2.601206e-09	-1.052668e+01	-1.701394e+02
2.760000e-06	-1.628010e-06	-2.787554e-09	-1.088606e+01	-1.820050e+02
2.770000e-06	-1.680719e-06	-2.957947e-09	-1.123851e+01	-1.937890e+02
2.780000e-06	-1.732611e-06	-3.127863e-09	-1.158550e+01	-2.054271e+02
2.790000e-06	-1.783912e-06	-3.308279e-09	-1.192854e+01	-2.168320e+02
2.800000e-06	-1.834554e-06	-3.484863e-09	-1.226717e+01	-2.279245e+02
2.810000e-06	-1.884506e-06	-3.644191e-09	-1.260118e+01	-2.386632e+02
2.820000e-06	-1.933748e-06	-3.791816e-09	-1.293045e+01	-2.490551e+02
2.830000e-06	-1.982079e-06	-3.945169e-09	-1.325363e+01	-2.591429e+02
2.840000e-06	-2.029339e-06	-4.105513e-09	-1.356964e+01	-2.689764e+02
2.850000e-06	-2.075674e-06	-4.258895e-09	-1.387947e+01	-2.785865e+02
2.860000e-06	-2.121395e-06	-4.396953e-09	-1.418520e+01	-2.879740e+02
2.870000e-06	-2.166555e-06	-4.529005e-09	-1.448716e+01	-2.971164e+02
2.880000e-06	-2.210949e-06	-4.665183e-09	-1.478402e+01	-3.059820e+02
2.890000e-06	-2.254647e-06	-4.800782e-09	-1.507621e+01	-3.145415e+02
2.900000e-06	-2.297837e-06	-4.923752e-09	-1.536501e+01	-3.227722e+02
2.910000e-06	-2.340365e-06	-5.035710e-09	-1.564938e+01	-3.306578e+02
2.920000e-06	-2.382055e-06	-5.149411e-09	-1.592816e+01	-3.381924e+02
2.930000e-06	-2.422931e-06	-5.268146e-09	-1.620148e+01	-3.453895e+02
2.940000e-06	-2.463005e-06	-5.381375e-09	-1.646945e+01	-3.522871e+02
2.950000e-06	-2.502392e-06	-5.479723e-09	-1.673282e+01	-3.589406e+02
2.960000e-06	-2.540942e-06	-5.572059e-09	-1.699059e+01	-3.654001e+02
2.970000e-06	-2.578339e-06	-5.668784e-09	-1.724065e+01	-3.716813e+02
2.980000e-06	-2.614586e-06	-5.765933e-09	-1.748303e+01	-3.777508e+02
2.990000e-06	-2.649939e-06	-5.854423e-09	-1.771943e+01	-3.835393e+02
3.000000e-06	-2.684498e-06	-5.931829e-09	-1.795051e+01	-3.889779e+02
3.010000e-06	-2.718150e-06	-6.008027e-09	-1.817553e+01	-3.940408e+02
3.020000e-06	-2.750820e-06	-6.085913e-09	-1.839399e+01	-3.987649e+02
3.030000e-06	-2.782565e-06	-6.160547e-09	-1.860626e+01	-4.032361e+02
3.040000e-06	-2.813504e-06	-6.223586e-09	-1.881314e+01	-4.075480e+02
3.050000e-06	-2.843316e-06	-6.282623e-09	-1.901249e+01	-4.117599e+02
3.060000e-06	-2.871740e-06	-6.346227e-09	-1.920255e+01	-4.158779e+02
3.070000e-06	-2.899137e-06	-6.410726e-09	-1.938574e+01	-4.198665e+02
3.080000e-06	-2.925679e-06	-6.469310e-09	-1.956322e+01	-4.236792e+02
3.090000e-06	-2.951222e-06	-6.519392e-09	-1.973403e+01	-4.272836e+02
3.100000e-06	-2.975730e-06	-6.569595e-09	-1.989790e+01	-4.306675e+02
3.110000e-06	-2.999313e-06	-6.621338e-09	-2.005560e+01	-4.338278e+02
3.120000e-06	-3.021949e-06	-6.670885e-09	-2.020696e+01	-4.367596e+02
3.130000e-06	-3.043211e-06	-6.709609e-09	-2.034913e+01	-4.394600e+02
3.140000e-06	-3.063162e-06	-6.743045e-09	-2.048253e+01	-4.419439e+02
3.150000e-06	-3.082172e-06	-6.779289e-09	-2.060965e+01	-4.442579e+02
3.160000e-06	-3.100202e-06	-6.819449e-09	-2.073021e+01	-4.464720e+02
3.170000e-06	-3.117192e-06	-6.855431e-09	-2.084382e+01	-4.486468e+02
3.180000e-06	-3.133185e-06	-6.885679e-09	-2.095076e+01	-4.507933e+02
3.190000e-06	-3.148165e-06	-6.915170e-09	-2.105093e+01	-4.528562e+02
3.200000e-06	-3.161817e-06	-6.946258e-09	-2.114222e+01	-4.547358e+02
3.210000e-06	-3.173956e-06	-6.973841e-09	-2.122338e+01	-4.563427e+02
3.220000e-06	-3.184802e-06	-6.990950e-09	-2.129591e+01	-4.576529e+02
3.230000e-06	-3.194519e-06	-7.003092e-09	-2.136088e+01	-4.587278e+02
3.240000e-06	-3.203123e-06	-7.018058e-09	-2.141842e+01	-4.596849e+02
3.250000e-06	-3.210735e-06	-7.038375e-09	-2.146932e+01	-4.606359e+02
3.260000e-06	-3.217347e-06	-7.055983e-09	-2.151352e+01	-4.616290e+02
3.270000e-06	-3.222564e-06	-7.067871e-09	-2.154841e+01	-4.626299e+02
3.280000e-06	-3.226459e-06	-7.080089e-09	-2.157446e+01	-4.635499e+02
3.290000e-06	-3.229364e-06	-7.094925e-09	-2.159388e+01	-4.642989e+02
3.300000e-06	-3.231252e-06	-7.106446e-09	-2.160650e+01	-4.648307e+02
3.310000e-06	-3.232053e-06	-7.107638e-09	-2.161186e+01	-4.651546e+02
3.320000e-06	-3.231872e-06	-7.103577e-09	-2.161065e+01	-4.653143e+02
