# Temperatura_=_20.0
# Concentracion g/m^3_=_10000.0
# C_Vs_to_Am_M_A/Vsm_=_65563218390.804596
# pendiente_HvsI_1/m_=_3716.3
# ordenada_HvsI_A/m_=_1297.0
# frecuencia_Hz_=_301112.8990758026

Tiempo_(s)	Campo_(V.s)	Magnetizacion_(V.s)	Campo_(kA/m)	Magnetizacion_(A/m)
0.000000e+00	-3.235442e-06	-7.074997e-09	-2.160499e+01	-4.637049e+02
1.000000e-08	-3.234143e-06	-7.083316e-09	-2.159632e+01	-4.640805e+02
2.000000e-08	-3.231549e-06	-7.089833e-09	-2.157900e+01	-4.643215e+02
3.000000e-08	-3.227707e-06	-7.092079e-09	-2.155334e+01	-4.643015e+02
4.000000e-08	-3.222979e-06	-7.086527e-09	-2.152177e+01	-4.639724e+02
5.000000e-08	-3.217327e-06	-7.073962e-09	-2.148403e+01	-4.634040e+02
6.000000e-08	-3.210623e-06	-7.055444e-09	-2.143926e+01	-4.627524e+02
7.000000e-08	-3.202890e-06	-7.034399e-09	-2.138762e+01	-4.621715e+02
8.000000e-08	-3.193992e-06	-7.057416e-09	-2.132821e+01	-4.617222e+02
9.000000e-08	-3.183446e-06	-7.113429e-09	-2.125778e+01	-4.613353e+02
1.000000e-07	-3.171161e-06	-7.095117e-09	-2.117575e+01	-4.608528e+02
1.100000e-07	-3.157703e-06	-6.957538e-09	-2.108588e+01	-4.601226e+02
1.200000e-07	-3.143457e-06	-6.879590e-09	-2.099076e+01	-4.590880e+02
1.300000e-07	-3.128056e-06	-7.060510e-09	-2.088791e+01	-4.578178e+02
1.400000e-07	-3.111118e-06	-7.092926e-09	-2.077481e+01	-4.564639e+02
1.500000e-07	-3.093202e-06	-6.804621e-09	-2.065517e+01	-4.551734e+02
1.600000e-07	-3.074465e-06	-6.905128e-09	-2.053005e+01	-4.540117e+02
1.700000e-07	-3.054566e-06	-7.010039e-09	-2.039717e+01	-4.529384e+02
1.800000e-07	-3.033869e-06	-6.805296e-09	-2.025897e+01	-4.518417e+02
1.900000e-07	-3.012586e-06	-6.870650e-09	-2.011685e+01	-4.506036e+02
2.000000e-07	-2.990070e-06	-6.971451e-09	-1.996649e+01	-4.491524e+02
2.100000e-07	-2.966203e-06	-6.730654e-09	-1.980712e+01	-4.474788e+02
2.200000e-07	-2.941585e-06	-6.667136e-09	-1.964273e+01	-4.456149e+02
2.300000e-07	-2.916037e-06	-6.891872e-09	-1.947213e+01	-4.436025e+02
2.400000e-07	-2.889021e-06	-6.784453e-09	-1.929173e+01	-4.414723e+02
2.500000e-07	-2.860732e-06	-6.615144e-09	-1.910283e+01	-4.392450e+02
2.600000e-07	-2.831470e-06	-6.628064e-09	-1.890743e+01	-4.369404e+02
2.700000e-07	-2.801398e-06	-6.624564e-09	-1.870662e+01	-4.345822e+02
2.800000e-07	-2.770526e-06	-6.622484e-09	-1.850047e+01	-4.321881e+02
2.900000e-07	-2.738663e-06	-6.570269e-09	-1.828770e+01	-4.297537e+02
3.000000e-07	-2.705908e-06	-6.434177e-09	-1.806898e+01	-4.272454e+02
3.100000e-07	-2.672208e-06	-6.469013e-09	-1.784394e+01	-4.246107e+02
3.200000e-07	-2.637305e-06	-6.471615e-09	-1.761087e+01	-4.218041e+02
3.300000e-07	-2.601314e-06	-6.379154e-09	-1.737054e+01	-4.188114e+02
3.400000e-07	-2.564437e-06	-6.358807e-09	-1.712429e+01	-4.156585e+02
3.500000e-07	-2.526652e-06	-6.240715e-09	-1.687197e+01	-4.123987e+02
3.600000e-07	-2.488016e-06	-6.177433e-09	-1.661398e+01	-4.090876e+02
3.700000e-07	-2.448536e-06	-6.243318e-09	-1.635035e+01	-4.057585e+02
3.800000e-07	-2.408298e-06	-6.184700e-09	-1.608166e+01	-4.024109e+02
3.900000e-07	-2.367418e-06	-6.016198e-09	-1.580867e+01	-3.990139e+02
4.000000e-07	-2.325622e-06	-6.005560e-09	-1.552958e+01	-3.955196e+02
4.100000e-07	-2.282645e-06	-6.013924e-09	-1.524259e+01	-3.918789e+02
4.200000e-07	-2.238632e-06	-5.948010e-09	-1.494869e+01	-3.880567e+02
4.300000e-07	-2.193833e-06	-5.848237e-09	-1.464954e+01	-3.840443e+02
4.400000e-07	-2.148320e-06	-5.743039e-09	-1.434562e+01	-3.798648e+02
4.500000e-07	-2.102123e-06	-5.705772e-09	-1.403714e+01	-3.755705e+02
4.600000e-07	-2.055210e-06	-5.688256e-09	-1.372387e+01	-3.712252e+02
4.700000e-07	-2.007529e-06	-5.624242e-09	-1.340548e+01	-3.668769e+02
4.800000e-07	-1.959202e-06	-5.499315e-09	-1.308277e+01	-3.625314e+02
4.900000e-07	-1.910272e-06	-5.431251e-09	-1.275603e+01	-3.581429e+02
5.000000e-07	-1.860443e-06	-5.399060e-09	-1.242330e+01	-3.536306e+02
5.100000e-07	-1.809498e-06	-5.350541e-09	-1.208310e+01	-3.489163e+02
5.200000e-07	-1.757591e-06	-5.244396e-09	-1.173649e+01	-3.439644e+02
5.300000e-07	-1.704967e-06	-5.121747e-09	-1.138509e+01	-3.388012e+02
5.400000e-07	-1.651701e-06	-5.067497e-09	-1.102940e+01	-3.335015e+02
5.500000e-07	-1.597885e-06	-5.032565e-09	-1.067004e+01	-3.281492e+02
5.600000e-07	-1.543598e-06	-4.943827e-09	-1.030753e+01	-3.227946e+02
5.700000e-07	-1.488770e-06	-4.813877e-09	-9.941412e+00	-3.174311e+02
5.800000e-07	-1.433304e-06	-4.728703e-09	-9.571035e+00	-3.120042e+02
5.900000e-07	-1.377365e-06	-4.670430e-09	-9.197493e+00	-3.064428e+02
6.000000e-07	-1.321146e-06	-4.606059e-09	-8.822088e+00	-3.006949e+02
6.100000e-07	-1.264623e-06	-4.494958e-09	-8.444650e+00	-2.947460e+02
6.200000e-07	-1.207704e-06	-4.370193e-09	-8.064565e+00	-2.886155e+02
6.300000e-07	-1.150286e-06	-4.285243e-09	-7.681154e+00	-2.823376e+02
6.400000e-07	-1.092321e-06	-4.221256e-09	-7.294086e+00	-2.759415e+02
6.500000e-07	-1.033775e-06	-4.127350e-09	-6.903135e+00	-2.694405e+02
6.600000e-07	-9.746522e-07	-3.987834e-09	-6.508339e+00	-2.628325e+02
6.700000e-07	-9.149760e-07	-3.872573e-09	-6.109845e+00	-2.561047e+02
6.800000e-07	-8.548777e-07	-3.792383e-09	-5.708533e+00	-2.492375e+02
6.900000e-07	-7.945916e-07	-3.710086e-09	-5.305966e+00	-2.422068e+02
7.000000e-07	-7.341899e-07	-3.583140e-09	-4.902628e+00	-2.349882e+02
7.100000e-07	-6.736689e-07	-3.442375e-09	-4.498493e+00	-2.275669e+02
7.200000e-07	-6.129817e-07	-3.332612e-09	-4.093248e+00	-2.199482e+02
7.300000e-07	-5.521011e-07	-3.241119e-09	-3.686711e+00	-2.121618e+02
7.400000e-07	-4.910728e-07	-3.126090e-09	-3.279189e+00	-2.042514e+02
7.500000e-07	-4.298474e-07	-2.978446e-09	-2.870350e+00	-1.962536e+02
7.600000e-07	-3.683248e-07	-2.844547e-09	-2.459526e+00	-1.881739e+02
7.700000e-07	-3.066418e-07	-2.734475e-09	-2.047632e+00	-1.799778e+02
7.800000e-07	-2.449609e-07	-2.627618e-09	-1.635751e+00	-1.716029e+02
7.900000e-07	-1.832009e-07	-2.487469e-09	-1.223343e+00	-1.629881e+02
8.000000e-07	-1.213682e-07	-2.330428e-09	-8.104482e-01	-1.541042e+02
8.100000e-07	-5.947506e-08	-2.193468e-09	-3.971507e-01	-1.449674e+02
8.200000e-07	2.488379e-09	-2.075344e-09	1.661640e-02	-1.356288e+02
8.300000e-07	6.442808e-08	-1.940139e-09	4.302250e-01	-1.261450e+02
8.400000e-07	1.262908e-07	-1.772907e-09	8.433199e-01	-1.165473e+02
8.500000e-07	1.881024e-07	-1.610491e-09	1.256073e+00	-1.068263e+02
8.600000e-07	2.498930e-07	-1.469762e-09	1.668686e+00	-9.693970e+01
8.700000e-07	3.115861e-07	-1.333598e-09	2.080648e+00	-8.683616e+01
8.800000e-07	3.731419e-07	-1.169082e-09	2.491693e+00	-7.648281e+01
8.900000e-07	4.345301e-07	-9.881656e-10	2.901619e+00	-6.588035e+01
9.000000e-07	4.957065e-07	-8.204663e-10	3.310130e+00	-5.506007e+01
9.100000e-07	5.566563e-07	-6.725329e-10	3.717129e+00	-4.406625e+01
9.200000e-07	6.173678e-07	-5.151802e-10	4.122536e+00	-3.293456e+01
9.300000e-07	6.779565e-07	-3.285052e-10	4.527123e+00	-2.167795e+01
9.400000e-07	7.384857e-07	-1.401999e-10	4.931313e+00	-1.028616e+01
9.500000e-07	7.988897e-07	2.983680e-11	5.334667e+00	1.262087e+00
9.600000e-07	8.591341e-07	1.916034e-10	5.736955e+00	1.298150e+01
9.700000e-07	9.191857e-07	3.758035e-10	6.137956e+00	2.486676e+01
9.800000e-07	9.789183e-07	5.771049e-10	6.536827e+00	3.689001e+01
9.900000e-07	1.038149e-06	7.677010e-10	6.932344e+00	4.901040e+01
1.000000e-06	1.096692e-06	9.380978e-10	7.323271e+00	6.119000e+01
1.010000e-06	1.154503e-06	1.112614e-09	7.709309e+00	7.340691e+01
1.020000e-06	1.211686e-06	1.309037e-09	8.091156e+00	8.565746e+01
1.030000e-06	1.268418e-06	1.508656e-09	8.469991e+00	9.794613e+01
1.040000e-06	1.324868e-06	1.694410e-09	8.846941e+00	1.102690e+02
1.050000e-06	1.381055e-06	1.869748e-09	9.222132e+00	1.226015e+02
1.060000e-06	1.436857e-06	2.057520e-09	9.594757e+00	1.348986e+02
1.070000e-06	1.492121e-06	2.258632e-09	9.963787e+00	1.471080e+02
1.080000e-06	1.546844e-06	2.452708e-09	1.032921e+01	1.591877e+02
1.090000e-06	1.601095e-06	2.625842e-09	1.069148e+01	1.711172e+02
1.100000e-06	1.654844e-06	2.792963e-09	1.105039e+01	1.828939e+02
1.110000e-06	1.707976e-06	2.972487e-09	1.140518e+01	1.945184e+02
1.120000e-06	1.760450e-06	3.157620e-09	1.175559e+01	2.059785e+02
1.130000e-06	1.812255e-06	3.327494e-09	1.210152e+01	2.172448e+02
1.140000e-06	1.863112e-06	3.483136e-09	1.244112e+01	2.282791e+02
1.150000e-06	1.912822e-06	3.646086e-09	1.277306e+01	2.390511e+02
1.160000e-06	1.961653e-06	3.818273e-09	1.309913e+01	2.495501e+02
1.170000e-06	2.009917e-06	3.984548e-09	1.342142e+01	2.597819e+02
1.180000e-06	2.057600e-06	4.131520e-09	1.373983e+01	2.697544e+02
1.190000e-06	2.104541e-06	4.268308e-09	1.405329e+01	2.794619e+02
1.200000e-06	2.150748e-06	4.410961e-09	1.436184e+01	2.888808e+02
1.210000e-06	2.196189e-06	4.556711e-09	1.466527e+01	2.979809e+02
1.220000e-06	2.240934e-06	4.691738e-09	1.496406e+01	3.067453e+02
1.230000e-06	2.285217e-06	4.811789e-09	1.525977e+01	3.151834e+02
1.240000e-06	2.328831e-06	4.931292e-09	1.555100e+01	3.233276e+02
1.250000e-06	2.371258e-06	5.061422e-09	1.583431e+01	3.312154e+02
1.260000e-06	2.412454e-06	5.189449e-09	1.610940e+01	3.388670e+02
1.270000e-06	2.452843e-06	5.300031e-09	1.637911e+01	3.462752e+02
1.280000e-06	2.492559e-06	5.397923e-09	1.664431e+01	3.534114e+02
1.290000e-06	2.531453e-06	5.499100e-09	1.690403e+01	3.602441e+02
1.300000e-06	2.569506e-06	5.604920e-09	1.715814e+01	3.667563e+02
1.310000e-06	2.606702e-06	5.702854e-09	1.740652e+01	3.729520e+02
1.320000e-06	2.643142e-06	5.786663e-09	1.764985e+01	3.788500e+02
1.330000e-06	2.678774e-06	5.867792e-09	1.788778e+01	3.844730e+02
1.340000e-06	2.713174e-06	5.954156e-09	1.811749e+01	3.898406e+02
1.350000e-06	2.746341e-06	6.039891e-09	1.833897e+01	3.949693e+02
1.360000e-06	2.778600e-06	6.114156e-09	1.855439e+01	3.998752e+02
1.370000e-06	2.809968e-06	6.177452e-09	1.876385e+01	4.045738e+02
1.380000e-06	2.840399e-06	6.242850e-09	1.896705e+01	4.090741e+02
1.390000e-06	2.869954e-06	6.313950e-09	1.916441e+01	4.133728e+02
1.400000e-06	2.898657e-06	6.380371e-09	1.935608e+01	4.174562e+02
1.410000e-06	2.926489e-06	6.434446e-09	1.954193e+01	4.213120e+02
1.420000e-06	2.953062e-06	6.482256e-09	1.971937e+01	4.249436e+02
1.430000e-06	2.978236e-06	6.535304e-09	1.988747e+01	4.283763e+02
1.440000e-06	3.002328e-06	6.593025e-09	2.004835e+01	4.316477e+02
1.450000e-06	3.025457e-06	6.641921e-09	2.020279e+01	4.347863e+02
1.460000e-06	3.047590e-06	6.680508e-09	2.035059e+01	4.377937e+02
1.470000e-06	3.068724e-06	6.719529e-09	2.049172e+01	4.406432e+02
1.480000e-06	3.088986e-06	6.764116e-09	2.062701e+01	4.432980e+02
1.490000e-06	3.108254e-06	6.805793e-09	2.075568e+01	4.457378e+02
1.500000e-06	3.126339e-06	6.836786e-09	2.087644e+01	4.479737e+02
1.510000e-06	3.143283e-06	6.861915e-09	2.098959e+01	4.500414e+02
1.520000e-06	3.159031e-06	6.890713e-09	2.109475e+01	4.519779e+02
1.530000e-06	3.173570e-06	6.922542e-09	2.119183e+01	4.537996e+02
1.540000e-06	3.186955e-06	6.948352e-09	2.128121e+01	4.554985e+02
1.550000e-06	3.199159e-06	6.967770e-09	2.136271e+01	4.570583e+02
1.560000e-06	3.210028e-06	6.987544e-09	2.143529e+01	4.584772e+02
1.570000e-06	3.219494e-06	7.012167e-09	2.149850e+01	4.597752e+02
1.580000e-06	3.227807e-06	7.035386e-09	2.155401e+01	4.609787e+02
1.590000e-06	3.235070e-06	7.050429e-09	2.160251e+01	4.620934e+02
1.600000e-06	3.241196e-06	7.059418e-09	2.164342e+01	4.630898e+02
1.610000e-06	3.246260e-06	7.067733e-09	2.167723e+01	4.639180e+02
1.620000e-06	3.250400e-06	7.077434e-09	2.170488e+01	4.645470e+02
1.630000e-06	3.253314e-06	7.086068e-09	2.172434e+01	4.649999e+02
1.640000e-06	3.254774e-06	7.090635e-09	2.173408e+01	4.653553e+02
1.650000e-06	3.255158e-06	7.095543e-09	2.173665e+01	4.657057e+02
1.660000e-06	3.254529e-06	7.104016e-09	2.173245e+01	4.660942e+02
1.670000e-06	3.252824e-06	7.110345e-09	2.172106e+01	4.664743e+02
1.680000e-06	3.250170e-06	7.112682e-09	2.170334e+01	4.667247e+02
1.690000e-06	3.246680e-06	7.108852e-09	2.168003e+01	4.667178e+02
1.700000e-06	3.242150e-06	7.103030e-09	2.164979e+01	4.664015e+02
1.710000e-06	3.236198e-06	7.099139e-09	2.161004e+01	4.658416e+02
1.720000e-06	3.229065e-06	7.105255e-09	2.156241e+01	4.651922e+02
1.730000e-06	3.221112e-06	7.106743e-09	2.150930e+01	4.646093e+02
1.740000e-06	3.212157e-06	7.030391e-09	2.144950e+01	4.641580e+02
1.750000e-06	3.201528e-06	6.975051e-09	2.137853e+01	4.637736e+02
1.760000e-06	3.188670e-06	7.030652e-09	2.129267e+01	4.632997e+02
1.770000e-06	3.174199e-06	7.184068e-09	2.119604e+01	4.625824e+02
1.780000e-06	3.159468e-06	7.061687e-09	2.109767e+01	4.615604e+02
1.790000e-06	3.144412e-06	6.882606e-09	2.099713e+01	4.602986e+02
1.800000e-06	3.127891e-06	7.033775e-09	2.088681e+01	4.589471e+02
1.810000e-06	3.110170e-06	7.064745e-09	2.076848e+01	4.576549e+02
1.820000e-06	3.092083e-06	6.860328e-09	2.064770e+01	4.564910e+02
1.830000e-06	3.072905e-06	6.908572e-09	2.051963e+01	4.554185e+02
1.840000e-06	3.051888e-06	7.050055e-09	2.037929e+01	4.543271e+02
1.850000e-06	3.029773e-06	6.775880e-09	2.023162e+01	4.530978e+02
1.860000e-06	3.006836e-06	6.805502e-09	2.007845e+01	4.516571e+02
1.870000e-06	2.982664e-06	7.077543e-09	1.991704e+01	4.499933e+02
1.880000e-06	2.957497e-06	6.800053e-09	1.974899e+01	4.481377e+02
1.890000e-06	2.931395e-06	6.636526e-09	1.957469e+01	4.461322e+02
1.900000e-06	2.904342e-06	6.852560e-09	1.939404e+01	4.440082e+02
1.910000e-06	2.876501e-06	6.769264e-09	1.920813e+01	4.417862e+02
1.920000e-06	2.847300e-06	6.675958e-09	1.901314e+01	4.394863e+02
1.930000e-06	2.816638e-06	6.666261e-09	1.880839e+01	4.371319e+02
1.940000e-06	2.785180e-06	6.552856e-09	1.859832e+01	4.347413e+02
1.950000e-06	2.752831e-06	6.636873e-09	1.838231e+01	4.323110e+02
1.960000e-06	2.719501e-06	6.618636e-09	1.815974e+01	4.298085e+02
1.970000e-06	2.685405e-06	6.423765e-09	1.793207e+01	4.271814e+02
1.980000e-06	2.650455e-06	6.478120e-09	1.769868e+01	4.243837e+02
1.990000e-06	2.614744e-06	6.439472e-09	1.746022e+01	4.213997e+02
2.000000e-06	2.578093e-06	6.325346e-09	1.721548e+01	4.182540e+02
2.010000e-06	2.540028e-06	6.423421e-09	1.696129e+01	4.149993e+02
2.020000e-06	2.500817e-06	6.260679e-09	1.669946e+01	4.116916e+02
2.030000e-06	2.460808e-06	6.118302e-09	1.643230e+01	4.083652e+02
2.040000e-06	2.420006e-06	6.215161e-09	1.615984e+01	4.050209e+02
2.050000e-06	2.378551e-06	6.149864e-09	1.588301e+01	4.016287e+02
2.060000e-06	2.336301e-06	6.049371e-09	1.560089e+01	3.981410e+02
2.070000e-06	2.293266e-06	5.976700e-09	1.531352e+01	3.945085e+02
2.080000e-06	2.249721e-06	5.926827e-09	1.502274e+01	3.906955e+02
2.090000e-06	2.205432e-06	5.936966e-09	1.472700e+01	3.866919e+02
2.100000e-06	2.160142e-06	5.852873e-09	1.442457e+01	3.825199e+02
2.110000e-06	2.114039e-06	5.735547e-09	1.411671e+01	3.782309e+02
2.120000e-06	2.067337e-06	5.670205e-09	1.380485e+01	3.738887e+02
2.130000e-06	2.019922e-06	5.618635e-09	1.348823e+01	3.695423e+02
2.140000e-06	1.971498e-06	5.592527e-09	1.316488e+01	3.651995e+02
2.150000e-06	1.922261e-06	5.498077e-09	1.283609e+01	3.608161e+02
2.160000e-06	1.872492e-06	5.391336e-09	1.250376e+01	3.563120e+02
2.170000e-06	1.822056e-06	5.346198e-09	1.216696e+01	3.516081e+02
2.180000e-06	1.770909e-06	5.295565e-09	1.182543e+01	3.466669e+02
2.190000e-06	1.719107e-06	5.237047e-09	1.147951e+01	3.415124e+02
2.200000e-06	1.666484e-06	5.101488e-09	1.112812e+01	3.362183e+02
2.210000e-06	1.612833e-06	4.999423e-09	1.076986e+01	3.308690e+02
2.220000e-06	1.558271e-06	4.963218e-09	1.040551e+01	3.255165e+02
2.230000e-06	1.503203e-06	4.888798e-09	1.003779e+01	3.201564e+02
2.240000e-06	1.447810e-06	4.801319e-09	9.667895e+00	3.147352e+02
2.250000e-06	1.392004e-06	4.688546e-09	9.295245e+00	3.091820e+02
2.260000e-06	1.335749e-06	4.600326e-09	8.919602e+00	3.034436e+02
2.270000e-06	1.279034e-06	4.545062e-09	8.540882e+00	2.975039e+02
2.280000e-06	1.221883e-06	4.457006e-09	8.159246e+00	2.913816e+02
2.290000e-06	1.164338e-06	4.339280e-09	7.774986e+00	2.851107e+02
2.300000e-06	1.106417e-06	4.221069e-09	7.388214e+00	2.787207e+02
2.310000e-06	1.048041e-06	4.137352e-09	6.998398e+00	2.722256e+02
2.320000e-06	9.892221e-07	4.070031e-09	6.605631e+00	2.656239e+02
2.330000e-06	9.301190e-07	3.951865e-09	6.210964e+00	2.589030e+02
2.340000e-06	8.708815e-07	3.817333e-09	5.815400e+00	2.520435e+02
2.350000e-06	8.115180e-07	3.711126e-09	5.418994e+00	2.450213e+02
2.360000e-06	7.519433e-07	3.625602e-09	5.021178e+00	2.378120e+02
2.370000e-06	6.921136e-07	3.527152e-09	4.621659e+00	2.304003e+02
2.380000e-06	6.320201e-07	3.387441e-09	4.220378e+00	2.227906e+02
2.390000e-06	5.716826e-07	3.257036e-09	3.817469e+00	2.150117e+02
2.400000e-06	5.110878e-07	3.148635e-09	3.412841e+00	2.071073e+02
2.410000e-06	4.502373e-07	3.043141e-09	3.006505e+00	1.991145e+02
2.420000e-06	3.890607e-07	2.915630e-09	2.597992e+00	1.910403e+02
2.430000e-06	3.275995e-07	2.765994e-09	2.187579e+00	1.828516e+02
2.440000e-06	2.660539e-07	2.634657e-09	1.776602e+00	1.744866e+02
2.450000e-06	2.043837e-07	2.521451e-09	1.364793e+00	1.658834e+02
2.460000e-06	1.424863e-07	2.399999e-09	9.514665e-01	1.570114e+02
2.470000e-06	8.053033e-08	2.248231e-09	5.377495e-01	1.478852e+02
2.480000e-06	1.857497e-08	2.089053e-09	1.240363e-01	1.385550e+02
2.490000e-06	-4.342837e-08	1.951239e-09	-2.899974e-01	1.290779e+02
2.500000e-06	-1.054257e-07	1.823969e-09	-7.039911e-01	1.194864e+02
2.510000e-06	-1.674299e-07	1.676132e-09	-1.118030e+00	1.097727e+02
2.520000e-06	-2.293847e-07	1.505841e-09	-1.531740e+00	9.989521e+01
2.530000e-06	-2.911021e-07	1.344094e-09	-1.943864e+00	8.980244e+01
2.540000e-06	-3.525920e-07	1.200750e-09	-2.354469e+00	7.946048e+01
2.550000e-06	-4.139341e-07	1.053171e-09	-2.764087e+00	6.886879e+01
2.560000e-06	-4.749582e-07	8.810714e-10	-3.171582e+00	5.805781e+01
2.570000e-06	-5.355607e-07	6.997094e-10	-3.576261e+00	4.707174e+01
2.580000e-06	-5.958747e-07	5.314686e-10	-3.979014e+00	3.594688e+01
2.590000e-06	-6.559358e-07	3.779683e-10	-4.380078e+00	2.469707e+01
2.600000e-06	-7.156619e-07	2.096015e-10	-4.778905e+00	1.331272e+01
2.610000e-06	-7.751806e-07	1.777700e-11	-5.176347e+00	1.772682e+00
2.620000e-06	-8.345770e-07	-1.706192e-10	-5.572973e+00	-9.938295e+00
2.630000e-06	-8.938194e-07	-3.407309e-10	-5.968569e+00	-2.181572e+01
2.640000e-06	-9.529115e-07	-5.079512e-10	-6.363163e+00	-3.383243e+01
2.650000e-06	-1.011753e-06	-6.972536e-10	-6.756084e+00	-4.594780e+01
2.660000e-06	-1.070264e-06	-8.984650e-10	-7.146795e+00	-5.812351e+01
2.670000e-06	-1.128359e-06	-1.085444e-09	-7.534732e+00	-7.033697e+01
2.680000e-06	-1.186011e-06	-1.256726e-09	-7.919712e+00	-8.258397e+01
2.690000e-06	-1.243307e-06	-1.435939e-09	-8.302308e+00	-9.486897e+01
2.700000e-06	-1.300174e-06	-1.632313e-09	-8.682046e+00	-1.071886e+02
2.710000e-06	-1.356502e-06	-1.830750e-09	-9.058177e+00	-1.195192e+02
2.720000e-06	-1.412298e-06	-2.013425e-09	-9.430764e+00	-1.318162e+02
2.730000e-06	-1.467688e-06	-2.186043e-09	-9.800636e+00	-1.440273e+02
2.740000e-06	-1.522763e-06	-2.370518e-09	-1.016841e+01	-1.561099e+02
2.750000e-06	-1.577337e-06	-2.564819e-09	-1.053283e+01	-1.680426e+02
2.760000e-06	-1.631097e-06	-2.747860e-09	-1.089181e+01	-1.798224e+02
2.770000e-06	-1.683901e-06	-2.913002e-09	-1.124442e+01	-1.914501e+02
2.780000e-06	-1.735854e-06	-3.081445e-09	-1.159134e+01	-2.029143e+02
2.790000e-06	-1.787156e-06	-3.264193e-09	-1.193392e+01	-2.141859e+02
2.800000e-06	-1.837864e-06	-3.442501e-09	-1.227252e+01	-2.252267e+02
2.810000e-06	-1.887875e-06	-3.600433e-09	-1.260647e+01	-2.360062e+02
2.820000e-06	-1.937230e-06	-3.748078e-09	-1.293605e+01	-2.465126e+02
2.830000e-06	-1.985828e-06	-3.903683e-09	-1.326057e+01	-2.567515e+02
2.840000e-06	-2.033253e-06	-4.067418e-09	-1.357725e+01	-2.667310e+02
2.850000e-06	-2.079588e-06	-4.222119e-09	-1.388666e+01	-2.764460e+02
2.860000e-06	-2.125254e-06	-4.357694e-09	-1.419160e+01	-2.858734e+02
2.870000e-06	-2.170344e-06	-4.489386e-09	-1.449269e+01	-2.949831e+02
2.880000e-06	-2.214765e-06	-4.628617e-09	-1.478932e+01	-3.037573e+02
2.890000e-06	-2.258489e-06	-4.765090e-09	-1.508129e+01	-3.122042e+02
2.900000e-06	-2.301634e-06	-4.885608e-09	-1.536939e+01	-3.203560e+02
2.910000e-06	-2.344093e-06	-4.994521e-09	-1.565292e+01	-3.282501e+02
2.920000e-06	-2.385798e-06	-5.108968e-09	-1.593141e+01	-3.359079e+02
2.930000e-06	-2.426759e-06	-5.231697e-09	-1.620493e+01	-3.433229e+02
2.940000e-06	-2.466902e-06	-5.347528e-09	-1.647299e+01	-3.504671e+02
2.950000e-06	-2.506326e-06	-5.446739e-09	-1.673624e+01	-3.573088e+02
2.960000e-06	-2.544976e-06	-5.538806e-09	-1.699434e+01	-3.638303e+02
2.970000e-06	-2.582469e-06	-5.636353e-09	-1.724470e+01	-3.700347e+02
2.980000e-06	-2.618671e-06	-5.735323e-09	-1.748644e+01	-3.759407e+02
2.990000e-06	-2.653968e-06	-5.821278e-09	-1.772214e+01	-3.815708e+02
3.000000e-06	-2.688479e-06	-5.893878e-09	-1.795259e+01	-3.869450e+02
3.010000e-06	-2.722096e-06	-5.969341e-09	-1.817707e+01	-3.920797e+02
3.020000e-06	-2.754800e-06	-6.051557e-09	-1.839546e+01	-3.969910e+02
3.030000e-06	-2.786583e-06	-6.131533e-09	-1.860769e+01	-4.016945e+02
3.040000e-06	-2.817529e-06	-6.196975e-09	-1.881433e+01	-4.061996e+02
3.050000e-06	-2.847350e-06	-6.255327e-09	-1.901347e+01	-4.105034e+02
3.060000e-06	-2.875838e-06	-6.318862e-09	-1.920370e+01	-4.145925e+02
3.070000e-06	-2.903294e-06	-6.384813e-09	-1.938704e+01	-4.184543e+02
3.080000e-06	-2.929807e-06	-6.441447e-09	-1.956409e+01	-4.220913e+02
3.090000e-06	-2.955250e-06	-6.486669e-09	-1.973398e+01	-4.255281e+02
3.100000e-06	-2.979625e-06	-6.532935e-09	-1.989675e+01	-4.288024e+02
3.110000e-06	-3.003162e-06	-6.585338e-09	-2.005392e+01	-4.319433e+02
3.120000e-06	-3.025827e-06	-6.638967e-09	-2.020527e+01	-4.349535e+02
3.130000e-06	-3.047152e-06	-6.680986e-09	-2.034767e+01	-4.378069e+02
3.140000e-06	-3.067126e-06	-6.715666e-09	-2.048105e+01	-4.404669e+02
3.150000e-06	-3.086142e-06	-6.752757e-09	-2.060803e+01	-4.429122e+02
3.160000e-06	-3.104212e-06	-6.793750e-09	-2.072869e+01	-4.451525e+02
3.170000e-06	-3.121253e-06	-6.829490e-09	-2.084248e+01	-4.472232e+02
3.180000e-06	-3.137299e-06	-6.855029e-09	-2.094963e+01	-4.491617e+02
3.190000e-06	-3.152320e-06	-6.877779e-09	-2.104994e+01	-4.509853e+02
3.200000e-06	-3.166004e-06	-6.904887e-09	-2.114131e+01	-4.526866e+02
3.210000e-06	-3.178152e-06	-6.933192e-09	-2.122243e+01	-4.542492e+02
3.220000e-06	-3.188990e-06	-6.954641e-09	-2.129480e+01	-4.556706e+02
3.230000e-06	-3.198707e-06	-6.969487e-09	-2.135969e+01	-4.569702e+02
3.240000e-06	-3.207361e-06	-6.986276e-09	-2.141748e+01	-4.581745e+02
3.250000e-06	-3.215040e-06	-7.009545e-09	-2.146876e+01	-4.592904e+02
3.260000e-06	-3.221704e-06	-7.030209e-09	-2.151325e+01	-4.602896e+02
3.270000e-06	-3.226966e-06	-7.041387e-09	-2.154839e+01	-4.611224e+02
3.280000e-06	-3.230868e-06	-7.047846e-09	-2.157445e+01	-4.617562e+02
3.290000e-06	-3.233740e-06	-7.055075e-09	-2.159362e+01	-4.622119e+02
3.300000e-06	-3.235572e-06	-7.063280e-09	-2.160586e+01	-4.625669e+02
3.310000e-06	-3.236332e-06	-7.067941e-09	-2.161093e+01	-4.629140e+02
3.320000e-06	-3.236131e-06	-7.069931e-09	-2.160959e+01	-4.632990e+02
