# Temperatura_=_20.0
# Concentracion g/m^3_=_10000.0
# C_Vs_to_Am_M_A/Vsm_=_65563218390.804596
# pendiente_HvsI_1/m_=_3716.3
# ordenada_HvsI_A/m_=_1297.0
# frecuencia_Hz_=_301113.0346315643

Tiempo_(s)	Campo_(V.s)	Magnetizacion_(V.s)	Campo_(kA/m)	Magnetizacion_(A/m)
0.000000e+00	-3.235703e-06	-7.082412e-09	-2.160646e+01	-4.638640e+02
1.000000e-08	-3.234652e-06	-7.084415e-09	-2.159944e+01	-4.639699e+02
2.000000e-08	-3.232395e-06	-7.085241e-09	-2.158437e+01	-4.639097e+02
3.000000e-08	-3.228789e-06	-7.082689e-09	-2.156029e+01	-4.636825e+02
4.000000e-08	-3.224217e-06	-7.074948e-09	-2.152976e+01	-4.633258e+02
5.000000e-08	-3.218780e-06	-7.066274e-09	-2.149345e+01	-4.629172e+02
6.000000e-08	-3.212253e-06	-7.060703e-09	-2.144987e+01	-4.625357e+02
7.000000e-08	-3.204661e-06	-7.052051e-09	-2.139918e+01	-4.622048e+02
8.000000e-08	-3.196035e-06	-7.048792e-09	-2.134157e+01	-4.618587e+02
9.000000e-08	-3.185871e-06	-7.076508e-09	-2.127370e+01	-4.613666e+02
1.000000e-07	-3.173902e-06	-7.076542e-09	-2.119378e+01	-4.606091e+02
1.100000e-07	-3.160633e-06	-7.024308e-09	-2.110518e+01	-4.595600e+02
1.200000e-07	-3.146516e-06	-6.921196e-09	-2.101091e+01	-4.583192e+02
1.300000e-07	-3.131368e-06	-6.966893e-09	-2.090976e+01	-4.570670e+02
1.400000e-07	-3.114719e-06	-7.048877e-09	-2.079859e+01	-4.559640e+02
1.500000e-07	-3.096926e-06	-6.898555e-09	-2.067977e+01	-4.550581e+02
1.600000e-07	-3.078338e-06	-6.889073e-09	-2.055565e+01	-4.542571e+02
1.700000e-07	-3.058675e-06	-6.975392e-09	-2.042435e+01	-4.533844e+02
1.800000e-07	-3.038165e-06	-6.896415e-09	-2.028740e+01	-4.522788e+02
1.900000e-07	-3.017012e-06	-6.833309e-09	-2.014615e+01	-4.508767e+02
2.000000e-07	-2.994680e-06	-6.920676e-09	-1.999702e+01	-4.492256e+02
2.100000e-07	-2.971004e-06	-6.828363e-09	-1.983892e+01	-4.474303e+02
2.200000e-07	-2.946515e-06	-6.684293e-09	-1.967540e+01	-4.455747e+02
2.300000e-07	-2.921163e-06	-6.811419e-09	-1.950611e+01	-4.436747e+02
2.400000e-07	-2.894385e-06	-6.800812e-09	-1.932730e+01	-4.416905e+02
2.500000e-07	-2.866283e-06	-6.646588e-09	-1.913965e+01	-4.395788e+02
2.600000e-07	-2.837207e-06	-6.646200e-09	-1.894549e+01	-4.373400e+02
2.700000e-07	-2.807309e-06	-6.635133e-09	-1.874585e+01	-4.350223e+02
2.800000e-07	-2.776579e-06	-6.582330e-09	-1.854065e+01	-4.326785e+02
2.900000e-07	-2.744883e-06	-6.594079e-09	-1.832900e+01	-4.303128e+02
3.000000e-07	-2.712330e-06	-6.500552e-09	-1.811163e+01	-4.278597e+02
3.100000e-07	-2.678823e-06	-6.451016e-09	-1.788789e+01	-4.252167e+02
3.200000e-07	-2.644041e-06	-6.464451e-09	-1.765562e+01	-4.223120e+02
3.300000e-07	-2.608178e-06	-6.400437e-09	-1.741615e+01	-4.191604e+02
3.400000e-07	-2.571492e-06	-6.333202e-09	-1.717118e+01	-4.158690e+02
3.500000e-07	-2.533915e-06	-6.275956e-09	-1.692026e+01	-4.125836e+02
3.600000e-07	-2.495418e-06	-6.206222e-09	-1.666319e+01	-4.094087e+02
3.700000e-07	-2.456063e-06	-6.195477e-09	-1.640040e+01	-4.063482e+02
3.800000e-07	-2.416010e-06	-6.189922e-09	-1.613294e+01	-4.033005e+02
3.900000e-07	-2.375264e-06	-6.081809e-09	-1.586086e+01	-4.001098e+02
4.000000e-07	-2.333572e-06	-6.022066e-09	-1.558246e+01	-3.966429e+02
4.100000e-07	-2.290727e-06	-5.996967e-09	-1.529637e+01	-3.928503e+02
4.200000e-07	-2.246847e-06	-5.949177e-09	-1.500336e+01	-3.887837e+02
4.300000e-07	-2.202170e-06	-5.856617e-09	-1.470502e+01	-3.845668e+02
4.400000e-07	-2.156776e-06	-5.766065e-09	-1.440191e+01	-3.803391e+02
4.500000e-07	-2.110699e-06	-5.712734e-09	-1.409423e+01	-3.761985e+02
4.600000e-07	-2.063906e-06	-5.678597e-09	-1.378176e+01	-3.721649e+02
4.700000e-07	-2.016337e-06	-5.638146e-09	-1.346412e+01	-3.681745e+02
4.800000e-07	-1.968119e-06	-5.549043e-09	-1.314215e+01	-3.641049e+02
4.900000e-07	-1.919286e-06	-5.471348e-09	-1.281606e+01	-3.598211e+02
5.000000e-07	-1.869514e-06	-5.412303e-09	-1.248371e+01	-3.552279e+02
5.100000e-07	-1.818692e-06	-5.355174e-09	-1.214435e+01	-3.503093e+02
5.200000e-07	-1.766977e-06	-5.260164e-09	-1.179902e+01	-3.451378e+02
5.300000e-07	-1.714510e-06	-5.159882e-09	-1.144867e+01	-3.398463e+02
5.400000e-07	-1.661396e-06	-5.085596e-09	-1.109400e+01	-3.345714e+02
5.500000e-07	-1.607645e-06	-5.033921e-09	-1.073508e+01	-3.293925e+02
5.600000e-07	-1.553397e-06	-4.965060e-09	-1.037284e+01	-3.242959e+02
5.700000e-07	-1.498645e-06	-4.862095e-09	-1.000723e+01	-3.191834e+02
5.800000e-07	-1.443254e-06	-4.772219e-09	-9.637354e+00	-3.139189e+02
5.900000e-07	-1.387399e-06	-4.694616e-09	-9.264375e+00	-3.083914e+02
6.000000e-07	-1.331274e-06	-4.623485e-09	-8.889603e+00	-3.025600e+02
6.100000e-07	-1.274871e-06	-4.523223e-09	-8.512971e+00	-2.964625e+02
6.200000e-07	-1.218058e-06	-4.412738e-09	-8.133600e+00	-2.901863e+02
6.300000e-07	-1.160737e-06	-4.316360e-09	-7.750837e+00	-2.838227e+02
6.400000e-07	-1.102844e-06	-4.235902e-09	-7.364257e+00	-2.774280e+02
6.500000e-07	-1.044427e-06	-4.143795e-09	-6.974177e+00	-2.710076e+02
6.600000e-07	-9.853994e-07	-4.025249e-09	-6.580020e+00	-2.645245e+02
6.700000e-07	-9.256948e-07	-3.913961e-09	-6.181341e+00	-2.579192e+02
6.800000e-07	-8.655975e-07	-3.818763e-09	-5.780041e+00	-2.511318e+02
6.900000e-07	-8.053608e-07	-3.728526e-09	-5.377809e+00	-2.441172e+02
7.000000e-07	-7.450487e-07	-3.613156e-09	-4.975074e+00	-2.368545e+02
7.100000e-07	-6.845669e-07	-3.485982e-09	-4.571206e+00	-2.293533e+02
7.200000e-07	-6.239018e-07	-3.365992e-09	-4.166114e+00	-2.216520e+02
7.300000e-07	-5.630908e-07	-3.258827e-09	-3.760048e+00	-2.138095e+02
7.400000e-07	-5.020565e-07	-3.144357e-09	-3.352490e+00	-2.058850e+02
7.500000e-07	-4.408099e-07	-3.013123e-09	-2.943515e+00	-1.979142e+02
7.600000e-07	-3.793475e-07	-2.884339e-09	-2.533099e+00	-1.898904e+02
7.700000e-07	-3.176813e-07	-2.765809e-09	-2.121322e+00	-1.817634e+02
7.800000e-07	-2.559335e-07	-2.652241e-09	-1.709000e+00	-1.734559e+02
7.900000e-07	-1.941624e-07	-2.520421e-09	-1.296522e+00	-1.648927e+02
8.000000e-07	-1.323129e-07	-2.376374e-09	-8.835212e-01	-1.560284e+02
8.100000e-07	-7.035693e-08	-2.234136e-09	-4.698095e-01	-1.468618e+02
8.200000e-07	-8.327666e-09	-2.101267e-09	-5.560812e-02	-1.374331e+02
8.300000e-07	5.367444e-08	-1.960172e-09	3.584119e-01	-1.278065e+02
8.400000e-07	1.155826e-07	-1.802319e-09	7.718047e-01	-1.180473e+02
8.500000e-07	1.774703e-07	-1.643249e-09	1.185061e+00	-1.082003e+02
8.600000e-07	2.393231e-07	-1.493215e-09	1.598084e+00	-9.827533e+01
8.700000e-07	3.010566e-07	-1.350407e-09	2.010310e+00	-8.824335e+01
8.800000e-07	3.626615e-07	-1.195489e-09	2.421678e+00	-7.804534e+01
8.900000e-07	4.241238e-07	-1.028846e-09	2.832093e+00	-6.761302e+01
9.000000e-07	4.853725e-07	-8.616159e-10	3.241083e+00	-5.689640e+01
9.100000e-07	5.463853e-07	-7.013143e-10	3.648496e+00	-4.588708e+01
9.200000e-07	6.071789e-07	-5.359786e-10	4.054447e+00	-3.462560e+01
9.300000e-07	6.677984e-07	-3.565171e-10	4.459234e+00	-2.318671e+01
9.400000e-07	7.282870e-07	-1.728649e-10	4.863148e+00	-1.164813e+01
9.500000e-07	7.886593e-07	3.397771e-12	5.266285e+00	-5.849268e-02
9.600000e-07	8.489152e-07	1.723138e-10	5.668644e+00	1.157839e+01
9.700000e-07	9.090035e-07	3.498358e-10	6.069885e+00	2.329511e+01
9.800000e-07	9.687958e-07	5.368673e-10	6.469149e+00	3.513443e+01
9.900000e-07	1.028147e-06	7.240094e-10	6.865469e+00	4.712201e+01
1.000000e-06	1.086885e-06	9.038215e-10	7.257694e+00	5.925342e+01
1.010000e-06	1.144912e-06	1.085666e-09	7.645168e+00	7.149963e+01
1.020000e-06	1.202206e-06	1.277584e-09	8.027753e+00	8.382228e+01
1.030000e-06	1.258949e-06	1.472185e-09	8.406649e+00	9.618509e+01
1.040000e-06	1.315404e-06	1.661242e-09	8.783628e+00	1.085540e+02
1.050000e-06	1.371653e-06	1.843986e-09	9.159235e+00	1.208904e+02
1.060000e-06	1.427624e-06	2.029567e-09	9.532982e+00	1.331479e+02
1.070000e-06	1.483074e-06	2.220182e-09	9.903248e+00	1.452819e+02
1.080000e-06	1.537893e-06	2.407956e-09	1.026930e+01	1.572660e+02
1.090000e-06	1.592226e-06	2.585519e-09	1.063211e+01	1.691037e+02
1.100000e-06	1.646086e-06	2.758759e-09	1.099177e+01	1.808222e+02
1.110000e-06	1.699286e-06	2.936598e-09	1.134701e+01	1.924475e+02
1.120000e-06	1.751824e-06	3.117946e-09	1.169783e+01	2.039758e+02
1.130000e-06	1.803718e-06	3.293176e-09	1.204436e+01	2.153596e+02
1.140000e-06	1.854768e-06	3.458672e-09	1.238524e+01	2.265201e+02
1.150000e-06	1.904776e-06	3.623080e-09	1.271917e+01	2.373791e+02
1.160000e-06	1.953817e-06	3.788043e-09	1.304664e+01	2.478907e+02
1.170000e-06	2.002193e-06	3.947415e-09	1.336967e+01	2.580544e+02
1.180000e-06	2.049990e-06	4.094866e-09	1.368884e+01	2.679039e+02
1.190000e-06	2.097060e-06	4.234559e-09	1.400315e+01	2.774816e+02
1.200000e-06	2.143391e-06	4.376050e-09	1.431253e+01	2.868164e+02
1.210000e-06	2.188979e-06	4.518930e-09	1.461694e+01	2.959171e+02
1.220000e-06	2.233821e-06	4.655238e-09	1.491637e+01	3.047781e+02
1.230000e-06	2.278123e-06	4.782206e-09	1.521220e+01	3.133867e+02
1.240000e-06	2.321862e-06	4.907349e-09	1.550427e+01	3.217243e+02
1.250000e-06	2.364537e-06	5.033956e-09	1.578923e+01	3.297616e+02
1.260000e-06	2.405920e-06	5.156777e-09	1.606557e+01	3.374605e+02
1.270000e-06	2.446406e-06	5.266894e-09	1.633591e+01	3.447890e+02
1.280000e-06	2.486179e-06	5.367386e-09	1.660150e+01	3.517449e+02
1.290000e-06	2.525125e-06	5.467357e-09	1.686156e+01	3.583718e+02
1.300000e-06	2.563306e-06	5.568855e-09	1.711652e+01	3.647496e+02
1.310000e-06	2.600672e-06	5.665152e-09	1.736603e+01	3.709591e+02
1.320000e-06	2.637225e-06	5.754105e-09	1.761011e+01	3.770378e+02
1.330000e-06	2.672985e-06	5.842209e-09	1.784890e+01	3.829561e+02
1.340000e-06	2.707609e-06	5.930537e-09	1.808010e+01	3.886313e+02
1.350000e-06	2.740962e-06	6.014928e-09	1.830282e+01	3.939749e+02
1.360000e-06	2.773343e-06	6.089282e-09	1.851904e+01	3.989426e+02
1.370000e-06	2.804906e-06	6.156091e-09	1.872980e+01	4.035593e+02
1.380000e-06	2.835573e-06	6.221062e-09	1.893458e+01	4.079029e+02
1.390000e-06	2.865293e-06	6.286324e-09	1.913304e+01	4.120613e+02
1.400000e-06	2.894119e-06	6.347693e-09	1.932552e+01	4.160921e+02
1.410000e-06	2.922063e-06	6.403609e-09	1.951212e+01	4.200081e+02
1.420000e-06	2.948853e-06	6.458203e-09	1.969101e+01	4.237921e+02
1.430000e-06	2.974276e-06	6.513407e-09	1.986077e+01	4.274215e+02
1.440000e-06	2.998536e-06	6.568280e-09	2.002277e+01	4.308821e+02
1.450000e-06	3.021811e-06	6.618266e-09	2.017819e+01	4.341616e+02
1.460000e-06	3.044079e-06	6.663316e-09	2.032689e+01	4.372373e+02
1.470000e-06	3.065378e-06	6.705893e-09	2.046911e+01	4.400761e+02
1.480000e-06	3.085797e-06	6.746221e-09	2.060546e+01	4.426558e+02
1.490000e-06	3.105283e-06	6.781375e-09	2.073558e+01	4.449946e+02
1.500000e-06	3.123593e-06	6.811080e-09	2.085784e+01	4.471618e+02
1.510000e-06	3.140748e-06	6.838678e-09	2.097240e+01	4.492527e+02
1.520000e-06	3.156742e-06	6.869818e-09	2.107919e+01	4.513368e+02
1.530000e-06	3.171512e-06	6.904884e-09	2.117782e+01	4.534109e+02
1.540000e-06	3.185117e-06	6.935967e-09	2.126867e+01	4.553926e+02
1.550000e-06	3.197515e-06	6.961135e-09	2.135145e+01	4.571639e+02
1.560000e-06	3.208555e-06	6.983349e-09	2.142517e+01	4.586406e+02
1.570000e-06	3.218181e-06	7.003114e-09	2.148946e+01	4.598233e+02
1.580000e-06	3.226644e-06	7.018845e-09	2.154597e+01	4.607978e+02
1.590000e-06	3.234051e-06	7.029190e-09	2.159543e+01	4.616841e+02
1.600000e-06	3.240338e-06	7.038381e-09	2.163741e+01	4.625694e+02
1.610000e-06	3.245542e-06	7.052013e-09	2.167215e+01	4.634674e+02
1.620000e-06	3.249782e-06	7.068309e-09	2.170047e+01	4.643271e+02
1.630000e-06	3.252912e-06	7.082559e-09	2.172137e+01	4.650769e+02
1.640000e-06	3.254648e-06	7.092259e-09	2.173296e+01	4.656694e+02
1.650000e-06	3.255200e-06	7.098639e-09	2.173665e+01	4.660946e+02
1.660000e-06	3.254750e-06	7.103512e-09	2.173364e+01	4.663624e+02
1.670000e-06	3.253245e-06	7.103051e-09	2.172359e+01	4.664751e+02
1.680000e-06	3.250733e-06	7.097955e-09	2.170682e+01	4.664220e+02
1.690000e-06	3.247352e-06	7.090847e-09	2.168424e+01	4.662015e+02
1.700000e-06	3.242985e-06	7.085956e-09	2.165508e+01	4.658493e+02
1.710000e-06	3.237235e-06	7.084710e-09	2.161669e+01	4.654421e+02
1.720000e-06	3.230254e-06	7.083371e-09	2.157007e+01	4.650598e+02
1.730000e-06	3.222452e-06	7.089703e-09	2.151798e+01	4.647287e+02
1.740000e-06	3.213704e-06	7.061654e-09	2.145956e+01	4.643863e+02
1.750000e-06	3.203399e-06	7.011963e-09	2.139075e+01	4.639029e+02
1.760000e-06	3.190891e-06	6.999027e-09	2.130723e+01	4.631571e+02
1.770000e-06	3.176563e-06	7.085576e-09	2.121155e+01	4.621185e+02
1.780000e-06	3.161837e-06	7.067530e-09	2.111322e+01	4.608827e+02
1.790000e-06	3.146928e-06	6.947298e-09	2.101366e+01	4.596288e+02
1.800000e-06	3.130685e-06	6.939300e-09	2.090520e+01	4.585199e+02
1.810000e-06	3.113102e-06	7.039826e-09	2.078779e+01	4.576088e+02
1.820000e-06	3.095045e-06	6.945648e-09	2.066721e+01	4.568080e+02
1.830000e-06	3.076055e-06	6.874054e-09	2.054041e+01	4.559420e+02
1.840000e-06	3.055300e-06	7.018995e-09	2.040182e+01	4.548476e+02
1.850000e-06	3.033268e-06	6.885653e-09	2.025470e+01	4.534569e+02
1.860000e-06	3.010375e-06	6.792248e-09	2.010183e+01	4.518141e+02
1.870000e-06	2.986382e-06	6.974832e-09	1.994161e+01	4.500233e+02
1.880000e-06	2.961390e-06	6.883619e-09	1.977473e+01	4.481701e+02
1.890000e-06	2.935462e-06	6.687826e-09	1.960160e+01	4.462733e+02
1.900000e-06	2.908556e-06	6.808604e-09	1.942193e+01	4.442941e+02
1.910000e-06	2.880843e-06	6.798412e-09	1.923688e+01	4.421883e+02
1.920000e-06	2.851976e-06	6.681752e-09	1.904411e+01	4.399545e+02
1.930000e-06	2.821605e-06	6.706905e-09	1.884131e+01	4.376396e+02
1.940000e-06	2.790272e-06	6.630730e-09	1.863208e+01	4.352973e+02
1.950000e-06	2.758112e-06	6.582229e-09	1.841734e+01	4.329342e+02
1.960000e-06	2.724971e-06	6.641523e-09	1.819604e+01	4.304870e+02
1.970000e-06	2.691048e-06	6.510143e-09	1.796952e+01	4.278535e+02
1.980000e-06	2.656290e-06	6.446017e-09	1.773742e+01	4.249596e+02
1.990000e-06	2.620711e-06	6.471991e-09	1.749984e+01	4.218165e+02
2.000000e-06	2.584256e-06	6.366076e-09	1.725641e+01	4.185287e+02
2.010000e-06	2.546515e-06	6.368336e-09	1.700440e+01	4.152418e+02
2.020000e-06	2.507537e-06	6.322359e-09	1.674412e+01	4.120633e+02
2.030000e-06	2.467724e-06	6.192783e-09	1.647827e+01	4.090010e+02
2.040000e-06	2.427126e-06	6.194815e-09	1.620717e+01	4.059565e+02
2.050000e-06	2.385786e-06	6.176945e-09	1.593112e+01	4.027746e+02
2.060000e-06	2.343673e-06	6.090208e-09	1.564991e+01	3.993201e+02
2.070000e-06	2.300730e-06	6.020462e-09	1.536316e+01	3.955399e+02
2.080000e-06	2.257159e-06	5.958349e-09	1.507221e+01	3.914823e+02
2.090000e-06	2.212899e-06	5.934326e-09	1.477667e+01	3.872693e+02
2.100000e-06	2.167808e-06	5.879517e-09	1.447557e+01	3.830410e+02
2.110000e-06	2.121891e-06	5.778686e-09	1.416896e+01	3.788975e+02
2.120000e-06	2.075257e-06	5.709241e-09	1.385756e+01	3.748618e+02
2.130000e-06	2.027977e-06	5.643807e-09	1.354185e+01	3.708728e+02
2.140000e-06	1.979810e-06	5.610255e-09	1.322021e+01	3.668094e+02
2.150000e-06	1.930725e-06	5.540608e-09	1.289245e+01	3.625364e+02
2.160000e-06	1.881000e-06	5.442360e-09	1.256041e+01	3.579562e+02
2.170000e-06	1.830658e-06	5.389980e-09	1.222425e+01	3.530495e+02
2.180000e-06	1.779633e-06	5.319888e-09	1.188353e+01	3.478860e+02
2.190000e-06	1.727950e-06	5.249864e-09	1.153842e+01	3.425973e+02
2.200000e-06	1.675496e-06	5.150588e-09	1.118815e+01	3.373211e+02
2.210000e-06	1.622081e-06	5.043624e-09	1.083147e+01	3.321394e+02
2.220000e-06	1.567704e-06	4.984448e-09	1.046837e+01	3.270423e+02
2.230000e-06	1.512712e-06	4.921829e-09	1.010116e+01	3.219337e+02
2.240000e-06	1.457384e-06	4.839903e-09	9.731705e+00	3.166779e+02
2.250000e-06	1.401677e-06	4.746682e-09	9.359722e+00	3.111620e+02
2.260000e-06	1.345488e-06	4.652763e-09	8.984518e+00	3.053424e+02
2.270000e-06	1.288835e-06	4.578485e-09	8.606215e+00	2.992541e+02
2.280000e-06	1.231763e-06	4.490127e-09	8.225115e+00	2.929837e+02
2.290000e-06	1.174262e-06	4.377263e-09	7.841154e+00	2.866230e+02
2.300000e-06	1.116367e-06	4.266585e-09	7.454555e+00	2.802301e+02
2.310000e-06	1.058106e-06	4.170302e-09	7.065518e+00	2.738121e+02
2.320000e-06	9.993999e-07	4.095692e-09	6.673508e+00	2.673333e+02
2.330000e-06	9.403081e-07	3.994272e-09	6.278922e+00	2.607345e+02
2.340000e-06	8.810345e-07	3.872597e-09	5.883122e+00	2.539556e+02
2.350000e-06	8.216566e-07	3.761983e-09	5.486625e+00	2.469506e+02
2.360000e-06	7.621289e-07	3.662007e-09	5.089128e+00	2.396980e+02
2.370000e-06	7.023632e-07	3.561024e-09	4.690041e+00	2.322058e+02
2.380000e-06	6.423842e-07	3.433041e-09	4.289530e+00	2.245118e+02
2.390000e-06	5.822027e-07	3.302806e-09	3.887668e+00	2.166743e+02
2.400000e-06	5.217875e-07	3.185610e-09	3.484244e+00	2.087530e+02
2.410000e-06	4.610986e-07	3.074089e-09	3.078993e+00	2.007847e+02
2.420000e-06	3.999981e-07	2.950677e-09	2.670994e+00	1.927645e+02
2.430000e-06	3.385557e-07	2.810671e-09	2.260711e+00	1.846435e+02
2.440000e-06	2.769938e-07	2.676996e-09	1.849630e+00	1.763449e+02
2.450000e-06	2.153358e-07	2.557404e-09	1.437908e+00	1.677929e+02
2.460000e-06	1.534935e-07	2.433944e-09	1.024955e+00	1.589407e+02
2.470000e-06	9.148899e-08	2.288073e-09	6.109192e-01	1.497855e+02
2.480000e-06	2.944115e-08	2.132579e-09	1.965938e-01	1.403662e+02
2.490000e-06	-3.258046e-08	1.986399e-09	-2.175566e-01	1.307466e+02
2.500000e-06	-9.453940e-08	1.849252e-09	-6.312883e-01	1.209923e+02
2.510000e-06	-1.564477e-07	1.701033e-09	-1.044682e+00	1.111491e+02
2.520000e-06	-2.182453e-07	1.538826e-09	-1.457337e+00	1.012282e+02
2.530000e-06	-2.798995e-07	1.379177e-09	-1.869033e+00	9.120201e+01
2.540000e-06	-3.414283e-07	1.231954e-09	-2.279893e+00	8.101220e+01
2.550000e-06	-4.027579e-07	1.084487e-09	-2.689422e+00	7.059037e+01
2.560000e-06	-4.638317e-07	9.183954e-10	-3.097243e+00	5.988540e+01
2.570000e-06	-5.245836e-07	7.419322e-10	-3.502915e+00	4.888718e+01
2.580000e-06	-5.849850e-07	5.685786e-10	-3.906247e+00	3.763461e+01
2.590000e-06	-6.450426e-07	4.033541e-10	-4.307282e+00	2.620170e+01
2.600000e-06	-7.048129e-07	2.313198e-10	-4.706399e+00	1.466666e+01
2.610000e-06	-7.643742e-07	4.522705e-11	-5.104120e+00	3.079582e+00
2.620000e-06	-8.237952e-07	-1.406175e-10	-5.500905e+00	-8.554138e+00
2.630000e-06	-8.830924e-07	-3.141237e-10	-5.896864e+00	-2.026617e+01
2.640000e-06	-9.422249e-07	-4.834764e-10	-6.291722e+00	-3.209944e+01
2.650000e-06	-1.001130e-06	-6.659108e-10	-6.685061e+00	-4.408055e+01
2.660000e-06	-1.059736e-06	-8.593619e-10	-7.076405e+00	-5.620615e+01
2.670000e-06	-1.117933e-06	-1.048040e-09	-7.465012e+00	-6.844785e+01
2.680000e-06	-1.175664e-06	-1.225586e-09	-7.850516e+00	-8.076735e+01
2.690000e-06	-1.232984e-06	-1.407658e-09	-8.233272e+00	-9.312824e+01
2.700000e-06	-1.289854e-06	-1.601468e-09	-8.613022e+00	-1.054965e+02
2.710000e-06	-1.346213e-06	-1.798202e-09	-8.989361e+00	-1.178337e+02
2.720000e-06	-1.402082e-06	-1.984667e-09	-9.362425e+00	-1.300938e+02
2.730000e-06	-1.457584e-06	-2.161255e-09	-9.733038e+00	-1.422318e+02
2.740000e-06	-1.512760e-06	-2.341957e-09	-1.010148e+01	-1.542203e+02
2.750000e-06	-1.567426e-06	-2.529165e-09	-1.046651e+01	-1.660618e+02
2.760000e-06	-1.621319e-06	-2.712127e-09	-1.082638e+01	-1.777829e+02
2.770000e-06	-1.674302e-06	-2.883093e-09	-1.118018e+01	-1.894103e+02
2.780000e-06	-1.726402e-06	-3.053361e-09	-1.152807e+01	-2.009415e+02
2.790000e-06	-1.777811e-06	-3.230368e-09	-1.187136e+01	-2.123306e+02
2.800000e-06	-1.828649e-06	-3.407012e-09	-1.221083e+01	-2.234996e+02
2.810000e-06	-1.878773e-06	-3.572876e-09	-1.254554e+01	-2.343693e+02
2.820000e-06	-1.928197e-06	-3.728392e-09	-1.287557e+01	-2.448925e+02
2.830000e-06	-1.976848e-06	-3.881116e-09	-1.320044e+01	-2.550671e+02
2.840000e-06	-2.024503e-06	-4.035242e-09	-1.351865e+01	-2.649260e+02
2.850000e-06	-2.071187e-06	-4.185031e-09	-1.383038e+01	-2.745117e+02
2.860000e-06	-2.117056e-06	-4.323695e-09	-1.413667e+01	-2.838539e+02
2.870000e-06	-2.162287e-06	-4.457952e-09	-1.443870e+01	-2.929620e+02
2.880000e-06	-2.206868e-06	-4.593525e-09	-1.473640e+01	-3.018306e+02
2.890000e-06	-2.250747e-06	-4.729255e-09	-1.502940e+01	-3.104475e+02
2.900000e-06	-2.294060e-06	-4.858130e-09	-1.531862e+01	-3.187941e+02
2.910000e-06	-2.336752e-06	-4.978280e-09	-1.560370e+01	-3.268416e+02
2.920000e-06	-2.378654e-06	-5.093462e-09	-1.588350e+01	-3.345522e+02
2.930000e-06	-2.419752e-06	-5.208464e-09	-1.615793e+01	-3.418931e+02
2.940000e-06	-2.460053e-06	-5.319002e-09	-1.642704e+01	-3.488608e+02
2.950000e-06	-2.499602e-06	-5.418181e-09	-1.669113e+01	-3.554971e+02
2.960000e-06	-2.538354e-06	-5.510771e-09	-1.694990e+01	-3.618813e+02
2.970000e-06	-2.575959e-06	-5.604630e-09	-1.720101e+01	-3.680947e+02
2.980000e-06	-2.612292e-06	-5.701995e-09	-1.744362e+01	-3.741772e+02
2.990000e-06	-2.647735e-06	-5.795158e-09	-1.768029e+01	-3.801013e+02
3.000000e-06	-2.682417e-06	-5.878794e-09	-1.791188e+01	-3.857858e+02
3.010000e-06	-2.716182e-06	-5.959240e-09	-1.813735e+01	-3.911413e+02
3.020000e-06	-2.749029e-06	-6.039140e-09	-1.835669e+01	-3.961213e+02
3.030000e-06	-2.781004e-06	-6.115030e-09	-1.857020e+01	-4.007484e+02
3.040000e-06	-2.812100e-06	-6.180540e-09	-1.877784e+01	-4.050990e+02
3.050000e-06	-2.842064e-06	-6.239338e-09	-1.897793e+01	-4.092618e+02
3.060000e-06	-2.870696e-06	-6.299915e-09	-1.916912e+01	-4.132956e+02
3.070000e-06	-2.898295e-06	-6.364069e-09	-1.935341e+01	-4.172148e+02
3.080000e-06	-2.925080e-06	-6.425581e-09	-1.953227e+01	-4.210028e+02
3.090000e-06	-2.950827e-06	-6.480492e-09	-1.970419e+01	-4.246370e+02
3.100000e-06	-2.975434e-06	-6.532376e-09	-1.986851e+01	-4.281027e+02
3.110000e-06	-2.999127e-06	-6.585139e-09	-2.002671e+01	-4.313880e+02
3.120000e-06	-3.021972e-06	-6.637130e-09	-2.017927e+01	-4.344705e+02
3.130000e-06	-3.043559e-06	-6.680793e-09	-2.032341e+01	-4.373172e+02
3.140000e-06	-3.063750e-06	-6.715485e-09	-2.045824e+01	-4.399050e+02
3.150000e-06	-3.082873e-06	-6.748416e-09	-2.058593e+01	-4.422504e+02
3.160000e-06	-3.101030e-06	-6.785405e-09	-2.070717e+01	-4.444211e+02
3.170000e-06	-3.118207e-06	-6.823150e-09	-2.082188e+01	-4.465122e+02
3.180000e-06	-3.134422e-06	-6.855822e-09	-2.093015e+01	-4.485950e+02
3.190000e-06	-3.149651e-06	-6.883440e-09	-2.103184e+01	-4.506694e+02
3.200000e-06	-3.163561e-06	-6.912791e-09	-2.112473e+01	-4.526553e+02
3.210000e-06	-3.175946e-06	-6.943287e-09	-2.120743e+01	-4.544349e+02
3.220000e-06	-3.187057e-06	-6.967535e-09	-2.128162e+01	-4.559216e+02
3.230000e-06	-3.197012e-06	-6.983438e-09	-2.134809e+01	-4.571127e+02
3.240000e-06	-3.205876e-06	-6.997177e-09	-2.140728e+01	-4.580915e+02
3.250000e-06	-3.213735e-06	-7.013311e-09	-2.145976e+01	-4.589780e+02
3.260000e-06	-3.220520e-06	-7.029494e-09	-2.150507e+01	-4.598615e+02
3.270000e-06	-3.226003e-06	-7.041138e-09	-2.154169e+01	-4.607586e+02
3.280000e-06	-3.230152e-06	-7.049530e-09	-2.156939e+01	-4.616199e+02
3.290000e-06	-3.233233e-06	-7.059806e-09	-2.158996e+01	-4.623737e+02
3.300000e-06	-3.235318e-06	-7.071791e-09	-2.160388e+01	-4.629710e+02
3.310000e-06	-3.236291e-06	-7.080324e-09	-2.161038e+01	-4.634010e+02
3.320000e-06	-3.236237e-06	-7.082885e-09	-2.161003e+01	-4.636732e+02
