# Temperatura_=_20.0
# Concentracion g/m^3_=_10000.0
# C_Vs_to_Am_M_A/Vsm_=_65563218390.804596
# pendiente_HvsI_1/m_=_3716.3
# ordenada_HvsI_A/m_=_1297.0
# frecuencia_Hz_=_301110.27092915657

Tiempo_(s)	Campo_(V.s)	Magnetizacion_(V.s)	Campo_(kA/m)	Magnetizacion_(A/m)
0.000000e+00	-3.239440e-06	-7.090773e-09	-2.160914e+01	-4.648843e+02
1.000000e-08	-3.238335e-06	-7.096761e-09	-2.160177e+01	-4.651239e+02
2.000000e-08	-3.236034e-06	-7.103028e-09	-2.158643e+01	-4.652892e+02
3.000000e-08	-3.232367e-06	-7.106180e-09	-2.156196e+01	-4.652974e+02
4.000000e-08	-3.227753e-06	-7.103724e-09	-2.153119e+01	-4.650981e+02
5.000000e-08	-3.222257e-06	-7.095341e-09	-2.149453e+01	-4.647125e+02
6.000000e-08	-3.215673e-06	-7.083397e-09	-2.145060e+01	-4.642191e+02
7.000000e-08	-3.207996e-06	-7.064448e-09	-2.139940e+01	-4.636936e+02
8.000000e-08	-3.199195e-06	-7.073264e-09	-2.134068e+01	-4.631487e+02
9.000000e-08	-3.188751e-06	-7.115997e-09	-2.127102e+01	-4.625225e+02
1.000000e-07	-3.176506e-06	-7.107550e-09	-2.118934e+01	-4.617299e+02
1.100000e-07	-3.163071e-06	-7.001999e-09	-2.109971e+01	-4.607450e+02
1.200000e-07	-3.148884e-06	-6.911088e-09	-2.100508e+01	-4.596503e+02
1.300000e-07	-3.133647e-06	-7.047003e-09	-2.090344e+01	-4.586098e+02
1.400000e-07	-3.116848e-06	-7.111982e-09	-2.079138e+01	-4.577728e+02
1.500000e-07	-3.098959e-06	-6.858047e-09	-2.067205e+01	-4.571690e+02
1.600000e-07	-3.080310e-06	-6.941083e-09	-2.054765e+01	-4.566660e+02
1.700000e-07	-3.060534e-06	-7.059694e-09	-2.041573e+01	-4.560263e+02
1.800000e-07	-3.039913e-06	-6.874749e-09	-2.027817e+01	-4.550322e+02
1.900000e-07	-3.018700e-06	-6.907851e-09	-2.013667e+01	-4.536030e+02
2.000000e-07	-2.996254e-06	-7.008056e-09	-1.998694e+01	-4.518305e+02
2.100000e-07	-2.972408e-06	-6.800882e-09	-1.982787e+01	-4.499114e+02
2.200000e-07	-2.947824e-06	-6.712489e-09	-1.966388e+01	-4.480227e+02
2.300000e-07	-2.922405e-06	-6.919648e-09	-1.949432e+01	-4.462189e+02
2.400000e-07	-2.895531e-06	-6.840329e-09	-1.931505e+01	-4.444149e+02
2.500000e-07	-2.867321e-06	-6.682040e-09	-1.912687e+01	-4.424574e+02
2.600000e-07	-2.838130e-06	-6.688911e-09	-1.893215e+01	-4.402324e+02
2.700000e-07	-2.808101e-06	-6.673080e-09	-1.873184e+01	-4.377367e+02
2.800000e-07	-2.777225e-06	-6.659395e-09	-1.852588e+01	-4.350724e+02
2.900000e-07	-2.745392e-06	-6.626339e-09	-1.831353e+01	-4.323753e+02
3.000000e-07	-2.712683e-06	-6.485485e-09	-1.809534e+01	-4.297309e+02
3.100000e-07	-2.678975e-06	-6.501861e-09	-1.787048e+01	-4.271315e+02
3.200000e-07	-2.644046e-06	-6.520867e-09	-1.763748e+01	-4.244955e+02
3.300000e-07	-2.608081e-06	-6.427979e-09	-1.739758e+01	-4.217260e+02
3.400000e-07	-2.571248e-06	-6.408435e-09	-1.715188e+01	-4.187667e+02
3.500000e-07	-2.533504e-06	-6.315138e-09	-1.690010e+01	-4.156203e+02
3.600000e-07	-2.494881e-06	-6.235276e-09	-1.664246e+01	-4.123295e+02
3.700000e-07	-2.455452e-06	-6.276800e-09	-1.637944e+01	-4.089414e+02
3.800000e-07	-2.415280e-06	-6.239614e-09	-1.611147e+01	-4.054837e+02
3.900000e-07	-2.374366e-06	-6.074591e-09	-1.583855e+01	-4.019621e+02
4.000000e-07	-2.332499e-06	-6.049280e-09	-1.555926e+01	-3.983722e+02
4.100000e-07	-2.289533e-06	-6.057373e-09	-1.527266e+01	-3.947078e+02
4.200000e-07	-2.245592e-06	-5.996734e-09	-1.497954e+01	-3.909592e+02
4.300000e-07	-2.200859e-06	-5.905412e-09	-1.468115e+01	-3.871085e+02
4.400000e-07	-2.155374e-06	-5.805290e-09	-1.437773e+01	-3.831314e+02
4.500000e-07	-2.109179e-06	-5.759920e-09	-1.406958e+01	-3.790107e+02
4.600000e-07	-2.062287e-06	-5.737021e-09	-1.375678e+01	-3.747523e+02
4.700000e-07	-2.014634e-06	-5.680538e-09	-1.343890e+01	-3.703859e+02
4.800000e-07	-1.966333e-06	-5.561734e-09	-1.311671e+01	-3.659473e+02
4.900000e-07	-1.917366e-06	-5.495367e-09	-1.279006e+01	-3.614504e+02
5.000000e-07	-1.867457e-06	-5.456017e-09	-1.245714e+01	-3.568715e+02
5.100000e-07	-1.816447e-06	-5.403016e-09	-1.211687e+01	-3.521598e+02
5.200000e-07	-1.764541e-06	-5.302788e-09	-1.177062e+01	-3.472705e+02
5.300000e-07	-1.711971e-06	-5.181759e-09	-1.141995e+01	-3.421979e+02
5.400000e-07	-1.658717e-06	-5.120045e-09	-1.106471e+01	-3.369829e+02
5.500000e-07	-1.604849e-06	-5.084342e-09	-1.070537e+01	-3.316872e+02
5.600000e-07	-1.550521e-06	-5.004870e-09	-1.034297e+01	-3.263508e+02
5.700000e-07	-1.495675e-06	-4.880793e-09	-9.977113e+00	-3.209614e+02
5.800000e-07	-1.440207e-06	-4.792970e-09	-9.607106e+00	-3.154597e+02
5.900000e-07	-1.384262e-06	-4.726077e-09	-9.233914e+00	-3.097765e+02
6.000000e-07	-1.328031e-06	-4.656999e-09	-8.858819e+00	-3.038775e+02
6.100000e-07	-1.271524e-06	-4.547645e-09	-8.481884e+00	-2.977852e+02
6.200000e-07	-1.214594e-06	-4.423850e-09	-8.102123e+00	-2.915622e+02
6.300000e-07	-1.157126e-06	-4.335665e-09	-7.718774e+00	-2.852694e+02
6.400000e-07	-1.099036e-06	-4.269217e-09	-7.331274e+00	-2.789267e+02
6.500000e-07	-1.040370e-06	-4.179933e-09	-6.939937e+00	-2.725007e+02
6.600000e-07	-9.811494e-07	-4.046797e-09	-6.544897e+00	-2.659267e+02
6.700000e-07	-9.213401e-07	-3.930771e-09	-6.145931e+00	-2.591471e+02
6.800000e-07	-8.611750e-07	-3.842398e-09	-5.744591e+00	-2.521404e+02
6.900000e-07	-8.009024e-07	-3.755688e-09	-5.342534e+00	-2.449263e+02
7.000000e-07	-7.405320e-07	-3.630577e-09	-4.939824e+00	-2.375477e+02
7.100000e-07	-6.799974e-07	-3.490138e-09	-4.536020e+00	-2.300447e+02
7.200000e-07	-6.192914e-07	-3.376548e-09	-4.131072e+00	-2.224380e+02
7.300000e-07	-5.583881e-07	-3.280336e-09	-3.724807e+00	-2.147270e+02
7.400000e-07	-4.972934e-07	-3.167833e-09	-3.317267e+00	-2.068960e+02
7.500000e-07	-4.360250e-07	-3.027348e-09	-2.908567e+00	-1.989217e+02
7.600000e-07	-3.745117e-07	-2.894266e-09	-2.498233e+00	-1.907762e+02
7.700000e-07	-3.128221e-07	-2.776368e-09	-2.086724e+00	-1.824288e+02
7.800000e-07	-2.510878e-07	-2.663501e-09	-1.674917e+00	-1.738534e+02
7.900000e-07	-1.892884e-07	-2.523620e-09	-1.262676e+00	-1.650395e+02
8.000000e-07	-1.273669e-07	-2.365450e-09	-8.496189e-01	-1.560014e+02
8.100000e-07	-6.536328e-08	-2.223125e-09	-4.360151e-01	-1.467748e+02
8.200000e-07	-3.367113e-09	-2.099879e-09	-2.246081e-02	-1.374006e+02
8.300000e-07	5.858376e-08	-1.965743e-09	3.907913e-01	-1.279017e+02
8.400000e-07	1.205099e-07	-1.804003e-09	8.038787e-01	-1.182681e+02
8.500000e-07	1.824284e-07	-1.641744e-09	1.216915e+00	-1.084608e+02
8.600000e-07	2.443167e-07	-1.495713e-09	1.629750e+00	-9.843135e+01
8.700000e-07	3.061007e-07	-1.356878e-09	2.041888e+00	-8.814725e+01
8.800000e-07	3.677363e-07	-1.192931e-09	2.453037e+00	-7.760677e+01
8.900000e-07	4.292213e-07	-1.011260e-09	2.863182e+00	-6.683705e+01
9.000000e-07	4.904841e-07	-8.385591e-10	3.271844e+00	-5.587895e+01
9.100000e-07	5.514880e-07	-6.821522e-10	3.678779e+00	-4.476940e+01
9.200000e-07	6.122814e-07	-5.221876e-10	4.084310e+00	-3.353079e+01
9.300000e-07	6.729211e-07	-3.392919e-10	4.488816e+00	-2.216939e+01
9.400000e-07	7.334218e-07	-1.517678e-10	4.892394e+00	-1.067902e+01
9.500000e-07	7.937979e-07	2.130379e-11	5.295142e+00	9.546984e-01
9.600000e-07	8.540575e-07	1.859538e-10	5.697113e+00	1.275010e+01
9.700000e-07	9.141839e-07	3.697190e-10	6.098194e+00	2.472244e+01
9.800000e-07	9.740209e-07	5.699660e-10	6.497346e+00	3.687289e+01
9.900000e-07	1.033456e-06	7.649009e-10	6.893815e+00	4.917755e+01
1.000000e-06	1.092297e-06	9.442610e-10	7.286322e+00	6.158515e+01
1.010000e-06	1.150348e-06	1.125597e-09	7.673559e+00	7.402902e+01
1.020000e-06	1.207682e-06	1.321902e-09	8.056018e+00	8.645035e+01
1.030000e-06	1.264471e-06	1.518049e-09	8.434835e+00	9.882033e+01
1.040000e-06	1.320957e-06	1.703453e-09	8.811634e+00	1.111470e+02
1.050000e-06	1.377241e-06	1.880411e-09	9.187086e+00	1.234604e+02
1.060000e-06	1.433176e-06	2.068250e-09	9.560207e+00	1.357846e+02
1.070000e-06	1.488567e-06	2.268762e-09	9.929700e+00	1.481115e+02
1.080000e-06	1.543375e-06	2.465712e-09	1.029530e+01	1.603935e+02
1.090000e-06	1.597704e-06	2.647386e-09	1.065771e+01	1.725576e+02
1.100000e-06	1.651577e-06	2.822927e-09	1.101708e+01	1.845313e+02
1.110000e-06	1.704832e-06	3.004568e-09	1.137233e+01	1.962643e+02
1.120000e-06	1.757414e-06	3.186305e-09	1.172308e+01	2.077363e+02
1.130000e-06	1.809323e-06	3.353739e-09	1.206935e+01	2.189502e+02
1.140000e-06	1.860352e-06	3.509364e-09	1.240975e+01	2.299186e+02
1.150000e-06	1.910274e-06	3.671230e-09	1.274275e+01	2.406544e+02
1.160000e-06	1.959240e-06	3.841626e-09	1.306939e+01	2.511662e+02
1.170000e-06	2.007606e-06	4.008943e-09	1.339202e+01	2.614553e+02
1.180000e-06	2.055358e-06	4.160684e-09	1.371056e+01	2.715113e+02
1.190000e-06	2.102396e-06	4.302158e-09	1.402433e+01	2.813073e+02
1.200000e-06	2.148770e-06	4.446161e-09	1.433368e+01	2.908007e+02
1.210000e-06	2.194378e-06	4.590068e-09	1.463791e+01	2.999453e+02
1.220000e-06	2.239242e-06	4.723464e-09	1.493719e+01	3.087120e+02
1.230000e-06	2.283629e-06	4.843176e-09	1.523327e+01	3.171054e+02
1.240000e-06	2.327372e-06	4.961233e-09	1.552507e+01	3.251656e+02
1.250000e-06	2.369934e-06	5.086681e-09	1.580898e+01	3.329489e+02
1.260000e-06	2.411239e-06	5.210230e-09	1.608451e+01	3.405000e+02
1.270000e-06	2.451703e-06	5.320089e-09	1.635444e+01	3.478299e+02
1.280000e-06	2.491448e-06	5.420422e-09	1.661956e+01	3.549153e+02
1.290000e-06	2.530393e-06	5.522338e-09	1.687935e+01	3.617172e+02
1.300000e-06	2.568558e-06	5.625909e-09	1.713393e+01	3.682062e+02
1.310000e-06	2.605868e-06	5.722625e-09	1.738281e+01	3.743770e+02
1.320000e-06	2.642410e-06	5.806949e-09	1.762657e+01	3.802452e+02
1.330000e-06	2.678194e-06	5.886911e-09	1.786527e+01	3.858332e+02
1.340000e-06	2.712802e-06	5.969532e-09	1.809613e+01	3.911575e+02
1.350000e-06	2.746115e-06	6.050897e-09	1.831835e+01	3.962297e+02
1.360000e-06	2.778522e-06	6.123907e-09	1.853453e+01	4.010664e+02
1.370000e-06	2.810051e-06	6.188784e-09	1.874485e+01	4.056958e+02
1.380000e-06	2.840602e-06	6.254586e-09	1.894864e+01	4.101515e+02
1.390000e-06	2.870260e-06	6.325489e-09	1.914648e+01	4.144549e+02
1.400000e-06	2.899064e-06	6.391620e-09	1.933862e+01	4.185982e+02
1.410000e-06	2.927018e-06	6.448298e-09	1.952509e+01	4.225462e+02
1.420000e-06	2.953794e-06	6.499793e-09	1.970370e+01	4.262575e+02
1.430000e-06	2.979169e-06	6.551401e-09	1.987297e+01	4.297132e+02
1.440000e-06	3.003383e-06	6.604024e-09	2.003450e+01	4.329337e+02
1.450000e-06	3.026607e-06	6.650801e-09	2.018942e+01	4.359697e+02
1.460000e-06	3.048820e-06	6.691768e-09	2.033759e+01	4.388725e+02
1.470000e-06	3.070040e-06	6.732727e-09	2.047914e+01	4.416659e+02
1.480000e-06	3.090437e-06	6.775697e-09	2.061520e+01	4.443371e+02
1.490000e-06	3.109900e-06	6.815571e-09	2.074503e+01	4.468529e+02
1.500000e-06	3.128106e-06	6.848550e-09	2.086647e+01	4.491863e+02
1.510000e-06	3.145166e-06	6.877108e-09	2.098028e+01	4.513338e+02
1.520000e-06	3.161066e-06	6.906306e-09	2.108634e+01	4.533113e+02
1.530000e-06	3.175725e-06	6.935245e-09	2.118412e+01	4.551348e+02
1.540000e-06	3.189290e-06	6.959035e-09	2.127462e+01	4.568066e+02
1.550000e-06	3.201713e-06	6.979407e-09	2.135748e+01	4.583192e+02
1.560000e-06	3.212740e-06	6.998973e-09	2.143104e+01	4.596738e+02
1.570000e-06	3.222250e-06	7.019903e-09	2.149448e+01	4.608963e+02
1.580000e-06	3.230585e-06	7.040182e-09	2.155008e+01	4.620311e+02
1.590000e-06	3.237921e-06	7.056652e-09	2.159901e+01	4.631137e+02
1.600000e-06	3.244125e-06	7.070599e-09	2.164040e+01	4.641414e+02
1.610000e-06	3.249263e-06	7.081796e-09	2.167467e+01	4.650681e+02
1.620000e-06	3.253471e-06	7.091781e-09	2.170274e+01	4.658319e+02
1.630000e-06	3.256509e-06	7.101667e-09	2.172301e+01	4.664000e+02
1.640000e-06	3.258120e-06	7.108021e-09	2.173376e+01	4.667973e+02
1.650000e-06	3.258554e-06	7.111638e-09	2.173665e+01	4.670933e+02
1.660000e-06	3.257997e-06	7.114770e-09	2.173293e+01	4.673554e+02
1.670000e-06	3.256420e-06	7.115755e-09	2.172241e+01	4.675978e+02
1.680000e-06	3.253843e-06	7.118780e-09	2.170522e+01	4.677685e+02
1.690000e-06	3.250399e-06	7.119253e-09	2.168225e+01	4.677850e+02
1.700000e-06	3.245929e-06	7.115276e-09	2.165243e+01	4.675947e+02
1.710000e-06	3.240079e-06	7.111261e-09	2.161341e+01	4.672160e+02
1.720000e-06	3.233040e-06	7.112702e-09	2.156645e+01	4.667264e+02
1.730000e-06	3.225169e-06	7.120476e-09	2.151395e+01	4.662027e+02
1.740000e-06	3.216297e-06	7.058519e-09	2.145477e+01	4.656607e+02
1.750000e-06	3.205750e-06	7.000521e-09	2.138441e+01	4.650403e+02
1.760000e-06	3.192970e-06	7.016509e-09	2.129916e+01	4.642562e+02
1.770000e-06	3.178571e-06	7.153158e-09	2.120311e+01	4.632789e+02
1.780000e-06	3.163946e-06	7.075262e-09	2.110555e+01	4.621869e+02
1.790000e-06	3.149016e-06	6.906879e-09	2.100596e+01	4.611429e+02
1.800000e-06	3.132595e-06	7.018958e-09	2.089642e+01	4.602986e+02
1.810000e-06	3.114873e-06	7.087313e-09	2.077820e+01	4.596893e+02
1.820000e-06	3.096766e-06	6.933996e-09	2.065742e+01	4.591880e+02
1.830000e-06	3.077600e-06	6.944547e-09	2.052957e+01	4.585588e+02
1.840000e-06	3.056600e-06	7.090036e-09	2.038948e+01	4.575812e+02
1.850000e-06	3.034467e-06	6.847916e-09	2.024185e+01	4.561683e+02
1.860000e-06	3.011502e-06	6.825882e-09	2.008865e+01	4.544064e+02
1.870000e-06	2.987431e-06	7.085972e-09	1.992808e+01	4.524905e+02
1.880000e-06	2.962402e-06	6.862275e-09	1.976113e+01	4.506003e+02
1.890000e-06	2.936393e-06	6.681624e-09	1.958763e+01	4.487956e+02
1.900000e-06	2.909441e-06	6.881998e-09	1.940784e+01	4.469956e+02
1.910000e-06	2.881755e-06	6.816453e-09	1.922316e+01	4.450476e+02
1.920000e-06	2.852749e-06	6.725020e-09	1.902967e+01	4.428343e+02
1.930000e-06	2.822236e-06	6.732003e-09	1.882613e+01	4.403484e+02
1.940000e-06	2.790886e-06	6.608225e-09	1.861700e+01	4.376892e+02
1.950000e-06	2.758607e-06	6.659705e-09	1.840168e+01	4.349927e+02
1.960000e-06	2.725342e-06	6.666359e-09	1.817978e+01	4.323474e+02
1.970000e-06	2.691379e-06	6.468550e-09	1.795323e+01	4.297490e+02
1.980000e-06	2.656563e-06	6.503287e-09	1.772098e+01	4.271174e+02
1.990000e-06	2.620926e-06	6.494583e-09	1.748326e+01	4.243555e+02
2.000000e-06	2.584366e-06	6.364864e-09	1.723938e+01	4.214047e+02
2.010000e-06	2.546424e-06	6.457302e-09	1.698628e+01	4.182658e+02
2.020000e-06	2.507341e-06	6.335128e-09	1.672557e+01	4.149807e+02
2.030000e-06	2.467495e-06	6.177802e-09	1.645977e+01	4.115970e+02
2.040000e-06	2.426817e-06	6.257387e-09	1.618843e+01	4.081429e+02
2.050000e-06	2.385407e-06	6.203911e-09	1.591220e+01	4.046251e+02
2.060000e-06	2.343189e-06	6.095919e-09	1.563058e+01	4.010392e+02
2.070000e-06	2.300175e-06	6.023746e-09	1.534365e+01	3.973789e+02
2.080000e-06	2.256662e-06	5.967689e-09	1.505339e+01	3.936351e+02
2.090000e-06	2.212412e-06	5.972307e-09	1.475821e+01	3.897899e+02
2.100000e-06	2.167167e-06	5.909338e-09	1.445639e+01	3.858191e+02
2.110000e-06	2.121102e-06	5.802404e-09	1.414911e+01	3.817051e+02
2.120000e-06	2.074426e-06	5.736135e-09	1.383775e+01	3.774526e+02
2.130000e-06	2.027067e-06	5.678903e-09	1.352184e+01	3.730909e+02
2.140000e-06	1.978723e-06	5.644622e-09	1.319935e+01	3.686558e+02
2.150000e-06	1.929534e-06	5.551633e-09	1.287123e+01	3.641626e+02
2.160000e-06	1.879750e-06	5.444536e-09	1.253914e+01	3.595889e+02
2.170000e-06	1.829271e-06	5.398300e-09	1.220241e+01	3.548842e+02
2.180000e-06	1.778115e-06	5.343279e-09	1.186117e+01	3.500031e+02
2.190000e-06	1.726310e-06	5.290663e-09	1.151560e+01	3.449380e+02
2.200000e-06	1.673738e-06	5.170486e-09	1.116491e+01	3.397284e+02
2.210000e-06	1.620164e-06	5.066552e-09	1.080753e+01	3.344362e+02
2.220000e-06	1.565624e-06	5.024371e-09	1.044372e+01	3.291025e+02
2.230000e-06	1.510557e-06	4.947005e-09	1.007639e+01	3.237172e+02
2.240000e-06	1.455135e-06	4.856376e-09	9.706687e+00	3.182223e+02
2.250000e-06	1.399307e-06	4.745916e-09	9.334279e+00	3.125479e+02
2.260000e-06	1.343059e-06	4.653392e-09	8.959064e+00	3.066580e+02
2.270000e-06	1.286354e-06	4.592480e-09	8.580811e+00	3.005731e+02
2.280000e-06	1.229224e-06	4.506249e-09	8.199715e+00	2.943550e+02
2.290000e-06	1.171649e-06	4.391301e-09	7.815654e+00	2.880655e+02
2.300000e-06	1.113623e-06	4.275093e-09	7.428578e+00	2.817263e+02
2.310000e-06	1.055196e-06	4.188618e-09	7.038838e+00	2.753057e+02
2.320000e-06	9.963619e-07	4.120062e-09	6.646374e+00	2.687396e+02
2.330000e-06	9.372303e-07	4.005779e-09	6.251928e+00	2.619694e+02
2.340000e-06	8.779644e-07	3.871968e-09	5.856587e+00	2.549721e+02
2.350000e-06	8.185863e-07	3.761028e-09	5.460496e+00	2.477662e+02
2.360000e-06	7.590366e-07	3.668780e-09	5.063262e+00	2.403941e+02
2.370000e-06	6.992642e-07	3.569458e-09	4.664542e+00	2.328965e+02
2.380000e-06	6.392328e-07	3.433784e-09	4.264094e+00	2.252948e+02
2.390000e-06	5.789192e-07	3.306055e-09	3.861763e+00	2.175891e+02
2.400000e-06	5.183035e-07	3.197537e-09	3.457418e+00	2.097642e+02
2.410000e-06	4.573747e-07	3.091340e-09	3.050983e+00	2.017970e+02
2.420000e-06	3.960905e-07	2.965710e-09	2.642178e+00	1.936596e+02
2.430000e-06	3.345504e-07	2.815861e-09	2.231666e+00	1.853213e+02
2.440000e-06	2.728927e-07	2.679995e-09	1.820370e+00	1.767558e+02
2.450000e-06	2.111377e-07	2.561225e-09	1.408424e+00	1.679518e+02
2.460000e-06	1.492424e-07	2.436505e-09	9.955427e-01	1.589225e+02
2.470000e-06	8.720488e-08	2.285303e-09	5.817126e-01	1.497034e+02
2.480000e-06	2.509076e-08	2.126882e-09	1.673715e-01	1.403354e+02
2.490000e-06	-3.704302e-08	1.986428e-09	-2.471008e-01	1.308423e+02
2.500000e-06	-9.913415e-08	1.856042e-09	-6.612885e-01	1.212155e+02
2.510000e-06	-1.611780e-07	1.709157e-09	-1.075161e+00	1.114166e+02
2.520000e-06	-2.231153e-07	1.541159e-09	-1.488322e+00	1.013973e+02
2.530000e-06	-2.849184e-07	1.376658e-09	-1.900589e+00	9.112394e+01
2.540000e-06	-3.465378e-07	1.226996e-09	-2.311630e+00	8.059372e+01
2.550000e-06	-4.079637e-07	1.075272e-09	-2.721380e+00	6.983295e+01
2.560000e-06	-4.691918e-07	9.022410e-10	-3.129811e+00	5.888230e+01
2.570000e-06	-5.301122e-07	7.201916e-10	-3.536189e+00	4.777912e+01
2.580000e-06	-5.906324e-07	5.483145e-10	-3.939897e+00	3.654635e+01
2.590000e-06	-6.508157e-07	3.907434e-10	-4.341359e+00	2.519082e+01
2.600000e-06	-7.106908e-07	2.220557e-10	-4.740764e+00	1.370670e+01
2.610000e-06	-7.702618e-07	3.192962e-11	-5.138141e+00	2.079840e+00
2.620000e-06	-8.296572e-07	-1.561702e-10	-5.534347e+00	-9.708039e+00
2.630000e-06	-8.889434e-07	-3.294680e-10	-5.929824e+00	-2.167249e+01
2.640000e-06	-9.481158e-07	-5.013625e-10	-6.324542e+00	-3.381538e+01
2.650000e-06	-1.007110e-06	-6.927537e-10	-6.718069e+00	-4.611384e+01
2.660000e-06	-1.065797e-06	-8.940318e-10	-7.109549e+00	-5.851745e+01
2.670000e-06	-1.124004e-06	-1.084675e-09	-7.497831e+00	-7.095973e+01
2.680000e-06	-1.181710e-06	-1.261571e-09	-7.882767e+00	-8.338114e+01
2.690000e-06	-1.239008e-06	-1.442639e-09	-8.264979e+00	-9.575158e+01
2.700000e-06	-1.295854e-06	-1.637306e-09	-8.644176e+00	-1.080779e+02
2.710000e-06	-1.352178e-06	-1.834083e-09	-9.019895e+00	-1.203898e+02
2.720000e-06	-1.407977e-06	-2.017759e-09	-9.392109e+00	-1.327121e+02
2.730000e-06	-1.463385e-06	-2.192807e-09	-9.761718e+00	-1.450381e+02
2.740000e-06	-1.518532e-06	-2.378959e-09	-1.012958e+01	-1.573214e+02
2.750000e-06	-1.573220e-06	-2.573441e-09	-1.049439e+01	-1.694897e+02
2.760000e-06	-1.627093e-06	-2.760046e-09	-1.085376e+01	-1.814697e+02
2.770000e-06	-1.680000e-06	-2.930375e-09	-1.120668e+01	-1.932104e+02
2.780000e-06	-1.732091e-06	-3.100138e-09	-1.155416e+01	-2.046904e+02
2.790000e-06	-1.783575e-06	-3.279562e-09	-1.189759e+01	-2.159118e+02
2.800000e-06	-1.834452e-06	-3.455174e-09	-1.223697e+01	-2.268873e+02
2.810000e-06	-1.884591e-06	-3.613496e-09	-1.257143e+01	-2.376298e+02
2.820000e-06	-1.934010e-06	-3.763032e-09	-1.290109e+01	-2.481481e+02
2.830000e-06	-1.982615e-06	-3.917542e-09	-1.322531e+01	-2.584438e+02
2.840000e-06	-2.030164e-06	-4.077418e-09	-1.354250e+01	-2.685071e+02
2.850000e-06	-2.076734e-06	-4.232667e-09	-1.385315e+01	-2.783116e+02
2.860000e-06	-2.122607e-06	-4.373017e-09	-1.415915e+01	-2.878152e+02
2.870000e-06	-2.167890e-06	-4.508324e-09	-1.446122e+01	-2.969715e+02
2.880000e-06	-2.212481e-06	-4.646467e-09	-1.475867e+01	-3.057504e+02
2.890000e-06	-2.256345e-06	-4.781101e-09	-1.505127e+01	-3.141552e+02
2.900000e-06	-2.299633e-06	-4.903036e-09	-1.534003e+01	-3.222249e+02
2.910000e-06	-2.342257e-06	-5.014419e-09	-1.562436e+01	-3.300157e+02
2.920000e-06	-2.384061e-06	-5.127332e-09	-1.590322e+01	-3.375733e+02
2.930000e-06	-2.425118e-06	-5.245996e-09	-1.617709e+01	-3.449099e+02
2.940000e-06	-2.465373e-06	-5.360059e-09	-1.644563e+01	-3.520032e+02
2.950000e-06	-2.504869e-06	-5.461087e-09	-1.670909e+01	-3.588145e+02
2.960000e-06	-2.543654e-06	-5.556063e-09	-1.696781e+01	-3.653134e+02
2.970000e-06	-2.581324e-06	-5.652437e-09	-1.721909e+01	-3.714939e+02
2.980000e-06	-2.617703e-06	-5.747895e-09	-1.746176e+01	-3.773712e+02
2.990000e-06	-2.653178e-06	-5.834433e-09	-1.769840e+01	-3.829674e+02
3.000000e-06	-2.687920e-06	-5.909752e-09	-1.793015e+01	-3.882994e+02
3.010000e-06	-2.721752e-06	-5.985250e-09	-1.815584e+01	-3.933790e+02
3.020000e-06	-2.754588e-06	-6.063752e-09	-1.837487e+01	-3.982223e+02
3.030000e-06	-2.786508e-06	-6.141217e-09	-1.858780e+01	-4.028570e+02
3.040000e-06	-2.817605e-06	-6.207929e-09	-1.879524e+01	-4.073171e+02
3.050000e-06	-2.847607e-06	-6.268332e-09	-1.899537e+01	-4.116243e+02
3.060000e-06	-2.876223e-06	-6.331999e-09	-1.918626e+01	-4.157724e+02
3.070000e-06	-2.903751e-06	-6.396683e-09	-1.936988e+01	-4.197268e+02
3.080000e-06	-2.930417e-06	-6.455523e-09	-1.954777e+01	-4.234456e+02
3.090000e-06	-2.956075e-06	-6.505769e-09	-1.971892e+01	-4.269088e+02
3.100000e-06	-2.980651e-06	-6.553100e-09	-1.988286e+01	-4.301356e+02
3.110000e-06	-3.004308e-06	-6.602044e-09	-2.004066e+01	-4.331757e+02
3.120000e-06	-3.027108e-06	-6.651620e-09	-2.019275e+01	-4.360812e+02
3.130000e-06	-3.048662e-06	-6.691710e-09	-2.033654e+01	-4.388771e+02
3.140000e-06	-3.068845e-06	-6.727640e-09	-2.047117e+01	-4.415518e+02
3.150000e-06	-3.087970e-06	-6.765598e-09	-2.059874e+01	-4.440723e+02
3.160000e-06	-3.106118e-06	-6.807900e-09	-2.071980e+01	-4.464109e+02
3.170000e-06	-3.123254e-06	-6.847728e-09	-2.083411e+01	-4.485635e+02
3.180000e-06	-3.139369e-06	-6.877155e-09	-2.094161e+01	-4.505453e+02
3.190000e-06	-3.154501e-06	-6.900737e-09	-2.104255e+01	-4.523727e+02
3.200000e-06	-3.168325e-06	-6.925513e-09	-2.113476e+01	-4.540487e+02
3.210000e-06	-3.180587e-06	-6.951056e-09	-2.121656e+01	-4.555655e+02
3.220000e-06	-3.191578e-06	-6.972316e-09	-2.128988e+01	-4.569241e+02
3.230000e-06	-3.201464e-06	-6.988270e-09	-2.135582e+01	-4.581492e+02
3.240000e-06	-3.210211e-06	-7.004453e-09	-2.141417e+01	-4.592849e+02
3.250000e-06	-3.217953e-06	-7.025328e-09	-2.146582e+01	-4.603677e+02
3.260000e-06	-3.224720e-06	-7.044924e-09	-2.151096e+01	-4.613965e+02
3.270000e-06	-3.230147e-06	-7.058728e-09	-2.154716e+01	-4.623264e+02
3.280000e-06	-3.234226e-06	-7.068318e-09	-2.157436e+01	-4.630955e+02
3.290000e-06	-3.237270e-06	-7.077057e-09	-2.159467e+01	-4.636691e+02
3.300000e-06	-3.239291e-06	-7.086389e-09	-2.160815e+01	-4.640700e+02
3.310000e-06	-3.240187e-06	-7.091682e-09	-2.161413e+01	-4.643669e+02
3.320000e-06	-3.240066e-06	-7.090862e-09	-2.161332e+01	-4.646280e+02
