# Temperatura_=_20.0
# Concentracion g/m^3_=_10000.0
# C_Vs_to_Am_M_A/Vsm_=_65563218390.804596
# pendiente_HvsI_1/m_=_3716.3
# ordenada_HvsI_A/m_=_1297.0
# frecuencia_Hz_=_300940.76397422084

Tiempo_(s)	Campo_(V.s)	Magnetizacion_(V.s)	Campo_(kA/m)	Magnetizacion_(A/m)
0.000000e+00	-4.717788e-06	-9.078946e-09	-3.273992e+01	-5.947099e+02
1.000000e-08	-4.716740e-06	-9.075711e-09	-3.273266e+01	-5.946149e+02
2.000000e-08	-4.713920e-06	-9.070007e-09	-3.271308e+01	-5.944934e+02
3.000000e-08	-4.709441e-06	-9.068334e-09	-3.268200e+01	-5.943148e+02
4.000000e-08	-4.703564e-06	-9.067722e-09	-3.264122e+01	-5.940310e+02
5.000000e-08	-4.696274e-06	-9.061609e-09	-3.259063e+01	-5.936116e+02
6.000000e-08	-4.687581e-06	-9.050529e-09	-3.253030e+01	-5.930627e+02
7.000000e-08	-4.677184e-06	-9.033775e-09	-3.245815e+01	-5.924181e+02
8.000000e-08	-4.664897e-06	-9.016805e-09	-3.237288e+01	-5.917109e+02
9.000000e-08	-4.650716e-06	-9.038415e-09	-3.227447e+01	-5.909461e+02
1.000000e-07	-4.634277e-06	-9.041039e-09	-3.216039e+01	-5.900947e+02
1.100000e-07	-4.615676e-06	-9.009490e-09	-3.203130e+01	-5.891124e+02
1.200000e-07	-4.595549e-06	-8.981102e-09	-3.189162e+01	-5.879712e+02
1.300000e-07	-4.574265e-06	-8.901815e-09	-3.174392e+01	-5.866819e+02
1.400000e-07	-4.551904e-06	-8.935676e-09	-3.158874e+01	-5.852943e+02
1.500000e-07	-4.528220e-06	-8.977087e-09	-3.142439e+01	-5.838744e+02
1.600000e-07	-4.503072e-06	-8.834775e-09	-3.124986e+01	-5.824726e+02
1.700000e-07	-4.476374e-06	-8.858777e-09	-3.106459e+01	-5.811008e+02
1.800000e-07	-4.447871e-06	-8.902172e-09	-3.086679e+01	-5.797275e+02
1.900000e-07	-4.417807e-06	-8.785128e-09	-3.065815e+01	-5.782927e+02
2.000000e-07	-4.386514e-06	-8.828856e-09	-3.044099e+01	-5.767306e+02
2.100000e-07	-4.353628e-06	-8.826027e-09	-3.021277e+01	-5.749904e+02
2.200000e-07	-4.318844e-06	-8.692700e-09	-2.997138e+01	-5.730485e+02
2.300000e-07	-4.282575e-06	-8.702187e-09	-2.971969e+01	-5.709106e+02
2.400000e-07	-4.244959e-06	-8.695791e-09	-2.945864e+01	-5.686062e+02
2.500000e-07	-4.205789e-06	-8.640710e-09	-2.918682e+01	-5.661767e+02
2.600000e-07	-4.165022e-06	-8.613315e-09	-2.890391e+01	-5.636622e+02
2.700000e-07	-4.122504e-06	-8.520321e-09	-2.860885e+01	-5.610868e+02
2.800000e-07	-4.078498e-06	-8.503976e-09	-2.830346e+01	-5.584482e+02
2.900000e-07	-4.033206e-06	-8.513568e-09	-2.798915e+01	-5.557182e+02
3.000000e-07	-3.986431e-06	-8.430786e-09	-2.766455e+01	-5.528538e+02
3.100000e-07	-3.938106e-06	-8.368175e-09	-2.732918e+01	-5.498170e+02
3.200000e-07	-3.887993e-06	-8.328660e-09	-2.698141e+01	-5.465944e+02
3.300000e-07	-3.836109e-06	-8.285842e-09	-2.662136e+01	-5.432057e+02
3.400000e-07	-3.782796e-06	-8.239762e-09	-2.625138e+01	-5.396955e+02
3.500000e-07	-3.728118e-06	-8.182738e-09	-2.587194e+01	-5.361127e+02
3.600000e-07	-3.672180e-06	-8.105127e-09	-2.548374e+01	-5.324846e+02
3.700000e-07	-3.615097e-06	-8.046827e-09	-2.508760e+01	-5.288013e+02
3.800000e-07	-3.556601e-06	-8.032783e-09	-2.468166e+01	-5.250174e+02
3.900000e-07	-3.496651e-06	-7.968353e-09	-2.426563e+01	-5.210712e+02
4.000000e-07	-3.435470e-06	-7.868292e-09	-2.384105e+01	-5.169122e+02
4.100000e-07	-3.373070e-06	-7.797636e-09	-2.340802e+01	-5.125248e+02
4.200000e-07	-3.309632e-06	-7.740028e-09	-2.296777e+01	-5.079355e+02
4.300000e-07	-3.245280e-06	-7.687768e-09	-2.252119e+01	-5.032002e+02
4.400000e-07	-3.179527e-06	-7.606477e-09	-2.206489e+01	-4.983770e+02
4.500000e-07	-3.112159e-06	-7.512516e-09	-2.159738e+01	-4.934969e+02
4.600000e-07	-3.043678e-06	-7.452239e-09	-2.112214e+01	-4.885472e+02
4.700000e-07	-2.974375e-06	-7.389378e-09	-2.064120e+01	-4.834762e+02
4.800000e-07	-2.904149e-06	-7.304574e-09	-2.015386e+01	-4.782174e+02
4.900000e-07	-2.832862e-06	-7.196904e-09	-1.965914e+01	-4.727210e+02
5.000000e-07	-2.760648e-06	-7.098955e-09	-1.915800e+01	-4.669761e+02
5.100000e-07	-2.687613e-06	-7.025809e-09	-1.865116e+01	-4.610116e+02
5.200000e-07	-2.613361e-06	-6.949892e-09	-1.813588e+01	-4.548760e+02
5.300000e-07	-2.537739e-06	-6.852390e-09	-1.761109e+01	-4.486073e+02
5.400000e-07	-2.461063e-06	-6.734111e-09	-1.707898e+01	-4.422122e+02
5.500000e-07	-2.383546e-06	-6.634685e-09	-1.654104e+01	-4.356660e+02
5.600000e-07	-2.305225e-06	-6.546544e-09	-1.599752e+01	-4.289327e+02
5.700000e-07	-2.225931e-06	-6.442267e-09	-1.544724e+01	-4.219885e+02
5.800000e-07	-2.145491e-06	-6.317667e-09	-1.488901e+01	-4.148344e+02
5.900000e-07	-2.064093e-06	-6.195353e-09	-1.432414e+01	-4.074865e+02
6.000000e-07	-1.982093e-06	-6.093479e-09	-1.375508e+01	-3.999531e+02
6.100000e-07	-1.899566e-06	-5.990578e-09	-1.318237e+01	-3.922169e+02
6.200000e-07	-1.816352e-06	-5.866043e-09	-1.260490e+01	-3.842371e+02
6.300000e-07	-1.732497e-06	-5.724352e-09	-1.202297e+01	-3.759739e+02
6.400000e-07	-1.648186e-06	-5.590933e-09	-1.143788e+01	-3.674181e+02
6.500000e-07	-1.563487e-06	-5.468654e-09	-1.085009e+01	-3.586036e+02
6.600000e-07	-1.478366e-06	-5.335960e-09	-1.025938e+01	-3.495888e+02
6.700000e-07	-1.392728e-06	-5.186310e-09	-9.665079e+00	-3.404157e+02
6.800000e-07	-1.306522e-06	-5.035637e-09	-9.066840e+00	-3.310726e+02
6.900000e-07	-1.219857e-06	-4.895157e-09	-8.465411e+00	-3.214864e+02
7.000000e-07	-1.132849e-06	-4.755776e-09	-7.861604e+00	-3.115556e+02
7.100000e-07	-1.045497e-06	-4.596997e-09	-7.255410e+00	-3.012057e+02
7.200000e-07	-9.577766e-07	-4.419979e-09	-6.646660e+00	-2.904328e+02
7.300000e-07	-8.697204e-07	-4.246058e-09	-6.035578e+00	-2.793078e+02
7.400000e-07	-7.814481e-07	-4.080250e-09	-5.422998e+00	-2.679351e+02
7.500000e-07	-6.930437e-07	-3.910604e-09	-4.809500e+00	-2.563892e+02
7.600000e-07	-6.044810e-07	-3.725173e-09	-4.194903e+00	-2.446683e+02
7.700000e-07	-5.157394e-07	-3.533969e-09	-3.579065e+00	-2.326910e+02
7.800000e-07	-4.268725e-07	-3.349994e-09	-2.962358e+00	-2.203381e+02
7.900000e-07	-3.379138e-07	-3.164920e-09	-2.345013e+00	-2.075126e+02
8.000000e-07	-2.488465e-07	-2.963051e-09	-1.726914e+00	-1.941824e+02
8.100000e-07	-1.596134e-07	-2.742669e-09	-1.107665e+00	-1.803833e+02
8.200000e-07	-7.030085e-08	-2.520289e-09	-4.878652e-01	-1.661843e+02
8.300000e-07	1.905557e-08	-2.304204e-09	1.322395e-01	-1.516415e+02
8.400000e-07	1.085289e-07	-2.083777e-09	7.531557e-01	-1.367663e+02
8.500000e-07	1.980184e-07	-1.847650e-09	1.374184e+00	-1.215259e+02
8.600000e-07	2.873441e-07	-1.603184e-09	1.994075e+00	-1.058678e+02
8.700000e-07	3.764515e-07	-1.359694e-09	2.612452e+00	-8.975021e+01
8.800000e-07	4.653995e-07	-1.112484e-09	3.229722e+00	-7.315979e+01
8.900000e-07	5.542225e-07	-8.514768e-10	3.846125e+00	-5.611000e+01
9.000000e-07	6.428948e-07	-5.773774e-10	4.461482e+00	-3.862800e+01
9.100000e-07	7.313748e-07	-3.004809e-10	5.075505e+00	-2.074221e+01
9.200000e-07	8.196546e-07	-2.561457e-11	5.688138e+00	-2.478911e+00
9.300000e-07	9.077498e-07	2.523406e-10	6.299491e+00	1.613308e+01
9.400000e-07	9.955886e-07	5.423618e-10	6.909063e+00	3.505596e+01
9.500000e-07	1.083101e-06	8.406915e-10	7.516373e+00	5.424032e+01
9.600000e-07	1.170263e-06	1.135480e-09	8.121247e+00	7.362685e+01
9.700000e-07	1.257014e-06	1.426113e-09	8.723270e+00	9.314886e+01
9.800000e-07	1.343370e-06	1.723224e-09	9.322551e+00	1.127328e+02
9.900000e-07	1.429298e-06	2.028329e-09	9.918867e+00	1.322978e+02
1.000000e-06	1.514698e-06	2.330189e-09	1.051152e+01	1.517583e+02
1.010000e-06	1.599561e-06	2.622026e-09	1.110044e+01	1.710309e+02
1.020000e-06	1.684010e-06	2.907366e-09	1.168649e+01	1.900429e+02
1.030000e-06	1.768063e-06	3.194538e-09	1.226978e+01	2.087357e+02
1.040000e-06	1.851561e-06	3.478431e-09	1.284923e+01	2.270580e+02
1.050000e-06	1.934247e-06	3.749003e-09	1.342305e+01	2.449531e+02
1.060000e-06	2.016070e-06	4.008989e-09	1.399088e+01	2.623490e+02
1.070000e-06	2.097224e-06	4.264543e-09	1.455406e+01	2.791620e+02
1.080000e-06	2.177743e-06	4.516150e-09	1.511283e+01	2.953170e+02
1.090000e-06	2.257479e-06	4.755309e-09	1.566617e+01	3.107749e+02
1.100000e-06	2.336305e-06	4.976899e-09	1.621321e+01	3.255502e+02
1.110000e-06	2.414284e-06	5.189104e-09	1.675435e+01	3.397054e+02
1.120000e-06	2.491465e-06	5.398806e-09	1.728997e+01	3.533211e+02
1.130000e-06	2.567774e-06	5.604706e-09	1.781952e+01	3.664564e+02
1.140000e-06	2.643053e-06	5.798645e-09	1.834193e+01	3.791189e+02
1.150000e-06	2.717037e-06	5.977921e-09	1.885536e+01	3.912622e+02
1.160000e-06	2.789856e-06	6.150683e-09	1.936070e+01	4.028123e+02
1.170000e-06	2.861778e-06	6.322472e-09	1.985981e+01	4.137095e+02
1.180000e-06	2.932712e-06	6.485266e-09	2.035207e+01	4.239454e+02
1.190000e-06	3.002570e-06	6.630483e-09	2.083687e+01	4.335765e+02
1.200000e-06	3.071439e-06	6.764507e-09	2.131480e+01	4.427097e+02
1.210000e-06	3.139406e-06	6.898004e-09	2.178646e+01	4.514652e+02
1.220000e-06	3.206249e-06	7.033825e-09	2.225033e+01	4.599344e+02
1.230000e-06	3.271699e-06	7.162643e-09	2.270453e+01	4.681495e+02
1.240000e-06	3.335921e-06	7.279674e-09	2.315022e+01	4.760767e+02
1.250000e-06	3.399052e-06	7.390315e-09	2.358832e+01	4.836369e+02
1.260000e-06	3.461044e-06	7.501339e-09	2.401853e+01	4.907446e+02
1.270000e-06	3.521973e-06	7.607996e-09	2.444135e+01	4.973523e+02
1.280000e-06	3.581825e-06	7.700440e-09	2.485671e+01	5.034795e+02
1.290000e-06	3.640278e-06	7.781338e-09	2.526235e+01	5.092137e+02
1.300000e-06	3.697181e-06	7.862776e-09	2.565724e+01	5.146806e+02
1.310000e-06	3.752768e-06	7.948240e-09	2.604300e+01	5.199943e+02
1.320000e-06	3.807125e-06	8.031114e-09	2.642022e+01	5.252106e+02
1.330000e-06	3.860124e-06	8.108623e-09	2.678802e+01	5.303070e+02
1.340000e-06	3.911486e-06	8.182467e-09	2.714445e+01	5.351994e+02
1.350000e-06	3.961097e-06	8.254042e-09	2.748873e+01	5.397890e+02
1.360000e-06	4.009168e-06	8.319493e-09	2.782233e+01	5.440142e+02
1.370000e-06	4.055873e-06	8.373920e-09	2.814645e+01	5.478838e+02
1.380000e-06	4.101263e-06	8.422032e-09	2.846144e+01	5.514729e+02
1.390000e-06	4.145301e-06	8.472739e-09	2.876705e+01	5.548881e+02
1.400000e-06	4.187714e-06	8.527948e-09	2.906139e+01	5.582205e+02
1.410000e-06	4.228474e-06	8.582175e-09	2.934424e+01	5.615103e+02
1.420000e-06	4.267876e-06	8.629592e-09	2.961768e+01	5.647380e+02
1.430000e-06	4.305865e-06	8.673938e-09	2.988131e+01	5.678422e+02
1.440000e-06	4.342412e-06	8.719310e-09	3.013494e+01	5.707495e+02
1.450000e-06	4.377466e-06	8.761844e-09	3.037820e+01	5.734037e+02
1.460000e-06	4.410834e-06	8.796123e-09	3.060977e+01	5.757842e+02
1.470000e-06	4.442635e-06	8.822020e-09	3.083045e+01	5.779105e+02
1.480000e-06	4.472947e-06	8.846362e-09	3.104081e+01	5.798366e+02
1.490000e-06	4.501844e-06	8.875273e-09	3.124134e+01	5.816364e+02
1.500000e-06	4.529183e-06	8.906524e-09	3.143106e+01	5.833817e+02
1.510000e-06	4.554632e-06	8.935517e-09	3.160768e+01	5.851174e+02
1.520000e-06	4.578430e-06	8.962117e-09	3.177283e+01	5.868414e+02
1.530000e-06	4.600770e-06	8.987238e-09	3.192785e+01	5.885025e+02
1.540000e-06	4.621630e-06	9.010741e-09	3.207262e+01	5.900200e+02
1.550000e-06	4.640990e-06	9.028455e-09	3.220697e+01	5.913222e+02
1.560000e-06	4.658630e-06	9.038488e-09	3.232939e+01	5.923839e+02
1.570000e-06	4.674449e-06	9.047165e-09	3.243916e+01	5.932426e+02
1.580000e-06	4.688545e-06	9.060116e-09	3.253699e+01	5.939804e+02
1.590000e-06	4.700932e-06	9.076026e-09	3.262295e+01	5.946805e+02
1.600000e-06	4.711387e-06	9.090218e-09	3.269551e+01	5.953822e+02
1.610000e-06	4.720024e-06	9.101151e-09	3.275544e+01	5.960613e+02
1.620000e-06	4.727073e-06	9.109601e-09	3.280436e+01	5.966475e+02
1.630000e-06	4.732538e-06	9.114954e-09	3.284229e+01	5.970689e+02
1.640000e-06	4.736384e-06	9.117289e-09	3.286897e+01	5.972954e+02
1.650000e-06	4.738431e-06	9.117525e-09	3.288318e+01	5.973536e+02
1.660000e-06	4.738772e-06	9.116587e-09	3.288555e+01	5.973072e+02
1.670000e-06	4.737633e-06	9.115226e-09	3.287764e+01	5.972154e+02
1.680000e-06	4.735035e-06	9.115429e-09	3.285961e+01	5.970984e+02
1.690000e-06	4.730984e-06	9.112742e-09	3.283150e+01	5.969306e+02
1.700000e-06	4.725223e-06	9.107847e-09	3.279152e+01	5.966641e+02
1.710000e-06	4.717814e-06	9.101330e-09	3.274011e+01	5.962642e+02
1.720000e-06	4.709088e-06	9.095006e-09	3.267955e+01	5.957317e+02
1.730000e-06	4.698951e-06	9.099211e-09	3.260921e+01	5.950981e+02
1.740000e-06	4.687258e-06	9.089373e-09	3.252805e+01	5.943983e+02
1.750000e-06	4.673656e-06	9.031081e-09	3.243366e+01	5.936425e+02
1.760000e-06	4.657643e-06	9.014072e-09	3.232254e+01	5.928058e+02
1.770000e-06	4.639297e-06	9.003920e-09	3.219522e+01	5.918442e+02
1.780000e-06	4.619210e-06	9.049666e-09	3.205582e+01	5.907258e+02
1.790000e-06	4.598161e-06	9.037267e-09	3.190975e+01	5.894550e+02
1.800000e-06	4.576354e-06	8.899045e-09	3.175842e+01	5.880771e+02
1.810000e-06	4.552799e-06	8.968725e-09	3.159495e+01	5.866577e+02
1.820000e-06	4.527257e-06	8.975881e-09	3.141770e+01	5.852512e+02
1.830000e-06	4.500687e-06	8.841266e-09	3.123331e+01	5.838757e+02
1.840000e-06	4.472619e-06	8.906016e-09	3.103853e+01	5.825055e+02
1.850000e-06	4.442324e-06	8.877056e-09	3.082829e+01	5.810833e+02
1.860000e-06	4.410519e-06	8.731469e-09	3.060758e+01	5.795427e+02
1.870000e-06	4.377328e-06	8.824539e-09	3.037724e+01	5.778297e+02
1.880000e-06	4.342634e-06	8.816715e-09	3.013648e+01	5.759166e+02
1.890000e-06	4.306644e-06	8.707810e-09	2.988672e+01	5.738051e+02
1.900000e-06	4.268839e-06	8.715441e-09	2.962436e+01	5.715216e+02
1.910000e-06	4.229415e-06	8.626494e-09	2.935078e+01	5.691070e+02
1.920000e-06	4.188665e-06	8.646300e-09	2.906798e+01	5.666024e+02
1.930000e-06	4.146314e-06	8.650801e-09	2.877408e+01	5.640347e+02
1.940000e-06	4.102779e-06	8.489309e-09	2.847196e+01	5.614060e+02
1.950000e-06	4.057873e-06	8.505026e-09	2.816033e+01	5.586912e+02
1.960000e-06	4.011312e-06	8.490586e-09	2.783721e+01	5.558483e+02
1.970000e-06	3.963362e-06	8.409675e-09	2.750445e+01	5.528374e+02
1.980000e-06	3.913897e-06	8.390575e-09	2.716118e+01	5.496406e+02
1.990000e-06	3.862955e-06	8.294380e-09	2.680766e+01	5.462728e+02
2.000000e-06	3.810370e-06	8.260338e-09	2.644273e+01	5.427765e+02
2.010000e-06	3.756046e-06	8.220922e-09	2.606574e+01	5.392014e+02
2.020000e-06	3.700425e-06	8.171892e-09	2.567975e+01	5.355790e+02
2.030000e-06	3.643484e-06	8.107242e-09	2.528461e+01	5.319053e+02
2.040000e-06	3.585206e-06	7.988416e-09	2.488017e+01	5.281391e+02
2.050000e-06	3.525926e-06	7.986086e-09	2.446879e+01	5.242194e+02
2.060000e-06	3.465517e-06	7.938079e-09	2.404957e+01	5.200924e+02
2.070000e-06	3.403616e-06	7.856982e-09	2.362000e+01	5.157366e+02
2.080000e-06	3.340287e-06	7.781376e-09	2.318051e+01	5.111728e+02
2.090000e-06	3.275823e-06	7.685502e-09	2.273315e+01	5.064542e+02
2.100000e-06	3.210250e-06	7.658327e-09	2.227810e+01	5.016404e+02
2.110000e-06	3.143582e-06	7.566733e-09	2.181544e+01	4.967678e+02
2.120000e-06	3.075941e-06	7.470218e-09	2.134604e+01	4.918301e+02
2.130000e-06	3.007078e-06	7.397010e-09	2.086815e+01	4.867802e+02
2.140000e-06	2.936846e-06	7.322561e-09	2.038076e+01	4.815516e+02
2.150000e-06	2.865513e-06	7.275914e-09	1.988574e+01	4.760905e+02
2.160000e-06	2.793262e-06	7.170226e-09	1.938434e+01	4.703797e+02
2.170000e-06	2.720082e-06	7.063840e-09	1.887649e+01	4.644435e+02
2.180000e-06	2.645966e-06	6.963093e-09	1.836215e+01	4.583291e+02
2.190000e-06	2.570968e-06	6.880717e-09	1.784169e+01	4.520778e+02
2.200000e-06	2.494871e-06	6.801331e-09	1.731360e+01	4.457013e+02
2.210000e-06	2.417473e-06	6.677545e-09	1.677648e+01	4.391786e+02
2.220000e-06	2.338946e-06	6.571886e-09	1.623153e+01	4.324736e+02
2.230000e-06	2.259657e-06	6.473792e-09	1.568129e+01	4.255598e+02
2.240000e-06	2.179730e-06	6.387156e-09	1.512662e+01	4.184344e+02
2.250000e-06	2.099073e-06	6.272518e-09	1.456689e+01	4.111129e+02
2.260000e-06	2.017666e-06	6.132596e-09	1.400195e+01	4.036060e+02
2.270000e-06	1.935484e-06	6.014407e-09	1.343163e+01	3.959006e+02
2.280000e-06	1.852702e-06	5.903917e-09	1.285715e+01	3.879581e+02
2.290000e-06	1.769501e-06	5.793345e-09	1.227977e+01	3.797365e+02
2.300000e-06	1.685852e-06	5.650812e-09	1.169927e+01	3.712211e+02
2.310000e-06	1.601627e-06	5.506919e-09	1.111477e+01	3.624398e+02
2.320000e-06	1.516653e-06	5.376915e-09	1.052508e+01	3.534497e+02
2.330000e-06	1.430829e-06	5.248424e-09	9.929492e+00	3.442981e+02
2.340000e-06	1.344279e-06	5.109211e-09	9.328863e+00	3.349822e+02
2.350000e-06	1.257270e-06	4.947080e-09	8.725045e+00	3.254365e+02
2.360000e-06	1.169938e-06	4.791520e-09	8.118993e+00	3.155604e+02
2.370000e-06	1.082328e-06	4.643886e-09	7.511004e+00	3.052722e+02
2.380000e-06	9.944556e-07	4.491317e-09	6.901201e+00	2.945565e+02
2.390000e-06	9.062972e-07	4.318204e-09	6.289410e+00	2.834752e+02
2.400000e-06	8.178375e-07	4.134780e-09	5.675528e+00	2.721315e+02
2.410000e-06	7.290789e-07	3.961685e-09	5.059572e+00	2.606081e+02
2.420000e-06	6.400508e-07	3.795817e-09	4.441746e+00	2.489152e+02
2.430000e-06	5.508562e-07	3.618174e-09	3.822764e+00	2.369813e+02
2.440000e-06	4.615335e-07	3.417560e-09	3.202893e+00	2.246888e+02
2.450000e-06	3.720577e-07	3.215797e-09	2.581960e+00	2.119342e+02
2.460000e-06	2.824543e-07	3.020929e-09	1.960142e+00	1.986749e+02
2.470000e-06	1.927403e-07	2.820717e-09	1.337555e+00	1.849384e+02
2.480000e-06	1.030130e-07	2.601078e-09	7.148771e-01	1.707921e+02
2.490000e-06	1.328042e-08	2.369301e-09	9.216180e-02	1.562961e+02
2.500000e-06	-7.653326e-08	2.146290e-09	-5.311161e-01	1.414692e+02
2.510000e-06	-1.663239e-07	1.927339e-09	-1.154234e+00	1.262838e+02
2.520000e-06	-2.560081e-07	1.691387e-09	-1.776613e+00	1.106880e+02
2.530000e-06	-3.455852e-07	1.435640e-09	-2.398250e+00	9.463730e+01
2.540000e-06	-4.350481e-07	1.177936e-09	-3.019094e+00	7.811376e+01
2.550000e-06	-5.243231e-07	9.256748e-10	-3.638633e+00	6.112774e+01
2.560000e-06	-6.133542e-07	6.695271e-10	-4.256480e+00	4.370533e+01
2.570000e-06	-7.022026e-07	3.963232e-10	-4.873059e+00	2.587525e+01
2.580000e-06	-7.908441e-07	1.108014e-10	-5.488203e+00	7.663902e+00
2.590000e-06	-8.791681e-07	-1.726754e-10	-6.101142e+00	-1.090068e+01
2.600000e-06	-9.671472e-07	-4.531316e-10	-6.711689e+00	-2.978225e+01
2.610000e-06	-1.054863e-06	-7.409111e-10	-7.320411e+00	-4.893304e+01
2.620000e-06	-1.142341e-06	-1.042471e-09	-7.927475e+00	-6.829496e+01
2.630000e-06	-1.229502e-06	-1.348131e-09	-8.532344e+00	-8.780230e+01
2.640000e-06	-1.316249e-06	-1.645357e-09	-9.134345e+00	-1.073825e+02
2.650000e-06	-1.402469e-06	-1.937082e-09	-9.732679e+00	-1.269557e+02
2.660000e-06	-1.488000e-06	-2.232683e-09	-1.032624e+01	-1.464368e+02
2.670000e-06	-1.572721e-06	-2.530781e-09	-1.091417e+01	-1.657413e+02
2.680000e-06	-1.656707e-06	-2.823242e-09	-1.149701e+01	-1.847948e+02
2.690000e-06	-1.740168e-06	-3.104881e-09	-1.207620e+01	-2.035367e+02
2.700000e-06	-1.823158e-06	-3.381630e-09	-1.265213e+01	-2.219155e+02
2.710000e-06	-1.905631e-06	-3.659033e-09	-1.322446e+01	-2.398761e+02
2.720000e-06	-1.987502e-06	-3.931844e-09	-1.379262e+01	-2.573486e+02
2.730000e-06	-2.068647e-06	-4.191461e-09	-1.435574e+01	-2.742503e+02
2.740000e-06	-2.149057e-06	-4.434957e-09	-1.491376e+01	-2.905032e+02
2.750000e-06	-2.228830e-06	-4.668774e-09	-1.546736e+01	-3.060615e+02
2.760000e-06	-2.308038e-06	-4.897733e-09	-1.601704e+01	-3.209317e+02
2.770000e-06	-2.386471e-06	-5.117138e-09	-1.656134e+01	-3.351708e+02
2.780000e-06	-2.463675e-06	-5.322520e-09	-1.709711e+01	-3.488594e+02
2.790000e-06	-2.539589e-06	-5.519883e-09	-1.762393e+01	-3.620618e+02
2.800000e-06	-2.614491e-06	-5.716403e-09	-1.814372e+01	-3.747940e+02
2.810000e-06	-2.688447e-06	-5.909509e-09	-1.865696e+01	-3.870162e+02
2.820000e-06	-2.761457e-06	-6.089005e-09	-1.916362e+01	-3.986558e+02
2.830000e-06	-2.833493e-06	-6.250730e-09	-1.966353e+01	-4.096487e+02
2.840000e-06	-2.904681e-06	-6.403555e-09	-2.015755e+01	-4.199774e+02
2.850000e-06	-2.974890e-06	-6.553091e-09	-2.064477e+01	-4.296895e+02
2.860000e-06	-3.043711e-06	-6.696326e-09	-2.112237e+01	-4.388867e+02
2.870000e-06	-3.111307e-06	-6.828954e-09	-2.159147e+01	-4.476898e+02
2.880000e-06	-3.177914e-06	-6.955104e-09	-2.205369e+01	-4.561967e+02
2.890000e-06	-3.243465e-06	-7.082094e-09	-2.250860e+01	-4.644490e+02
2.900000e-06	-3.307938e-06	-7.207547e-09	-2.295602e+01	-4.724219e+02
2.910000e-06	-3.371380e-06	-7.324145e-09	-2.339629e+01	-4.800404e+02
2.920000e-06	-3.433640e-06	-7.428053e-09	-2.382835e+01	-4.872174e+02
2.930000e-06	-3.494413e-06	-7.526012e-09	-2.425010e+01	-4.938974e+02
2.940000e-06	-3.553870e-06	-7.622814e-09	-2.466271e+01	-5.000896e+02
2.950000e-06	-3.612228e-06	-7.714988e-09	-2.506770e+01	-5.058730e+02
2.960000e-06	-3.669281e-06	-7.799335e-09	-2.546363e+01	-5.113706e+02
2.970000e-06	-3.725034e-06	-7.878698e-09	-2.585053e+01	-5.167013e+02
2.980000e-06	-3.779533e-06	-7.958342e-09	-2.622874e+01	-5.219315e+02
2.990000e-06	-3.832406e-06	-8.038018e-09	-2.659566e+01	-5.270494e+02
3.000000e-06	-3.883593e-06	-8.113484e-09	-2.695088e+01	-5.319777e+02
3.010000e-06	-3.933321e-06	-8.180756e-09	-2.729598e+01	-5.366160e+02
3.020000e-06	-3.981441e-06	-8.243474e-09	-2.762991e+01	-5.408949e+02
3.030000e-06	-4.027884e-06	-8.307648e-09	-2.795221e+01	-5.448123e+02
3.040000e-06	-4.072895e-06	-8.369524e-09	-2.826458e+01	-5.484355e+02
3.050000e-06	-4.116644e-06	-8.422337e-09	-2.856818e+01	-5.518695e+02
3.060000e-06	-4.159173e-06	-8.467915e-09	-2.886332e+01	-5.552102e+02
3.070000e-06	-4.200419e-06	-8.515893e-09	-2.914955e+01	-5.585063e+02
3.080000e-06	-4.240299e-06	-8.568154e-09	-2.942631e+01	-5.617464e+02
3.090000e-06	-4.278773e-06	-8.618263e-09	-2.969330e+01	-5.648731e+02
3.100000e-06	-4.315524e-06	-8.659959e-09	-2.994835e+01	-5.678129e+02
3.110000e-06	-4.350600e-06	-8.698682e-09	-3.019176e+01	-5.705058e+02
3.120000e-06	-4.384268e-06	-8.739232e-09	-3.042541e+01	-5.729255e+02
3.130000e-06	-4.416471e-06	-8.778130e-09	-3.064888e+01	-5.750859e+02
3.140000e-06	-4.447130e-06	-8.810029e-09	-3.086165e+01	-5.770367e+02
3.150000e-06	-4.476078e-06	-8.834021e-09	-3.106253e+01	-5.788502e+02
3.160000e-06	-4.503396e-06	-8.859252e-09	-3.125211e+01	-5.806000e+02
3.170000e-06	-4.529211e-06	-8.886154e-09	-3.143126e+01	-5.823362e+02
3.180000e-06	-4.553509e-06	-8.913404e-09	-3.159989e+01	-5.840644e+02
3.190000e-06	-4.576265e-06	-8.938716e-09	-3.175780e+01	-5.857395e+02
3.200000e-06	-4.597238e-06	-8.960873e-09	-3.190335e+01	-5.872829e+02
3.210000e-06	-4.616520e-06	-8.982332e-09	-3.203716e+01	-5.886191e+02
3.220000e-06	-4.634283e-06	-9.003582e-09	-3.216043e+01	-5.897146e+02
3.230000e-06	-4.650508e-06	-9.020087e-09	-3.227302e+01	-5.905983e+02
3.240000e-06	-4.665077e-06	-9.029932e-09	-3.237413e+01	-5.913481e+02
3.250000e-06	-4.677658e-06	-9.037837e-09	-3.246144e+01	-5.920501e+02
3.260000e-06	-4.688362e-06	-9.047025e-09	-3.253572e+01	-5.927520e+02
3.270000e-06	-4.697443e-06	-9.057316e-09	-3.259874e+01	-5.934383e+02
3.280000e-06	-4.704947e-06	-9.065752e-09	-3.265081e+01	-5.940430e+02
3.290000e-06	-4.710693e-06	-9.072079e-09	-3.269069e+01	-5.944915e+02
3.300000e-06	-4.714612e-06	-9.077430e-09	-3.271789e+01	-5.947458e+02
3.310000e-06	-4.716977e-06	-9.081887e-09	-3.273430e+01	-5.948249e+02
3.320000e-06	-4.717853e-06	-9.082310e-09	-3.274038e+01	-5.947896e+02
