# Temperatura_=_20.0
# Concentracion g/m^3_=_10000.0
# C_Vs_to_Am_M_A/Vsm_=_65563218390.804596
# pendiente_HvsI_1/m_=_3716.3
# ordenada_HvsI_A/m_=_1297.0
# frecuencia_Hz_=_300938.6028114801

Tiempo_(s)	Campo_(V.s)	Magnetizacion_(V.s)	Campo_(kA/m)	Magnetizacion_(A/m)
0.000000e+00	-4.745768e-06	-9.147554e-09	-3.273740e+01	-5.987314e+02
1.000000e-08	-4.744789e-06	-9.143221e-09	-3.273065e+01	-5.983972e+02
2.000000e-08	-4.742037e-06	-9.134478e-09	-3.271167e+01	-5.980716e+02
3.000000e-08	-4.737640e-06	-9.126936e-09	-3.268134e+01	-5.977961e+02
4.000000e-08	-4.731834e-06	-9.121650e-09	-3.264129e+01	-5.975542e+02
5.000000e-08	-4.724563e-06	-9.116326e-09	-3.259113e+01	-5.972924e+02
6.000000e-08	-4.715869e-06	-9.110172e-09	-3.253116e+01	-5.969471e+02
7.000000e-08	-4.705467e-06	-9.098213e-09	-3.245940e+01	-5.964628e+02
8.000000e-08	-4.693238e-06	-9.080355e-09	-3.237504e+01	-5.957993e+02
9.000000e-08	-4.679102e-06	-9.112372e-09	-3.227753e+01	-5.949330e+02
1.000000e-07	-4.662588e-06	-9.118676e-09	-3.216361e+01	-5.938619e+02
1.100000e-07	-4.643923e-06	-9.076718e-09	-3.203485e+01	-5.926157e+02
1.200000e-07	-4.623793e-06	-9.047279e-09	-3.189599e+01	-5.912601e+02
1.300000e-07	-4.602504e-06	-8.937383e-09	-3.174914e+01	-5.898844e+02
1.400000e-07	-4.580158e-06	-8.971733e-09	-3.159499e+01	-5.885680e+02
1.500000e-07	-4.556516e-06	-9.054810e-09	-3.143190e+01	-5.873402e+02
1.600000e-07	-4.531289e-06	-8.880994e-09	-3.125788e+01	-5.861569e+02
1.700000e-07	-4.504420e-06	-8.909655e-09	-3.107253e+01	-5.849108e+02
1.800000e-07	-4.475770e-06	-8.984528e-09	-3.087490e+01	-5.834786e+02
1.900000e-07	-4.445541e-06	-8.826177e-09	-3.066637e+01	-5.817799e+02
2.000000e-07	-4.414130e-06	-8.878753e-09	-3.044969e+01	-5.798179e+02
2.100000e-07	-4.381174e-06	-8.890849e-09	-3.022235e+01	-5.776760e+02
2.200000e-07	-4.346277e-06	-8.715404e-09	-2.998162e+01	-5.754717e+02
2.300000e-07	-4.309852e-06	-8.735896e-09	-2.973036e+01	-5.732936e+02
2.400000e-07	-4.272019e-06	-8.748810e-09	-2.946938e+01	-5.711560e+02
2.500000e-07	-4.232689e-06	-8.684139e-09	-2.919807e+01	-5.689951e+02
2.600000e-07	-4.191816e-06	-8.668767e-09	-2.891612e+01	-5.667074e+02
2.700000e-07	-4.149150e-06	-8.568075e-09	-2.862180e+01	-5.642041e+02
2.800000e-07	-4.104977e-06	-8.544638e-09	-2.831708e+01	-5.614521e+02
2.900000e-07	-4.059460e-06	-8.562846e-09	-2.800309e+01	-5.584809e+02
3.000000e-07	-4.012427e-06	-8.480619e-09	-2.767865e+01	-5.553576e+02
3.100000e-07	-3.963896e-06	-8.406317e-09	-2.734387e+01	-5.521489e+02
3.200000e-07	-3.913575e-06	-8.357431e-09	-2.699675e+01	-5.488930e+02
3.300000e-07	-3.861476e-06	-8.329216e-09	-2.663736e+01	-5.455937e+02
3.400000e-07	-3.807997e-06	-8.283554e-09	-2.626845e+01	-5.422320e+02
3.500000e-07	-3.753208e-06	-8.217648e-09	-2.589050e+01	-5.387830e+02
3.600000e-07	-3.697125e-06	-8.141519e-09	-2.550362e+01	-5.352238e+02
3.700000e-07	-3.639741e-06	-8.078848e-09	-2.510778e+01	-5.315322e+02
3.800000e-07	-3.580895e-06	-8.073687e-09	-2.470185e+01	-5.276812e+02
3.900000e-07	-3.520694e-06	-8.018459e-09	-2.428656e+01	-5.236406e+02
4.000000e-07	-3.459284e-06	-7.913575e-09	-2.386294e+01	-5.193882e+02
4.100000e-07	-3.396676e-06	-7.838545e-09	-2.343106e+01	-5.149251e+02
4.200000e-07	-3.333015e-06	-7.778755e-09	-2.299191e+01	-5.102849e+02
4.300000e-07	-3.268376e-06	-7.726590e-09	-2.254601e+01	-5.055268e+02
4.400000e-07	-3.202330e-06	-7.636201e-09	-2.209041e+01	-5.007125e+02
4.500000e-07	-3.134692e-06	-7.532362e-09	-2.162383e+01	-4.958770e+02
4.600000e-07	-3.066046e-06	-7.475898e-09	-2.115029e+01	-4.910066e+02
4.700000e-07	-2.996557e-06	-7.426218e-09	-2.067094e+01	-4.860364e+02
4.800000e-07	-2.926088e-06	-7.356802e-09	-2.018483e+01	-4.808703e+02
4.900000e-07	-2.854583e-06	-7.247757e-09	-1.969157e+01	-4.754173e+02
5.000000e-07	-2.782122e-06	-7.140992e-09	-1.919172e+01	-4.696283e+02
5.100000e-07	-2.708622e-06	-7.060818e-09	-1.868470e+01	-4.635187e+02
5.200000e-07	-2.633843e-06	-6.975585e-09	-1.816886e+01	-4.571660e+02
5.300000e-07	-2.557898e-06	-6.871273e-09	-1.764497e+01	-4.506807e+02
5.400000e-07	-2.480921e-06	-6.749604e-09	-1.711396e+01	-4.441611e+02
5.500000e-07	-2.403023e-06	-6.656837e-09	-1.657661e+01	-4.376500e+02
5.600000e-07	-2.324243e-06	-6.580210e-09	-1.603317e+01	-4.311116e+02
5.700000e-07	-2.244420e-06	-6.487739e-09	-1.548253e+01	-4.244414e+02
5.800000e-07	-2.163493e-06	-6.365702e-09	-1.492427e+01	-4.175062e+02
5.900000e-07	-2.081732e-06	-6.234331e-09	-1.436027e+01	-4.101988e+02
6.000000e-07	-1.999355e-06	-6.122409e-09	-1.379201e+01	-4.024820e+02
6.100000e-07	-1.916372e-06	-6.013387e-09	-1.321958e+01	-3.944036e+02
6.200000e-07	-1.832825e-06	-5.886130e-09	-1.264325e+01	-3.860730e+02
6.300000e-07	-1.748726e-06	-5.741956e-09	-1.206311e+01	-3.776114e+02
6.400000e-07	-1.664078e-06	-5.612963e-09	-1.147920e+01	-3.690961e+02
6.500000e-07	-1.578966e-06	-5.501335e-09	-1.089207e+01	-3.605255e+02
6.600000e-07	-1.493435e-06	-5.376667e-09	-1.030206e+01	-3.518172e+02
6.700000e-07	-1.407469e-06	-5.225411e-09	-9.709048e+00	-3.428402e+02
6.800000e-07	-1.320931e-06	-5.067005e-09	-9.112087e+00	-3.334655e+02
6.900000e-07	-1.233765e-06	-4.920557e-09	-8.510796e+00	-3.236136e+02
7.000000e-07	-1.146210e-06	-4.777200e-09	-7.906821e+00	-3.132821e+02
7.100000e-07	-1.058414e-06	-4.615213e-09	-7.301183e+00	-3.025427e+02
7.200000e-07	-9.703772e-07	-4.434969e-09	-6.693887e+00	-2.915120e+02
7.300000e-07	-8.821017e-07	-4.261477e-09	-6.084942e+00	-2.803053e+02
7.400000e-07	-7.936127e-07	-4.100692e-09	-5.474524e+00	-2.689904e+02
7.500000e-07	-7.048997e-07	-3.935937e-09	-4.862562e+00	-2.575579e+02
7.600000e-07	-6.158921e-07	-3.748111e-09	-4.248566e+00	-2.459177e+02
7.700000e-07	-5.265809e-07	-3.549287e-09	-3.632477e+00	-2.339274e+02
7.800000e-07	-4.370578e-07	-3.361620e-09	-3.014926e+00	-2.214413e+02
7.900000e-07	-3.473525e-07	-3.176510e-09	-2.396118e+00	-2.083647e+02
8.000000e-07	-2.574136e-07	-2.973322e-09	-1.775699e+00	-1.946906e+02
8.100000e-07	-1.672199e-07	-2.746957e-09	-1.153521e+00	-1.805011e+02
8.200000e-07	-7.685660e-08	-2.517613e-09	-5.301746e-01	-1.659322e+02
8.300000e-07	1.350340e-08	-2.299379e-09	9.314959e-02	-1.511141e+02
8.400000e-07	1.038363e-07	-2.079308e-09	7.162869e-01	-1.361127e+02
8.500000e-07	1.941538e-07	-1.840430e-09	1.339318e+00	-1.208977e+02
8.600000e-07	2.843723e-07	-1.591616e-09	1.961666e+00	-1.053530e+02
8.700000e-07	3.744423e-07	-1.346750e-09	2.582990e+00	-8.932345e+01
8.800000e-07	4.642763e-07	-1.101547e-09	3.202686e+00	-7.267908e+01
8.900000e-07	5.538544e-07	-8.411444e-10	3.820616e+00	-5.536875e+01
9.000000e-07	6.432300e-07	-5.616511e-10	4.437150e+00	-3.744140e+01
9.100000e-07	7.322531e-07	-2.759775e-10	5.051251e+00	-1.902782e+01
9.200000e-07	8.208721e-07	5.990646e-12	5.662566e+00	-2.924475e-01
9.300000e-07	9.092184e-07	2.872789e-10	6.271999e+00	1.862338e+01
9.400000e-07	9.973750e-07	5.804643e-10	6.880123e+00	3.764330e+01
9.500000e-07	1.085331e-06	8.807638e-10	7.486867e+00	5.676664e+01
9.600000e-07	1.172962e-06	1.175103e-09	8.091366e+00	7.604499e+01
9.700000e-07	1.260198e-06	1.463383e-09	8.693138e+00	9.553571e+01
9.800000e-07	1.347004e-06	1.760021e-09	9.291945e+00	1.152523e+02
9.900000e-07	1.433356e-06	2.069745e-09	9.887620e+00	1.351323e+02
1.000000e-06	1.519247e-06	2.378030e-09	1.048011e+01	1.550369e+02
1.010000e-06	1.604653e-06	2.675574e-09	1.106927e+01	1.747794e+02
1.020000e-06	1.689530e-06	2.964698e-09	1.165477e+01	1.941727e+02
1.030000e-06	1.773896e-06	3.255784e-09	1.223675e+01	2.130721e+02
1.040000e-06	1.857841e-06	3.542983e-09	1.281581e+01	2.313987e+02
1.050000e-06	1.941218e-06	3.812364e-09	1.339097e+01	2.491354e+02
1.060000e-06	2.023736e-06	4.065665e-09	1.396020e+01	2.663029e+02
1.070000e-06	2.105444e-06	4.314894e-09	1.452384e+01	2.829297e+02
1.080000e-06	2.186462e-06	4.564898e-09	1.508272e+01	2.990309e+02
1.090000e-06	2.266706e-06	4.807434e-09	1.563626e+01	3.146022e+02
1.100000e-06	2.346088e-06	5.033208e-09	1.618386e+01	3.296243e+02
1.110000e-06	2.424561e-06	5.248220e-09	1.672518e+01	3.440709e+02
1.120000e-06	2.502208e-06	5.460499e-09	1.726081e+01	3.579134e+02
1.130000e-06	2.579025e-06	5.666838e-09	1.779071e+01	3.711226e+02
1.140000e-06	2.654869e-06	5.858113e-09	1.831390e+01	3.836728e+02
1.150000e-06	2.729530e-06	6.033862e-09	1.882893e+01	3.955524e+02
1.160000e-06	2.802896e-06	6.202237e-09	1.933502e+01	4.067775e+02
1.170000e-06	2.875196e-06	6.369018e-09	1.983377e+01	4.174016e+02
1.180000e-06	2.946583e-06	6.529882e-09	2.032621e+01	4.275093e+02
1.190000e-06	3.016953e-06	6.675718e-09	2.081164e+01	4.371942e+02
1.200000e-06	3.086248e-06	6.811414e-09	2.128965e+01	4.465272e+02
1.210000e-06	3.154587e-06	6.946937e-09	2.176107e+01	4.555324e+02
1.220000e-06	3.221934e-06	7.084596e-09	2.222565e+01	4.641829e+02
1.230000e-06	3.287879e-06	7.214153e-09	2.268055e+01	4.724209e+02
1.240000e-06	3.352422e-06	7.329526e-09	2.312578e+01	4.801904e+02
1.250000e-06	3.415883e-06	7.437296e-09	2.356355e+01	4.874682e+02
1.260000e-06	3.478269e-06	7.544209e-09	2.399390e+01	4.942777e+02
1.270000e-06	3.539562e-06	7.647423e-09	2.441672e+01	5.006819e+02
1.280000e-06	3.599860e-06	7.739224e-09	2.483266e+01	5.067625e+02
1.290000e-06	3.658880e-06	7.819458e-09	2.523980e+01	5.125968e+02
1.300000e-06	3.716299e-06	7.900123e-09	2.563589e+01	5.182389e+02
1.310000e-06	3.772302e-06	7.986333e-09	2.602221e+01	5.237112e+02
1.320000e-06	3.827091e-06	8.070779e-09	2.640016e+01	5.290026e+02
1.330000e-06	3.880564e-06	8.148258e-09	2.676903e+01	5.340728e+02
1.340000e-06	3.932387e-06	8.220529e-09	2.712651e+01	5.388640e+02
1.350000e-06	3.982359e-06	8.291617e-09	2.747123e+01	5.433225e+02
1.360000e-06	4.030701e-06	8.358147e-09	2.780471e+01	5.474239e+02
1.370000e-06	4.077712e-06	8.412321e-09	2.812900e+01	5.511955e+02
1.380000e-06	4.123362e-06	8.455077e-09	2.844390e+01	5.547197e+02
1.390000e-06	4.167705e-06	8.500165e-09	2.874980e+01	5.581119e+02
1.400000e-06	4.210527e-06	8.554718e-09	2.904519e+01	5.614766e+02
1.410000e-06	4.251645e-06	8.611579e-09	2.932883e+01	5.648599e+02
1.420000e-06	4.291319e-06	8.662467e-09	2.960251e+01	5.682239e+02
1.430000e-06	4.329510e-06	8.709777e-09	2.986596e+01	5.714577e+02
1.440000e-06	4.366330e-06	8.757266e-09	3.011996e+01	5.744252e+02
1.450000e-06	4.401721e-06	8.801388e-09	3.036409e+01	5.770283e+02
1.460000e-06	4.435376e-06	8.834475e-09	3.059625e+01	5.792555e+02
1.470000e-06	4.467423e-06	8.854414e-09	3.081732e+01	5.811933e+02
1.480000e-06	4.498021e-06	8.872940e-09	3.102839e+01	5.829919e+02
1.490000e-06	4.527216e-06	8.901033e-09	3.122979e+01	5.848029e+02
1.500000e-06	4.554920e-06	8.936161e-09	3.142089e+01	5.867147e+02
1.510000e-06	4.580751e-06	8.970299e-09	3.159908e+01	5.887163e+02
1.520000e-06	4.604754e-06	9.000873e-09	3.176466e+01	5.907032e+02
1.530000e-06	4.627227e-06	9.029461e-09	3.191968e+01	5.925225e+02
1.540000e-06	4.648231e-06	9.055665e-09	3.206457e+01	5.940389e+02
1.550000e-06	4.667719e-06	9.072682e-09	3.219901e+01	5.951924e+02
1.560000e-06	4.685544e-06	9.078126e-09	3.232196e+01	5.960248e+02
1.570000e-06	4.701614e-06	9.079437e-09	3.243282e+01	5.966632e+02
1.580000e-06	4.715957e-06	9.087504e-09	3.253176e+01	5.972670e+02
1.590000e-06	4.728540e-06	9.105166e-09	3.261857e+01	5.979612e+02
1.600000e-06	4.739104e-06	9.124304e-09	3.269144e+01	5.987837e+02
1.610000e-06	4.747794e-06	9.139204e-09	3.275138e+01	5.996719e+02
1.620000e-06	4.754916e-06	9.150638e-09	3.280051e+01	6.004927e+02
1.630000e-06	4.760507e-06	9.159950e-09	3.283908e+01	6.011033e+02
1.640000e-06	4.764590e-06	9.165902e-09	3.286724e+01	6.014133e+02
1.650000e-06	4.766839e-06	9.166444e-09	3.288276e+01	6.014197e+02
1.660000e-06	4.767244e-06	9.160156e-09	3.288555e+01	6.012004e+02
1.670000e-06	4.766125e-06	9.149423e-09	3.287783e+01	6.008725e+02
1.680000e-06	4.763563e-06	9.145321e-09	3.286016e+01	6.005393e+02
1.690000e-06	4.759595e-06	9.144821e-09	3.283279e+01	6.002534e+02
1.700000e-06	4.753876e-06	9.143106e-09	3.279334e+01	6.000075e+02
1.710000e-06	4.746463e-06	9.137571e-09	3.274220e+01	5.997529e+02
1.720000e-06	4.737727e-06	9.133358e-09	3.268194e+01	5.994257e+02
1.730000e-06	4.727587e-06	9.145550e-09	3.261199e+01	5.989684e+02
1.740000e-06	4.715932e-06	9.142504e-09	3.253159e+01	5.983380e+02
1.750000e-06	4.702361e-06	9.065980e-09	3.243797e+01	5.975076e+02
1.760000e-06	4.686390e-06	9.042093e-09	3.232780e+01	5.964707e+02
1.770000e-06	4.668016e-06	9.022163e-09	3.220106e+01	5.952508e+02
1.780000e-06	4.647787e-06	9.082579e-09	3.206151e+01	5.939074e+02
1.790000e-06	4.626574e-06	9.093339e-09	3.191518e+01	5.925275e+02
1.800000e-06	4.604658e-06	8.911427e-09	3.176400e+01	5.911951e+02
1.810000e-06	4.581052e-06	9.006353e-09	3.160115e+01	5.899514e+02
1.820000e-06	4.555436e-06	9.047182e-09	3.142445e+01	5.887654e+02
1.830000e-06	4.528810e-06	8.870214e-09	3.124078e+01	5.875388e+02
1.840000e-06	4.500694e-06	8.964077e-09	3.104683e+01	5.861464e+02
1.850000e-06	4.470334e-06	8.948095e-09	3.083740e+01	5.844966e+02
1.860000e-06	4.438435e-06	8.748768e-09	3.061735e+01	5.825762e+02
1.870000e-06	4.405084e-06	8.881223e-09	3.038729e+01	5.804567e+02
1.880000e-06	4.370250e-06	8.876376e-09	3.014700e+01	5.782543e+02
1.890000e-06	4.334168e-06	8.725157e-09	2.989810e+01	5.760668e+02
1.900000e-06	4.296238e-06	8.771835e-09	2.963644e+01	5.739235e+02
1.910000e-06	4.256694e-06	8.670329e-09	2.936366e+01	5.717728e+02
1.920000e-06	4.215848e-06	8.690227e-09	2.908189e+01	5.695142e+02
1.930000e-06	4.173368e-06	8.731206e-09	2.878886e+01	5.670525e+02
1.940000e-06	4.129701e-06	8.537516e-09	2.848763e+01	5.643432e+02
1.950000e-06	4.084621e-06	8.549363e-09	2.817666e+01	5.614056e+02
1.960000e-06	4.037915e-06	8.542084e-09	2.785447e+01	5.583029e+02
1.970000e-06	3.989783e-06	8.463944e-09	2.752244e+01	5.551044e+02
1.980000e-06	3.939990e-06	8.442860e-09	2.717896e+01	5.518546e+02
1.990000e-06	3.888760e-06	8.326048e-09	2.682557e+01	5.485628e+02
2.000000e-06	3.835901e-06	8.318763e-09	2.646093e+01	5.452130e+02
2.010000e-06	3.781300e-06	8.275474e-09	2.608428e+01	5.417802e+02
2.020000e-06	3.725450e-06	8.231468e-09	2.569902e+01	5.382410e+02
2.030000e-06	3.668277e-06	8.180243e-09	2.530462e+01	5.345736e+02
2.040000e-06	3.609818e-06	8.033564e-09	2.490136e+01	5.307521e+02
2.050000e-06	3.550305e-06	8.044908e-09	2.449083e+01	5.267463e+02
2.060000e-06	3.489570e-06	7.988108e-09	2.407186e+01	5.225313e+02
2.070000e-06	3.427374e-06	7.903650e-09	2.364282e+01	5.181031e+02
2.080000e-06	3.363740e-06	7.833044e-09	2.320386e+01	5.134896e+02
2.090000e-06	3.298938e-06	7.725574e-09	2.275684e+01	5.087464e+02
2.100000e-06	3.233053e-06	7.723725e-09	2.230235e+01	5.039373e+02
2.110000e-06	3.166145e-06	7.635244e-09	2.184080e+01	4.991038e+02
2.120000e-06	3.098161e-06	7.534408e-09	2.137183e+01	4.942419e+02
2.130000e-06	3.028763e-06	7.449279e-09	2.089310e+01	4.892949e+02
2.140000e-06	2.958084e-06	7.368557e-09	2.040555e+01	4.841699e+02
2.150000e-06	2.886399e-06	7.334357e-09	1.991105e+01	4.787722e+02
2.160000e-06	2.813776e-06	7.222151e-09	1.941008e+01	4.730429e+02
2.170000e-06	2.740205e-06	7.123151e-09	1.890257e+01	4.669852e+02
2.180000e-06	2.665639e-06	7.021531e-09	1.838820e+01	4.606670e+02
2.190000e-06	2.590126e-06	6.941397e-09	1.786729e+01	4.541960e+02
2.200000e-06	2.513463e-06	6.865017e-09	1.733845e+01	4.476762e+02
2.210000e-06	2.435553e-06	6.728123e-09	1.680101e+01	4.411627e+02
2.220000e-06	2.356632e-06	6.618586e-09	1.625659e+01	4.346340e+02
2.230000e-06	2.276947e-06	6.518110e-09	1.570691e+01	4.279958e+02
2.240000e-06	2.196576e-06	6.444052e-09	1.515249e+01	4.211161e+02
2.250000e-06	2.115508e-06	6.337135e-09	1.459327e+01	4.138791e+02
2.260000e-06	2.033709e-06	6.196144e-09	1.402900e+01	4.062331e+02
2.270000e-06	1.951163e-06	6.075339e-09	1.345958e+01	3.982112e+02
2.280000e-06	1.868054e-06	5.959964e-09	1.288627e+01	3.899152e+02
2.290000e-06	1.784541e-06	5.848532e-09	1.231018e+01	3.814682e+02
2.300000e-06	1.700576e-06	5.695470e-09	1.173097e+01	3.729590e+02
2.310000e-06	1.615870e-06	5.546028e-09	1.114665e+01	3.644010e+02
2.320000e-06	1.530173e-06	5.420767e-09	1.055549e+01	3.557250e+02
2.330000e-06	1.443654e-06	5.303048e-09	9.958663e+00	3.468050e+02
2.340000e-06	1.356670e-06	5.170339e-09	9.358623e+00	3.375079e+02
2.350000e-06	1.269404e-06	5.003366e-09	8.756643e+00	3.277426e+02
2.360000e-06	1.181766e-06	4.842055e-09	8.152092e+00	3.174921e+02
2.370000e-06	1.093664e-06	4.688989e-09	7.544347e+00	3.068165e+02
2.380000e-06	1.005241e-06	4.532286e-09	6.934385e+00	2.958276e+02
2.390000e-06	9.165794e-07	4.351743e-09	6.322777e+00	2.846442e+02
2.400000e-06	8.276295e-07	4.161908e-09	5.709180e+00	2.733457e+02
2.410000e-06	7.384291e-07	3.989778e-09	5.093855e+00	2.619375e+02
2.420000e-06	6.489801e-07	3.830918e-09	4.476815e+00	2.503427e+02
2.430000e-06	5.592422e-07	3.657976e-09	3.857782e+00	2.384251e+02
2.440000e-06	4.693365e-07	3.454467e-09	3.237592e+00	2.260353e+02
2.450000e-06	3.793294e-07	3.247966e-09	2.616702e+00	2.130663e+02
2.460000e-06	2.891771e-07	3.049743e-09	1.994811e+00	1.994940e+02
2.470000e-06	1.988627e-07	2.846452e-09	1.371801e+00	1.853862e+02
2.480000e-06	1.085158e-07	2.617730e-09	7.485668e-01	1.708733e+02
2.490000e-06	1.820552e-08	2.375766e-09	1.255859e-01	1.560913e+02
2.500000e-06	-7.210795e-08	2.149040e-09	-4.974173e-01	1.411207e+02
2.510000e-06	-1.623897e-07	1.934735e-09	-1.120202e+00	1.259492e+02
2.520000e-06	-2.525964e-07	1.705085e-09	-1.742469e+00	1.104732e+02
2.530000e-06	-3.427010e-07	1.449838e-09	-2.364031e+00	9.454016e+01
2.540000e-06	-4.326864e-07	1.189975e-09	-2.984771e+00	7.801091e+01
2.550000e-06	-5.224687e-07	9.362780e-10	-3.604110e+00	6.081759e+01
2.560000e-06	-6.119927e-07	6.775738e-10	-4.221667e+00	4.299150e+01
2.570000e-06	-7.012941e-07	3.943417e-10	-4.837689e+00	2.465171e+01
2.580000e-06	-7.903723e-07	9.502235e-11	-5.452171e+00	5.960887e+00
2.590000e-06	-8.791272e-07	-1.957214e-10	-6.064423e+00	-1.293172e+01
2.600000e-06	-9.675661e-07	-4.748815e-10	-6.674495e+00	-3.193634e+01
2.610000e-06	-1.055768e-06	-7.595978e-10	-7.282929e+00	-5.103959e+01
2.620000e-06	-1.143656e-06	-1.061046e-09	-7.889203e+00	-7.028671e+01
2.630000e-06	-1.231163e-06	-1.367127e-09	-8.492846e+00	-8.973787e+01
2.640000e-06	-1.318303e-06	-1.663644e-09	-9.093956e+00	-1.094175e+02
2.650000e-06	-1.405064e-06	-1.957265e-09	-9.692454e+00	-1.292777e+02
2.660000e-06	-1.491331e-06	-2.261793e-09	-1.028754e+01	-1.491920e+02
2.670000e-06	-1.576892e-06	-2.572120e-09	-1.087777e+01	-1.689790e+02
2.680000e-06	-1.661628e-06	-2.871514e-09	-1.146230e+01	-1.884481e+02
2.690000e-06	-1.745607e-06	-3.153998e-09	-1.204160e+01	-2.074446e+02
2.700000e-06	-1.829028e-06	-3.430254e-09	-1.261706e+01	-2.258775e+02
2.710000e-06	-1.911983e-06	-3.709097e-09	-1.318930e+01	-2.437200e+02
2.720000e-06	-1.994344e-06	-3.982174e-09	-1.375745e+01	-2.609881e+02
2.730000e-06	-2.076002e-06	-4.237735e-09	-1.432075e+01	-2.777109e+02
2.740000e-06	-2.156932e-06	-4.477257e-09	-1.487901e+01	-2.939070e+02
2.750000e-06	-2.237117e-06	-4.713165e-09	-1.543215e+01	-3.095752e+02
2.760000e-06	-2.316667e-06	-4.949125e-09	-1.598090e+01	-3.246983e+02
2.770000e-06	-2.395548e-06	-5.174424e-09	-1.652504e+01	-3.392510e+02
2.780000e-06	-2.473404e-06	-5.383023e-09	-1.706211e+01	-3.532047e+02
2.790000e-06	-2.549971e-06	-5.581791e-09	-1.759029e+01	-3.665302e+02
2.800000e-06	-2.625383e-06	-5.779317e-09	-1.811050e+01	-3.792007e+02
2.810000e-06	-2.699790e-06	-5.971150e-09	-1.862378e+01	-3.912010e+02
2.820000e-06	-2.773195e-06	-6.144377e-09	-1.913014e+01	-4.025413e+02
2.830000e-06	-2.845642e-06	-6.299671e-09	-1.962989e+01	-4.132684e+02
2.840000e-06	-2.917207e-06	-6.450810e-09	-2.012357e+01	-4.234626e+02
2.850000e-06	-2.987842e-06	-6.603666e-09	-2.061082e+01	-4.332179e+02
2.860000e-06	-3.057239e-06	-6.751232e-09	-2.108955e+01	-4.426116e+02
2.870000e-06	-3.125360e-06	-6.886610e-09	-2.155946e+01	-4.516771e+02
2.880000e-06	-3.192454e-06	-7.013766e-09	-2.202229e+01	-4.603959e+02
2.890000e-06	-3.258541e-06	-7.140887e-09	-2.247817e+01	-4.687134e+02
2.900000e-06	-3.323479e-06	-7.266773e-09	-2.292613e+01	-4.765707e+02
2.910000e-06	-3.387330e-06	-7.381095e-09	-2.336659e+01	-4.839371e+02
2.920000e-06	-3.450108e-06	-7.481200e-09	-2.379964e+01	-4.908278e+02
2.930000e-06	-3.511413e-06	-7.576008e-09	-2.422254e+01	-4.972997e+02
2.940000e-06	-3.571270e-06	-7.672342e-09	-2.463545e+01	-5.034332e+02
2.950000e-06	-3.629989e-06	-7.768206e-09	-2.504050e+01	-5.093078e+02
2.960000e-06	-3.687459e-06	-7.855908e-09	-2.543695e+01	-5.149828e+02
2.970000e-06	-3.743664e-06	-7.936083e-09	-2.582466e+01	-5.204865e+02
2.980000e-06	-3.798698e-06	-8.016073e-09	-2.620430e+01	-5.258137e+02
2.990000e-06	-3.852156e-06	-8.096987e-09	-2.657306e+01	-5.309285e+02
3.000000e-06	-3.903813e-06	-8.172461e-09	-2.692941e+01	-5.357751e+02
3.010000e-06	-3.953936e-06	-8.237325e-09	-2.727516e+01	-5.402972e+02
3.020000e-06	-4.002361e-06	-8.297838e-09	-2.760921e+01	-5.444632e+02
3.030000e-06	-4.049073e-06	-8.360397e-09	-2.793144e+01	-5.482902e+02
3.040000e-06	-4.094411e-06	-8.422630e-09	-2.824420e+01	-5.518518e+02
3.050000e-06	-4.138488e-06	-8.478305e-09	-2.854825e+01	-5.552602e+02
3.060000e-06	-4.181321e-06	-8.526317e-09	-2.884372e+01	-5.586254e+02
3.070000e-06	-4.222876e-06	-8.575393e-09	-2.913037e+01	-5.620068e+02
3.080000e-06	-4.263106e-06	-8.627815e-09	-2.940789e+01	-5.653819e+02
3.090000e-06	-4.301921e-06	-8.679022e-09	-2.967565e+01	-5.686502e+02
3.100000e-06	-4.338984e-06	-8.722538e-09	-2.993131e+01	-5.716755e+02
3.110000e-06	-4.374391e-06	-8.760682e-09	-3.017556e+01	-5.743486e+02
3.120000e-06	-4.408390e-06	-8.799543e-09	-3.041010e+01	-5.766404e+02
3.130000e-06	-4.440897e-06	-8.837697e-09	-3.063434e+01	-5.786212e+02
3.140000e-06	-4.471924e-06	-8.870455e-09	-3.084837e+01	-5.804339e+02
3.150000e-06	-4.501205e-06	-8.895752e-09	-3.105035e+01	-5.822348e+02
3.160000e-06	-4.528754e-06	-8.920731e-09	-3.124039e+01	-5.841275e+02
3.170000e-06	-4.554774e-06	-8.949776e-09	-3.141988e+01	-5.861197e+02
3.180000e-06	-4.579213e-06	-8.978908e-09	-3.158847e+01	-5.881210e+02
3.190000e-06	-4.602148e-06	-9.003922e-09	-3.174669e+01	-5.899827e+02
3.200000e-06	-4.623380e-06	-9.026809e-09	-3.189315e+01	-5.915615e+02
3.210000e-06	-4.642872e-06	-9.048655e-09	-3.202760e+01	-5.927809e+02
3.220000e-06	-4.660799e-06	-9.069940e-09	-3.215127e+01	-5.936645e+02
3.230000e-06	-4.677187e-06	-9.085447e-09	-3.226432e+01	-5.943271e+02
3.240000e-06	-4.691891e-06	-9.093551e-09	-3.236575e+01	-5.949273e+02
3.250000e-06	-4.704611e-06	-9.100352e-09	-3.245350e+01	-5.956007e+02
3.260000e-06	-4.715409e-06	-9.108668e-09	-3.252798e+01	-5.964033e+02
3.270000e-06	-4.724498e-06	-9.117978e-09	-3.259068e+01	-5.972894e+02
3.280000e-06	-4.732086e-06	-9.126736e-09	-3.264302e+01	-5.981346e+02
3.290000e-06	-4.738014e-06	-9.135559e-09	-3.268392e+01	-5.987927e+02
3.300000e-06	-4.742149e-06	-9.144873e-09	-3.271244e+01	-5.991604e+02
3.310000e-06	-4.744721e-06	-9.151200e-09	-3.273018e+01	-5.992185e+02
3.320000e-06	-4.745747e-06	-9.151439e-09	-3.273726e+01	-5.990325e+02
