# Temperatura_=_20.0
# Concentracion g/m^3_=_10000.0
# C_Vs_to_Am_M_A/Vsm_=_65563218390.804596
# pendiente_HvsI_1/m_=_3716.3
# ordenada_HvsI_A/m_=_1297.0
# frecuencia_Hz_=_300940.60383097007

Tiempo_(s)	Campo_(V.s)	Magnetizacion_(V.s)	Campo_(kA/m)	Magnetizacion_(A/m)
0.000000e+00	-5.238559e-06	-9.603475e-09	-3.642681e+01	-6.291341e+02
1.000000e-08	-5.237442e-06	-9.604237e-09	-3.641904e+01	-6.290619e+02
2.000000e-08	-5.234421e-06	-9.600649e-09	-3.639803e+01	-6.288013e+02
3.000000e-08	-5.229654e-06	-9.593575e-09	-3.636488e+01	-6.283966e+02
4.000000e-08	-5.223339e-06	-9.586201e-09	-3.632098e+01	-6.279170e+02
5.000000e-08	-5.215450e-06	-9.578415e-09	-3.626612e+01	-6.274222e+02
6.000000e-08	-5.205792e-06	-9.569094e-09	-3.619896e+01	-6.269318e+02
7.000000e-08	-5.194154e-06	-9.557560e-09	-3.611803e+01	-6.264137e+02
8.000000e-08	-5.180704e-06	-9.544498e-09	-3.602451e+01	-6.257998e+02
9.000000e-08	-5.165086e-06	-9.530822e-09	-3.591590e+01	-6.250230e+02
1.000000e-07	-5.147002e-06	-9.536489e-09	-3.579016e+01	-6.240555e+02
1.100000e-07	-5.126927e-06	-9.528948e-09	-3.565056e+01	-6.229255e+02
1.200000e-07	-5.105134e-06	-9.496431e-09	-3.549902e+01	-6.217028e+02
1.300000e-07	-5.081838e-06	-9.480785e-09	-3.533703e+01	-6.204613e+02
1.400000e-07	-5.057335e-06	-9.448417e-09	-3.516665e+01	-6.192422e+02
1.500000e-07	-5.031181e-06	-9.428252e-09	-3.498479e+01	-6.180395e+02
1.600000e-07	-5.003187e-06	-9.433931e-09	-3.479013e+01	-6.168156e+02
1.700000e-07	-4.973636e-06	-9.373003e-09	-3.458464e+01	-6.155322e+02
1.800000e-07	-4.942362e-06	-9.364075e-09	-3.436717e+01	-6.141733e+02
1.900000e-07	-4.909368e-06	-9.375162e-09	-3.413775e+01	-6.127436e+02
2.000000e-07	-4.874730e-06	-9.313551e-09	-3.389689e+01	-6.112451e+02
2.100000e-07	-4.838377e-06	-9.313512e-09	-3.364411e+01	-6.096524e+02
2.200000e-07	-4.800206e-06	-9.285988e-09	-3.337868e+01	-6.079084e+02
2.300000e-07	-4.760309e-06	-9.220853e-09	-3.310125e+01	-6.059488e+02
2.400000e-07	-4.718662e-06	-9.204499e-09	-3.281166e+01	-6.037400e+02
2.500000e-07	-4.675129e-06	-9.163737e-09	-3.250895e+01	-6.013030e+02
2.600000e-07	-4.629818e-06	-9.131084e-09	-3.219387e+01	-5.987063e+02
2.700000e-07	-4.582825e-06	-9.099670e-09	-3.186710e+01	-5.960277e+02
2.800000e-07	-4.534264e-06	-9.035826e-09	-3.152943e+01	-5.933098e+02
2.900000e-07	-4.483756e-06	-9.010130e-09	-3.117821e+01	-5.905376e+02
3.000000e-07	-4.431077e-06	-8.971159e-09	-3.081191e+01	-5.876527e+02
3.100000e-07	-4.376621e-06	-8.913598e-09	-3.043324e+01	-5.845922e+02
3.200000e-07	-4.320747e-06	-8.862588e-09	-3.004471e+01	-5.813277e+02
3.300000e-07	-4.263550e-06	-8.809965e-09	-2.964699e+01	-5.778788e+02
3.400000e-07	-4.204742e-06	-8.765856e-09	-2.923807e+01	-5.742952e+02
3.500000e-07	-4.144307e-06	-8.706658e-09	-2.881782e+01	-5.706229e+02
3.600000e-07	-4.082381e-06	-8.652634e-09	-2.838721e+01	-5.668777e+02
3.700000e-07	-4.019057e-06	-8.580722e-09	-2.794689e+01	-5.630418e+02
3.800000e-07	-3.954542e-06	-8.512863e-09	-2.749827e+01	-5.590801e+02
3.900000e-07	-3.888538e-06	-8.472380e-09	-2.703931e+01	-5.549613e+02
4.000000e-07	-3.820814e-06	-8.408223e-09	-2.656839e+01	-5.506676e+02
4.100000e-07	-3.751695e-06	-8.340952e-09	-2.608776e+01	-5.461896e+02
4.200000e-07	-3.681444e-06	-8.265216e-09	-2.559926e+01	-5.415171e+02
4.300000e-07	-3.610102e-06	-8.188280e-09	-2.510318e+01	-5.366366e+02
4.400000e-07	-3.537475e-06	-8.116314e-09	-2.459816e+01	-5.315417e+02
4.500000e-07	-3.463190e-06	-8.028312e-09	-2.408161e+01	-5.262463e+02
4.600000e-07	-3.387298e-06	-7.937386e-09	-2.355389e+01	-5.207868e+02
4.700000e-07	-3.310168e-06	-7.854787e-09	-2.301756e+01	-5.152066e+02
4.800000e-07	-3.231877e-06	-7.779908e-09	-2.247316e+01	-5.095306e+02
4.900000e-07	-3.152201e-06	-7.697787e-09	-2.191912e+01	-5.037453e+02
5.000000e-07	-3.071065e-06	-7.600639e-09	-2.135494e+01	-4.978017e+02
5.100000e-07	-2.988818e-06	-7.497533e-09	-2.078302e+01	-4.916382e+02
5.200000e-07	-2.905687e-06	-7.399339e-09	-2.020497e+01	-4.852125e+02
5.300000e-07	-2.821697e-06	-7.307387e-09	-1.962094e+01	-4.785192e+02
5.400000e-07	-2.736893e-06	-7.203930e-09	-1.903124e+01	-4.715863e+02
5.500000e-07	-2.651187e-06	-7.088111e-09	-1.843527e+01	-4.644524e+02
5.600000e-07	-2.564551e-06	-6.976683e-09	-1.783284e+01	-4.571431e+02
5.700000e-07	-2.477148e-06	-6.866086e-09	-1.722508e+01	-4.496605e+02
5.800000e-07	-2.389013e-06	-6.752623e-09	-1.661223e+01	-4.419886e+02
5.900000e-07	-2.299966e-06	-6.629368e-09	-1.599303e+01	-4.341062e+02
6.000000e-07	-2.209908e-06	-6.499945e-09	-1.536680e+01	-4.259942e+02
6.100000e-07	-2.118899e-06	-6.374396e-09	-1.473396e+01	-4.176334e+02
6.200000e-07	-2.027060e-06	-6.251713e-09	-1.409535e+01	-4.089996e+02
6.300000e-07	-1.934553e-06	-6.120207e-09	-1.345209e+01	-4.000645e+02
6.400000e-07	-1.841437e-06	-5.970651e-09	-1.280461e+01	-3.908090e+02
6.500000e-07	-1.747683e-06	-5.817914e-09	-1.215268e+01	-3.812382e+02
6.600000e-07	-1.653357e-06	-5.668916e-09	-1.149677e+01	-3.713850e+02
6.700000e-07	-1.558513e-06	-5.520518e-09	-1.083726e+01	-3.612934e+02
6.800000e-07	-1.463176e-06	-5.363717e-09	-1.017433e+01	-3.509866e+02
6.900000e-07	-1.367326e-06	-5.199178e-09	-9.507827e+00	-3.404417e+02
7.000000e-07	-1.270987e-06	-5.035535e-09	-8.837927e+00	-3.295889e+02
7.100000e-07	-1.174268e-06	-4.868725e-09	-8.165383e+00	-3.183415e+02
7.200000e-07	-1.077084e-06	-4.691055e-09	-7.489604e+00	-3.066403e+02
7.300000e-07	-9.794206e-07	-4.499750e-09	-6.810492e+00	-2.944848e+02
7.400000e-07	-8.813575e-07	-4.304445e-09	-6.128602e+00	-2.819303e+02
7.500000e-07	-7.828857e-07	-4.109494e-09	-5.443868e+00	-2.690501e+02
7.600000e-07	-6.840717e-07	-3.912526e-09	-4.756756e+00	-2.558864e+02
7.700000e-07	-5.849523e-07	-3.707512e-09	-4.067520e+00	-2.424184e+02
7.800000e-07	-4.855411e-07	-3.492049e-09	-3.376255e+00	-2.285667e+02
7.900000e-07	-3.859203e-07	-3.271532e-09	-2.683533e+00	-2.142310e+02
8.000000e-07	-2.861680e-07	-3.048040e-09	-1.989896e+00	-1.993359e+02
8.100000e-07	-1.863087e-07	-2.814020e-09	-1.295515e+00	-1.838602e+02
8.200000e-07	-8.634948e-08	-2.563921e-09	-6.004391e-01	-1.678333e+02
8.300000e-07	1.363290e-08	-2.306427e-09	9.479762e-02	-1.513076e+02
8.400000e-07	1.136060e-07	-2.048277e-09	7.899699e-01	-1.343225e+02
8.500000e-07	2.135584e-07	-1.786948e-09	1.484999e+00	-1.168830e+02
8.600000e-07	3.134327e-07	-1.513680e-09	2.179484e+00	-9.895877e+01
8.700000e-07	4.131577e-07	-1.226841e-09	2.872930e+00	-8.050122e+01
8.800000e-07	5.126554e-07	-9.347480e-10	3.564797e+00	-6.146680e+01
8.900000e-07	6.119268e-07	-6.390485e-10	4.255090e+00	-4.183644e+01
9.000000e-07	7.109711e-07	-3.313688e-10	4.943804e+00	-2.162613e+01
9.100000e-07	8.096741e-07	-9.032452e-12	5.630144e+00	-8.879460e-01
9.200000e-07	9.079636e-07	3.197208e-10	6.313609e+00	2.029777e+01
9.300000e-07	1.005843e-06	6.475604e-10	6.994220e+00	4.183727e+01
9.400000e-07	1.103344e-06	9.744479e-10	7.672204e+00	6.364126e+01
9.500000e-07	1.200421e-06	1.307654e-09	8.347239e+00	8.563761e+01
9.600000e-07	1.296960e-06	1.648234e-09	9.018531e+00	1.077703e+02
9.700000e-07	1.392973e-06	1.988538e-09	9.686164e+00	1.299814e+02
9.800000e-07	1.488519e-06	2.326690e-09	1.035056e+01	1.521832e+02
9.900000e-07	1.583630e-06	2.664502e-09	1.101192e+01	1.742388e+02
1.000000e-06	1.678280e-06	3.000122e-09	1.167007e+01	1.959670e+02
1.010000e-06	1.772343e-06	3.326246e-09	1.232415e+01	2.171777e+02
1.020000e-06	1.865792e-06	3.636338e-09	1.297396e+01	2.377221e+02
1.030000e-06	1.958730e-06	3.934010e-09	1.362021e+01	2.575317e+02
1.040000e-06	2.051126e-06	4.225369e-09	1.426270e+01	2.766220e+02
1.050000e-06	2.142797e-06	4.509492e-09	1.490014e+01	2.950547e+02
1.060000e-06	2.233560e-06	4.782653e-09	1.553127e+01	3.128788e+02
1.070000e-06	2.323345e-06	5.041704e-09	1.615560e+01	3.300839e+02
1.080000e-06	2.412210e-06	5.289717e-09	1.677353e+01	3.465930e+02
1.090000e-06	2.500187e-06	5.528160e-09	1.738528e+01	3.623005e+02
1.100000e-06	2.587323e-06	5.755720e-09	1.799119e+01	3.771321e+02
1.110000e-06	2.673633e-06	5.969524e-09	1.859135e+01	3.910915e+02
1.120000e-06	2.759092e-06	6.171467e-09	1.918560e+01	4.042667e+02
1.130000e-06	2.843733e-06	6.363335e-09	1.977416e+01	4.167924e+02
1.140000e-06	2.927454e-06	6.547102e-09	2.035633e+01	4.287901e+02
1.150000e-06	3.010177e-06	6.724069e-09	2.093155e+01	4.403190e+02
1.160000e-06	3.091772e-06	6.889419e-09	2.149892e+01	4.513635e+02
1.170000e-06	3.172188e-06	7.045294e-09	2.205811e+01	4.618612e+02
1.180000e-06	3.251494e-06	7.196232e-09	2.260957e+01	4.717516e+02
1.190000e-06	3.329623e-06	7.342167e-09	2.315284e+01	4.810194e+02
1.200000e-06	3.406566e-06	7.476175e-09	2.368787e+01	4.897110e+02
1.210000e-06	3.482189e-06	7.598196e-09	2.421372e+01	4.979179e+02
1.220000e-06	3.556332e-06	7.719328e-09	2.472929e+01	5.057401e+02
1.230000e-06	3.629046e-06	7.839357e-09	2.523491e+01	5.132497e+02
1.240000e-06	3.700431e-06	7.950283e-09	2.573129e+01	5.204721e+02
1.250000e-06	3.770510e-06	8.052492e-09	2.621859e+01	5.273908e+02
1.260000e-06	3.839410e-06	8.149361e-09	2.669769e+01	5.339703e+02
1.270000e-06	3.907075e-06	8.244616e-09	2.716821e+01	5.401831e+02
1.280000e-06	3.973230e-06	8.336147e-09	2.762822e+01	5.460270e+02
1.290000e-06	4.037843e-06	8.421210e-09	2.807752e+01	5.515262e+02
1.300000e-06	4.101024e-06	8.499371e-09	2.851685e+01	5.567186e+02
1.310000e-06	4.162867e-06	8.574103e-09	2.894688e+01	5.616392e+02
1.320000e-06	4.223449e-06	8.648157e-09	2.936814e+01	5.663108e+02
1.330000e-06	4.282588e-06	8.717621e-09	2.977938e+01	5.707466e+02
1.340000e-06	4.340019e-06	8.778414e-09	3.017872e+01	5.749613e+02
1.350000e-06	4.395843e-06	8.834899e-09	3.056690e+01	5.789797e+02
1.360000e-06	4.450142e-06	8.893466e-09	3.094448e+01	5.828339e+02
1.370000e-06	4.502773e-06	8.952288e-09	3.131045e+01	5.865483e+02
1.380000e-06	4.553483e-06	9.007471e-09	3.166307e+01	5.901206e+02
1.390000e-06	4.602257e-06	9.057520e-09	3.200222e+01	5.935168e+02
1.400000e-06	4.649335e-06	9.106254e-09	3.232958e+01	5.966860e+02
1.410000e-06	4.694871e-06	9.154587e-09	3.264622e+01	5.995940e+02
1.420000e-06	4.738846e-06	9.196911e-09	3.295201e+01	6.022540e+02
1.430000e-06	4.781069e-06	9.230954e-09	3.324561e+01	6.047338e+02
1.440000e-06	4.821554e-06	9.262530e-09	3.352712e+01	6.071290e+02
1.450000e-06	4.860421e-06	9.297259e-09	3.379739e+01	6.095138e+02
1.460000e-06	4.897686e-06	9.334874e-09	3.405651e+01	6.118955e+02
1.470000e-06	4.933233e-06	9.369756e-09	3.430369e+01	6.142035e+02
1.480000e-06	4.966872e-06	9.398986e-09	3.453761e+01	6.163225e+02
1.490000e-06	4.998714e-06	9.425948e-09	3.475903e+01	6.181545e+02
1.500000e-06	5.028906e-06	9.450872e-09	3.496896e+01	6.196759e+02
1.510000e-06	5.057495e-06	9.470787e-09	3.516776e+01	6.209553e+02
1.520000e-06	5.084272e-06	9.485882e-09	3.535396e+01	6.221219e+02
1.530000e-06	5.109056e-06	9.501604e-09	3.552630e+01	6.233004e+02
1.540000e-06	5.132002e-06	9.521944e-09	3.568586e+01	6.245501e+02
1.550000e-06	5.153286e-06	9.543750e-09	3.583385e+01	6.258388e+02
1.560000e-06	5.172932e-06	9.561684e-09	3.597046e+01	6.270657e+02
1.570000e-06	5.190777e-06	9.575383e-09	3.609455e+01	6.281166e+02
1.580000e-06	5.206706e-06	9.587062e-09	3.620532e+01	6.289201e+02
1.590000e-06	5.220708e-06	9.596620e-09	3.630268e+01	6.294787e+02
1.600000e-06	5.232655e-06	9.601575e-09	3.638576e+01	6.298596e+02
1.610000e-06	5.242462e-06	9.602815e-09	3.645395e+01	6.301587e+02
1.620000e-06	5.250314e-06	9.607329e-09	3.650855e+01	6.304559e+02
1.630000e-06	5.256403e-06	9.617479e-09	3.655088e+01	6.307830e+02
1.640000e-06	5.260782e-06	9.626615e-09	3.658134e+01	6.311166e+02
1.650000e-06	5.263241e-06	9.629629e-09	3.659844e+01	6.313934e+02
1.660000e-06	5.263732e-06	9.627490e-09	3.660185e+01	6.315395e+02
1.670000e-06	5.262530e-06	9.624584e-09	3.659349e+01	6.315027e+02
1.680000e-06	5.259794e-06	9.620685e-09	3.657447e+01	6.312738e+02
1.690000e-06	5.255334e-06	9.615453e-09	3.654345e+01	6.308904e+02
1.700000e-06	5.248937e-06	9.606813e-09	3.649897e+01	6.304193e+02
1.710000e-06	5.240825e-06	9.599024e-09	3.644257e+01	6.299245e+02
1.720000e-06	5.231192e-06	9.594822e-09	3.637558e+01	6.294345e+02
1.730000e-06	5.219877e-06	9.593044e-09	3.629690e+01	6.289259e+02
1.740000e-06	5.206647e-06	9.594021e-09	3.620490e+01	6.283349e+02
1.750000e-06	5.191366e-06	9.573763e-09	3.609865e+01	6.275910e+02
1.760000e-06	5.173723e-06	9.535353e-09	3.597597e+01	6.266574e+02
1.770000e-06	5.153405e-06	9.523323e-09	3.583468e+01	6.255523e+02
1.780000e-06	5.130890e-06	9.505793e-09	3.567812e+01	6.243405e+02
1.790000e-06	5.107341e-06	9.503247e-09	3.551437e+01	6.230983e+02
1.800000e-06	5.083144e-06	9.487703e-09	3.534611e+01	6.218746e+02
1.810000e-06	5.057334e-06	9.416603e-09	3.516665e+01	6.206714e+02
1.820000e-06	5.029494e-06	9.458592e-09	3.497305e+01	6.194548e+02
1.830000e-06	5.000185e-06	9.458912e-09	3.476925e+01	6.181842e+02
1.840000e-06	4.969087e-06	9.377422e-09	3.455301e+01	6.168390e+02
1.850000e-06	4.935800e-06	9.405916e-09	3.432154e+01	6.154216e+02
1.860000e-06	4.900865e-06	9.359551e-09	3.407862e+01	6.139365e+02
1.870000e-06	4.864183e-06	9.293819e-09	3.382355e+01	6.123643e+02
1.880000e-06	4.825608e-06	9.344313e-09	3.355532e+01	6.106526e+02
1.890000e-06	4.785440e-06	9.295404e-09	3.327600e+01	6.087356e+02
1.900000e-06	4.743509e-06	9.259201e-09	3.298443e+01	6.065716e+02
1.910000e-06	4.700116e-06	9.239385e-09	3.268269e+01	6.041716e+02
1.920000e-06	4.655221e-06	9.146863e-09	3.237051e+01	6.015976e+02
1.930000e-06	4.608425e-06	9.159925e-09	3.204511e+01	5.989293e+02
1.940000e-06	4.560034e-06	9.100995e-09	3.170862e+01	5.962180e+02
1.950000e-06	4.509974e-06	9.032371e-09	3.136052e+01	5.934593e+02
1.960000e-06	4.458148e-06	9.024846e-09	3.100014e+01	5.905998e+02
1.970000e-06	4.404453e-06	8.959132e-09	3.062678e+01	5.875744e+02
1.980000e-06	4.348891e-06	8.934157e-09	3.024042e+01	5.843464e+02
1.990000e-06	4.291836e-06	8.854318e-09	2.984368e+01	5.809275e+02
2.000000e-06	4.233344e-06	8.793391e-09	2.943695e+01	5.773642e+02
2.010000e-06	4.173509e-06	8.757711e-09	2.902089e+01	5.737058e+02
2.020000e-06	4.112123e-06	8.680212e-09	2.859403e+01	5.699743e+02
2.030000e-06	4.048982e-06	8.665534e-09	2.815497e+01	5.661573e+02
2.040000e-06	3.984417e-06	8.574458e-09	2.770601e+01	5.622209e+02
2.050000e-06	3.918508e-06	8.506176e-09	2.724771e+01	5.581321e+02
2.060000e-06	3.851311e-06	8.455155e-09	2.678045e+01	5.538707e+02
2.070000e-06	3.782693e-06	8.365760e-09	2.630331e+01	5.494265e+02
2.080000e-06	3.712352e-06	8.318016e-09	2.581418e+01	5.447899e+02
2.090000e-06	3.640666e-06	8.216091e-09	2.531571e+01	5.399476e+02
2.100000e-06	3.567836e-06	8.155318e-09	2.480928e+01	5.348910e+02
2.110000e-06	3.493717e-06	8.084715e-09	2.429388e+01	5.296295e+02
2.120000e-06	3.418257e-06	7.999859e-09	2.376917e+01	5.241962e+02
2.130000e-06	3.341321e-06	7.917468e-09	2.323419e+01	5.186352e+02
2.140000e-06	3.262943e-06	7.805565e-09	2.268917e+01	5.129762e+02
2.150000e-06	3.183390e-06	7.736520e-09	2.213600e+01	5.072135e+02
2.160000e-06	3.102809e-06	7.643830e-09	2.157567e+01	5.013030e+02
2.170000e-06	3.021129e-06	7.558266e-09	2.100770e+01	4.951831e+02
2.180000e-06	2.938491e-06	7.449967e-09	2.043307e+01	4.888059e+02
2.190000e-06	2.854995e-06	7.342063e-09	1.985247e+01	4.821594e+02
2.200000e-06	2.770496e-06	7.251362e-09	1.926490e+01	4.752666e+02
2.210000e-06	2.684752e-06	7.136308e-09	1.866867e+01	4.681664e+02
2.220000e-06	2.597810e-06	7.028156e-09	1.806411e+01	4.608878e+02
2.230000e-06	2.510019e-06	6.902679e-09	1.745365e+01	4.534372e+02
2.240000e-06	2.421491e-06	6.795052e-09	1.683807e+01	4.458009e+02
2.250000e-06	2.332246e-06	6.680192e-09	1.621749e+01	4.379579e+02
2.260000e-06	2.242220e-06	6.556625e-09	1.559149e+01	4.298884e+02
2.270000e-06	2.151422e-06	6.423726e-09	1.496012e+01	4.215739e+02
2.280000e-06	2.059964e-06	6.283994e-09	1.432415e+01	4.129911e+02
2.290000e-06	1.967811e-06	6.158256e-09	1.368336e+01	4.041120e+02
2.300000e-06	1.874874e-06	6.019309e-09	1.303711e+01	3.949144e+02
2.310000e-06	1.781049e-06	5.873996e-09	1.238469e+01	3.853984e+02
2.320000e-06	1.686433e-06	5.716487e-09	1.172677e+01	3.755926e+02
2.330000e-06	1.591241e-06	5.568641e-09	1.106484e+01	3.655411e+02
2.340000e-06	1.495613e-06	5.419413e-09	1.039988e+01	3.552732e+02
2.350000e-06	1.399577e-06	5.256675e-09	9.732087e+00	3.447751e+02
2.360000e-06	1.303015e-06	5.085934e-09	9.060639e+00	3.339839e+02
2.370000e-06	1.205948e-06	4.909546e-09	8.385669e+00	3.228129e+02
2.380000e-06	1.108551e-06	4.738499e-09	7.708415e+00	3.111949e+02
2.390000e-06	1.010868e-06	4.559085e-09	7.029164e+00	2.991180e+02
2.400000e-06	9.128104e-07	4.369643e-09	6.347312e+00	2.866294e+02
2.410000e-06	8.143589e-07	4.169028e-09	5.662721e+00	2.738031e+02
2.420000e-06	7.156742e-07	3.967874e-09	4.976507e+00	2.606898e+02
2.430000e-06	6.169515e-07	3.767762e-09	4.290029e+00	2.472809e+02
2.440000e-06	5.181177e-07	3.559478e-09	3.602780e+00	2.335054e+02
2.450000e-06	4.190370e-07	3.339608e-09	2.913812e+00	2.192631e+02
2.460000e-06	3.197909e-07	3.111475e-09	2.223696e+00	2.044715e+02
2.470000e-06	2.204723e-07	2.882085e-09	1.533075e+00	1.890986e+02
2.480000e-06	1.210982e-07	2.644160e-09	8.420673e-01	1.731668e+02
2.490000e-06	2.162339e-08	2.393027e-09	1.503602e-01	1.567267e+02
2.500000e-06	-7.785577e-08	2.130296e-09	-5.413773e-01	1.398224e+02
2.510000e-06	-1.772314e-07	1.865026e-09	-1.232395e+00	1.224657e+02
2.520000e-06	-2.765498e-07	1.598998e-09	-1.923015e+00	1.046316e+02
2.530000e-06	-3.757882e-07	1.321844e-09	-2.613078e+00	8.627316e+01
2.540000e-06	-4.748463e-07	1.030983e-09	-3.301888e+00	6.734430e+01
2.550000e-06	-5.736968e-07	7.304436e-10	-3.989254e+00	4.782051e+01
2.560000e-06	-6.723655e-07	4.268943e-10	-4.675356e+00	2.771117e+01
2.570000e-06	-7.708163e-07	1.180522e-10	-5.359943e+00	7.062258e+00
2.580000e-06	-8.690484e-07	-2.029055e-10	-6.043009e+00	-1.405002e+01
2.590000e-06	-9.670360e-07	-5.342374e-10	-6.724375e+00	-3.553300e+01
2.600000e-06	-1.064657e-06	-8.689273e-10	-7.403195e+00	-5.729538e+01
2.610000e-06	-1.161885e-06	-1.201893e-09	-8.079275e+00	-7.926156e+01
2.620000e-06	-1.258714e-06	-1.536974e-09	-8.752588e+00	-1.013735e+02
2.630000e-06	-1.355087e-06	-1.877439e-09	-9.422725e+00	-1.235756e+02
2.640000e-06	-1.451105e-06	-2.218037e-09	-1.009040e+01	-1.457873e+02
2.650000e-06	-1.546771e-06	-2.552714e-09	-1.075561e+01	-1.678810e+02
2.660000e-06	-1.641924e-06	-2.880677e-09	-1.141727e+01	-1.896818e+02
2.670000e-06	-1.736392e-06	-3.204390e-09	-1.207416e+01	-2.109975e+02
2.680000e-06	-1.830096e-06	-3.523243e-09	-1.272574e+01	-2.316682e+02
2.690000e-06	-1.923050e-06	-3.830300e-09	-1.337211e+01	-2.516098e+02
2.700000e-06	-2.015269e-06	-4.121688e-09	-1.401336e+01	-2.708244e+02
2.710000e-06	-2.106743e-06	-4.402469e-09	-1.464943e+01	-2.893695e+02
2.720000e-06	-2.197439e-06	-4.677316e-09	-1.528010e+01	-3.073007e+02
2.730000e-06	-2.287356e-06	-4.945870e-09	-1.590535e+01	-3.246201e+02
2.740000e-06	-2.376409e-06	-5.202419e-09	-1.652458e+01	-3.412609e+02
2.750000e-06	-2.464671e-06	-5.441562e-09	-1.713832e+01	-3.571185e+02
2.760000e-06	-2.552253e-06	-5.669118e-09	-1.774733e+01	-3.721086e+02
2.770000e-06	-2.638999e-06	-5.887597e-09	-1.835052e+01	-3.862191e+02
2.780000e-06	-2.724665e-06	-6.091187e-09	-1.894621e+01	-3.995248e+02
2.790000e-06	-2.809224e-06	-6.279458e-09	-1.953420e+01	-4.121562e+02
2.800000e-06	-2.892738e-06	-6.458923e-09	-2.011493e+01	-4.242414e+02
2.810000e-06	-2.975262e-06	-6.637997e-09	-2.068876e+01	-4.358529e+02
2.820000e-06	-3.056813e-06	-6.814332e-09	-2.125584e+01	-4.469875e+02
2.830000e-06	-3.137386e-06	-6.978524e-09	-2.181610e+01	-4.575878e+02
2.840000e-06	-3.217007e-06	-7.127763e-09	-2.236976e+01	-4.675891e+02
2.850000e-06	-3.295413e-06	-7.268563e-09	-2.291496e+01	-4.769662e+02
2.860000e-06	-3.372341e-06	-7.403784e-09	-2.344988e+01	-4.857547e+02
2.870000e-06	-3.447793e-06	-7.530280e-09	-2.397455e+01	-4.940403e+02
2.880000e-06	-3.521914e-06	-7.646206e-09	-2.448996e+01	-5.019244e+02
2.890000e-06	-3.594827e-06	-7.756426e-09	-2.499696e+01	-5.094863e+02
2.900000e-06	-3.666551e-06	-7.870026e-09	-2.549570e+01	-5.167600e+02
2.910000e-06	-3.736974e-06	-7.982238e-09	-2.598540e+01	-5.237351e+02
2.920000e-06	-3.805926e-06	-8.085244e-09	-2.646486e+01	-5.303775e+02
2.930000e-06	-3.873432e-06	-8.177318e-09	-2.693427e+01	-5.366565e+02
2.940000e-06	-3.939603e-06	-8.263757e-09	-2.739439e+01	-5.425649e+02
2.950000e-06	-4.004438e-06	-8.350744e-09	-2.784523e+01	-5.481228e+02
2.960000e-06	-4.067924e-06	-8.432491e-09	-2.828668e+01	-5.533669e+02
2.970000e-06	-4.129944e-06	-8.505070e-09	-2.871795e+01	-5.583337e+02
2.980000e-06	-4.190348e-06	-8.573301e-09	-2.913798e+01	-5.630484e+02
2.990000e-06	-4.249236e-06	-8.642543e-09	-2.954745e+01	-5.675253e+02
3.000000e-06	-4.306713e-06	-8.713238e-09	-2.994713e+01	-5.717777e+02
3.010000e-06	-4.362767e-06	-8.778701e-09	-3.033691e+01	-5.758286e+02
3.020000e-06	-4.417263e-06	-8.834898e-09	-3.071585e+01	-5.797096e+02
3.030000e-06	-4.469875e-06	-8.888558e-09	-3.108169e+01	-5.834479e+02
3.040000e-06	-4.520578e-06	-8.946466e-09	-3.143426e+01	-5.870470e+02
3.050000e-06	-4.569432e-06	-9.002501e-09	-3.177397e+01	-5.904780e+02
3.060000e-06	-4.616360e-06	-9.048543e-09	-3.210029e+01	-5.936909e+02
3.070000e-06	-4.661651e-06	-9.086476e-09	-3.241522e+01	-5.966460e+02
3.080000e-06	-4.705540e-06	-9.127036e-09	-3.272041e+01	-5.993465e+02
3.090000e-06	-4.747967e-06	-9.172466e-09	-3.301543e+01	-6.018514e+02
3.100000e-06	-4.788885e-06	-9.214318e-09	-3.329996e+01	-6.042547e+02
3.110000e-06	-4.828208e-06	-9.249237e-09	-3.357339e+01	-6.066383e+02
3.120000e-06	-4.865723e-06	-9.283352e-09	-3.383425e+01	-6.090234e+02
3.130000e-06	-4.901409e-06	-9.322808e-09	-3.408240e+01	-6.113523e+02
3.140000e-06	-4.935404e-06	-9.360261e-09	-3.431879e+01	-6.135133e+02
3.150000e-06	-4.967800e-06	-9.386424e-09	-3.454406e+01	-6.154007e+02
3.160000e-06	-4.998488e-06	-9.405534e-09	-3.475745e+01	-6.169748e+02
3.170000e-06	-5.027226e-06	-9.427145e-09	-3.495728e+01	-6.182888e+02
3.180000e-06	-5.054155e-06	-9.451007e-09	-3.514453e+01	-6.194650e+02
3.190000e-06	-5.079410e-06	-9.471890e-09	-3.532015e+01	-6.206343e+02
3.200000e-06	-5.102929e-06	-9.487790e-09	-3.548369e+01	-6.218708e+02
3.210000e-06	-5.124534e-06	-9.503287e-09	-3.563392e+01	-6.231583e+02
3.220000e-06	-5.144201e-06	-9.523159e-09	-3.577068e+01	-6.244048e+02
3.230000e-06	-5.162164e-06	-9.544518e-09	-3.589559e+01	-6.254939e+02
3.240000e-06	-5.178504e-06	-9.559646e-09	-3.600921e+01	-6.263435e+02
3.250000e-06	-5.192860e-06	-9.567179e-09	-3.610904e+01	-6.269421e+02
3.260000e-06	-5.204991e-06	-9.571028e-09	-3.619339e+01	-6.273476e+02
3.270000e-06	-5.215153e-06	-9.576176e-09	-3.626405e+01	-6.276543e+02
3.280000e-06	-5.223566e-06	-9.582398e-09	-3.632255e+01	-6.279476e+02
3.290000e-06	-5.230160e-06	-9.585976e-09	-3.636840e+01	-6.282693e+02
3.300000e-06	-5.234761e-06	-9.588383e-09	-3.640040e+01	-6.286054e+02
3.310000e-06	-5.237501e-06	-9.592106e-09	-3.641945e+01	-6.288976e+02
3.320000e-06	-5.238562e-06	-9.597832e-09	-3.642683e+01	-6.290716e+02
