# Temperatura_=_20.0
# Concentracion g/m^3_=_10000.0
# C_Vs_to_Am_M_A/Vsm_=_65563218390.804596
# pendiente_HvsI_1/m_=_3716.3
# ordenada_HvsI_A/m_=_1297.0
# frecuencia_Hz_=_300937.1998467171

Tiempo_(s)	Campo_(V.s)	Magnetizacion_(V.s)	Campo_(kA/m)	Magnetizacion_(A/m)
0.000000e+00	-5.245875e-06	-9.583597e-09	-3.643284e+01	-6.277437e+02
1.000000e-08	-5.244755e-06	-9.580066e-09	-3.642506e+01	-6.275242e+02
2.000000e-08	-5.241701e-06	-9.574961e-09	-3.640384e+01	-6.272012e+02
3.000000e-08	-5.236879e-06	-9.568823e-09	-3.637036e+01	-6.268340e+02
4.000000e-08	-5.230508e-06	-9.563225e-09	-3.632611e+01	-6.264664e+02
5.000000e-08	-5.222576e-06	-9.557848e-09	-3.627102e+01	-6.261019e+02
6.000000e-08	-5.212881e-06	-9.550415e-09	-3.620369e+01	-6.256976e+02
7.000000e-08	-5.201240e-06	-9.539468e-09	-3.612285e+01	-6.251803e+02
8.000000e-08	-5.187739e-06	-9.528483e-09	-3.602908e+01	-6.244802e+02
9.000000e-08	-5.172022e-06	-9.504394e-09	-3.591992e+01	-6.235649e+02
1.000000e-07	-5.153845e-06	-9.492661e-09	-3.579368e+01	-6.224571e+02
1.100000e-07	-5.133682e-06	-9.491637e-09	-3.565365e+01	-6.212262e+02
1.200000e-07	-5.111793e-06	-9.464974e-09	-3.550163e+01	-6.199584e+02
1.300000e-07	-5.088398e-06	-9.449910e-09	-3.533915e+01	-6.187205e+02
1.400000e-07	-5.063815e-06	-9.434160e-09	-3.516842e+01	-6.175349e+02
1.500000e-07	-5.037646e-06	-9.380467e-09	-3.498667e+01	-6.163779e+02
1.600000e-07	-5.009669e-06	-9.396888e-09	-3.479237e+01	-6.151973e+02
1.700000e-07	-4.980075e-06	-9.380061e-09	-3.458684e+01	-6.139373e+02
1.800000e-07	-4.948749e-06	-9.319225e-09	-3.436928e+01	-6.125572e+02
1.900000e-07	-4.915684e-06	-9.332234e-09	-3.413964e+01	-6.110363e+02
2.000000e-07	-4.880906e-06	-9.295128e-09	-3.389811e+01	-6.093696e+02
2.100000e-07	-4.844451e-06	-9.249248e-09	-3.364493e+01	-6.075616e+02
2.200000e-07	-4.806299e-06	-9.236192e-09	-3.337996e+01	-6.056235e+02
2.300000e-07	-4.766428e-06	-9.189924e-09	-3.310305e+01	-6.035732e+02
2.400000e-07	-4.724736e-06	-9.153526e-09	-3.281350e+01	-6.014294e+02
2.500000e-07	-4.681165e-06	-9.130500e-09	-3.251090e+01	-5.992003e+02
2.600000e-07	-4.635836e-06	-9.104253e-09	-3.219609e+01	-5.968689e+02
2.700000e-07	-4.588819e-06	-9.071718e-09	-3.186955e+01	-5.943902e+02
2.800000e-07	-4.540180e-06	-9.000680e-09	-3.153175e+01	-5.917072e+02
2.900000e-07	-4.489596e-06	-8.968441e-09	-3.118044e+01	-5.887833e+02
3.000000e-07	-4.436946e-06	-8.925918e-09	-3.081478e+01	-5.856319e+02
3.100000e-07	-4.382514e-06	-8.857656e-09	-3.043675e+01	-5.823234e+02
3.200000e-07	-4.326617e-06	-8.819431e-09	-3.004855e+01	-5.789574e+02
3.300000e-07	-4.269287e-06	-8.770043e-09	-2.965038e+01	-5.756114e+02
3.400000e-07	-4.210325e-06	-8.728605e-09	-2.924089e+01	-5.722957e+02
3.500000e-07	-4.149802e-06	-8.680862e-09	-2.882056e+01	-5.689414e+02
3.600000e-07	-4.087769e-06	-8.618753e-09	-2.838974e+01	-5.654334e+02
3.700000e-07	-4.024381e-06	-8.547680e-09	-2.794951e+01	-5.616705e+02
3.800000e-07	-3.959790e-06	-8.475315e-09	-2.750092e+01	-5.576169e+02
3.900000e-07	-3.893680e-06	-8.425833e-09	-2.704178e+01	-5.533157e+02
4.000000e-07	-3.825902e-06	-8.366707e-09	-2.657106e+01	-5.488561e+02
4.100000e-07	-3.756751e-06	-8.300836e-09	-2.609080e+01	-5.443169e+02
4.200000e-07	-3.686400e-06	-8.234660e-09	-2.560221e+01	-5.397219e+02
4.300000e-07	-3.614863e-06	-8.157572e-09	-2.510538e+01	-5.350325e+02
4.400000e-07	-3.541996e-06	-8.083184e-09	-2.459932e+01	-5.301792e+02
4.500000e-07	-3.467555e-06	-7.997850e-09	-2.408232e+01	-5.251069e+02
4.600000e-07	-3.391567e-06	-7.908429e-09	-2.355458e+01	-5.198040e+02
4.700000e-07	-3.314322e-06	-7.828975e-09	-2.301811e+01	-5.142983e+02
4.800000e-07	-3.235888e-06	-7.751397e-09	-2.247339e+01	-5.086281e+02
4.900000e-07	-3.155996e-06	-7.671726e-09	-2.191853e+01	-5.028108e+02
5.000000e-07	-3.074688e-06	-7.577758e-09	-2.135385e+01	-4.968324e+02
5.100000e-07	-2.992330e-06	-7.476070e-09	-2.078186e+01	-4.906616e+02
5.200000e-07	-2.909072e-06	-7.375453e-09	-2.020363e+01	-4.842746e+02
5.300000e-07	-2.824985e-06	-7.280692e-09	-1.961964e+01	-4.776704e+02
5.400000e-07	-2.740125e-06	-7.180037e-09	-1.903029e+01	-4.708657e+02
5.500000e-07	-2.654344e-06	-7.069867e-09	-1.843454e+01	-4.638749e+02
5.600000e-07	-2.567591e-06	-6.964147e-09	-1.783203e+01	-4.566934e+02
5.700000e-07	-2.480083e-06	-6.853731e-09	-1.722429e+01	-4.492978e+02
5.800000e-07	-2.391847e-06	-6.737909e-09	-1.661148e+01	-4.416606e+02
5.900000e-07	-2.302667e-06	-6.613429e-09	-1.599212e+01	-4.337694e+02
6.000000e-07	-2.212454e-06	-6.484774e-09	-1.536559e+01	-4.256309e+02
6.100000e-07	-2.121319e-06	-6.359401e-09	-1.473265e+01	-4.172592e+02
6.200000e-07	-2.029419e-06	-6.235390e-09	-1.409440e+01	-4.086562e+02
6.300000e-07	-1.936862e-06	-6.105449e-09	-1.345159e+01	-3.998021e+02
6.400000e-07	-1.843672e-06	-5.961117e-09	-1.280438e+01	-3.906638e+02
6.500000e-07	-1.749842e-06	-5.810912e-09	-1.215273e+01	-3.812154e+02
6.600000e-07	-1.655402e-06	-5.660859e-09	-1.149684e+01	-3.714548e+02
6.700000e-07	-1.560420e-06	-5.511044e-09	-1.083719e+01	-3.613999e+02
6.800000e-07	-1.464933e-06	-5.353944e-09	-1.017402e+01	-3.510675e+02
6.900000e-07	-1.368974e-06	-5.190711e-09	-9.507583e+00	-3.404490e+02
7.000000e-07	-1.272559e-06	-5.026378e-09	-8.837979e+00	-3.295039e+02
7.100000e-07	-1.175683e-06	-4.856409e-09	-8.165168e+00	-3.181788e+02
7.200000e-07	-1.078301e-06	-4.677628e-09	-7.488849e+00	-3.064402e+02
7.300000e-07	-9.804565e-07	-4.488628e-09	-6.809314e+00	-2.942987e+02
7.400000e-07	-8.822006e-07	-4.295526e-09	-6.126922e+00	-2.818042e+02
7.500000e-07	-7.835250e-07	-4.101910e-09	-5.441616e+00	-2.690126e+02
7.600000e-07	-6.844699e-07	-3.904713e-09	-4.753674e+00	-2.559427e+02
7.700000e-07	-5.851159e-07	-3.700431e-09	-4.063656e+00	-2.425523e+02
7.800000e-07	-4.855579e-07	-3.488057e-09	-3.372221e+00	-2.287492e+02
7.900000e-07	-3.858279e-07	-3.269072e-09	-2.679592e+00	-2.144316e+02
8.000000e-07	-2.859754e-07	-3.044005e-09	-1.986112e+00	-1.995347e+02
8.100000e-07	-1.860224e-07	-2.808855e-09	-1.291934e+00	-1.840548e+02
8.200000e-07	-8.598580e-08	-2.562357e-09	-5.971752e-01	-1.680403e+02
8.300000e-07	1.406816e-08	-2.309127e-09	9.770403e-02	-1.515553e+02
8.400000e-07	1.141082e-07	-2.050535e-09	7.924867e-01	-1.346400e+02
8.500000e-07	2.141061e-07	-1.786671e-09	1.486977e+00	-1.172887e+02
8.600000e-07	3.140444e-07	-1.514491e-09	2.181052e+00	-9.945462e+01
8.700000e-07	4.138830e-07	-1.232790e-09	2.874436e+00	-8.107488e+01
8.800000e-07	5.136059e-07	-9.432640e-10	3.567016e+00	-6.209968e+01
8.900000e-07	6.131811e-07	-6.444364e-10	4.258570e+00	-4.251335e+01
9.000000e-07	7.124829e-07	-3.354052e-10	4.948226e+00	-2.234156e+01
9.100000e-07	8.114532e-07	-1.846296e-11	5.635578e+00	-1.647153e+00
9.200000e-07	9.100193e-07	3.035199e-10	6.320124e+00	1.948075e+01
9.300000e-07	1.008069e-06	6.281897e-10	7.001081e+00	4.094113e+01
9.400000e-07	1.105614e-06	9.559212e-10	7.678537e+00	6.263687e+01
9.500000e-07	1.202695e-06	1.289665e-09	8.352768e+00	8.448818e+01
9.600000e-07	1.299287e-06	1.626229e-09	9.023608e+00	1.064374e+02
9.700000e-07	1.395447e-06	1.961758e-09	9.691441e+00	1.284396e+02
9.800000e-07	1.491192e-06	2.296086e-09	1.035639e+01	1.504394e+02
9.900000e-07	1.586457e-06	2.630615e-09	1.101801e+01	1.723453e+02
1.000000e-06	1.681271e-06	2.964462e-09	1.167650e+01	1.940155e+02
1.010000e-06	1.775572e-06	3.290410e-09	1.233143e+01	2.152700e+02
1.020000e-06	1.869217e-06	3.602346e-09	1.298180e+01	2.359266e+02
1.030000e-06	1.962248e-06	3.903374e-09	1.362790e+01	2.558467e+02
1.040000e-06	2.054725e-06	4.196081e-09	1.427015e+01	2.749682e+02
1.050000e-06	2.146524e-06	4.477494e-09	1.490770e+01	2.933072e+02
1.060000e-06	2.237445e-06	4.746056e-09	1.553916e+01	3.109271e+02
1.070000e-06	2.327357e-06	5.000726e-09	1.616360e+01	3.278914e+02
1.080000e-06	2.416289e-06	5.246538e-09	1.678124e+01	3.442240e+02
1.090000e-06	2.504351e-06	5.485299e-09	1.739283e+01	3.598967e+02
1.100000e-06	2.591581e-06	5.715373e-09	1.799864e+01	3.748476e+02
1.110000e-06	2.677954e-06	5.932470e-09	1.859851e+01	3.890184e+02
1.120000e-06	2.763444e-06	6.135619e-09	1.919224e+01	4.023896e+02
1.130000e-06	2.848127e-06	6.327617e-09	1.978037e+01	4.149968e+02
1.140000e-06	2.932011e-06	6.510627e-09	2.036294e+01	4.269199e+02
1.150000e-06	3.014827e-06	6.684696e-09	2.093811e+01	4.382549e+02
1.160000e-06	3.096519e-06	6.845928e-09	2.150546e+01	4.490812e+02
1.170000e-06	3.177042e-06	6.999162e-09	2.206470e+01	4.594396e+02
1.180000e-06	3.256360e-06	7.149589e-09	2.261556e+01	4.693310e+02
1.190000e-06	3.334546e-06	7.297912e-09	2.315857e+01	4.787320e+02
1.200000e-06	3.411563e-06	7.436948e-09	2.369345e+01	4.876206e+02
1.210000e-06	3.487352e-06	7.562366e-09	2.421982e+01	4.959980e+02
1.220000e-06	3.561672e-06	7.681688e-09	2.473597e+01	5.038965e+02
1.230000e-06	3.634501e-06	7.798333e-09	2.524177e+01	5.113709e+02
1.240000e-06	3.705969e-06	7.907880e-09	2.573812e+01	5.184779e+02
1.250000e-06	3.776134e-06	8.007153e-09	2.622542e+01	5.252565e+02
1.260000e-06	3.845103e-06	8.099130e-09	2.670441e+01	5.317197e+02
1.270000e-06	3.912800e-06	8.191581e-09	2.717457e+01	5.378621e+02
1.280000e-06	3.978964e-06	8.285663e-09	2.763408e+01	5.436790e+02
1.290000e-06	4.043555e-06	8.375503e-09	2.808267e+01	5.491830e+02
1.300000e-06	4.106771e-06	8.455988e-09	2.852171e+01	5.544073e+02
1.310000e-06	4.168644e-06	8.528690e-09	2.895142e+01	5.593925e+02
1.320000e-06	4.229278e-06	8.601391e-09	2.937252e+01	5.641653e+02
1.330000e-06	4.288536e-06	8.672039e-09	2.978407e+01	5.687246e+02
1.340000e-06	4.346051e-06	8.733365e-09	3.018351e+01	5.730462e+02
1.350000e-06	4.401886e-06	8.788801e-09	3.057129e+01	5.771061e+02
1.360000e-06	4.456211e-06	8.846326e-09	3.094858e+01	5.809064e+02
1.370000e-06	4.508895e-06	8.906769e-09	3.131448e+01	5.844880e+02
1.380000e-06	4.559600e-06	8.963854e-09	3.166662e+01	5.879170e+02
1.390000e-06	4.608402e-06	9.015429e-09	3.200555e+01	5.912526e+02
1.400000e-06	4.655539e-06	9.065444e-09	3.233292e+01	5.945146e+02
1.410000e-06	4.701119e-06	9.115415e-09	3.264948e+01	5.976722e+02
1.420000e-06	4.745137e-06	9.160625e-09	3.295518e+01	6.006614e+02
1.430000e-06	4.787315e-06	9.196515e-09	3.324811e+01	6.034232e+02
1.440000e-06	4.827706e-06	9.227965e-09	3.352863e+01	6.059379e+02
1.450000e-06	4.866528e-06	9.261642e-09	3.379825e+01	6.082371e+02
1.460000e-06	4.903818e-06	9.298761e-09	3.405723e+01	6.103849e+02
1.470000e-06	4.939402e-06	9.333817e-09	3.430437e+01	6.124420e+02
1.480000e-06	4.973097e-06	9.363816e-09	3.453838e+01	6.144343e+02
1.490000e-06	5.005015e-06	9.392008e-09	3.476005e+01	6.163442e+02
1.500000e-06	5.035263e-06	9.419153e-09	3.497013e+01	6.181275e+02
1.510000e-06	5.063888e-06	9.444070e-09	3.516893e+01	6.197444e+02
1.520000e-06	5.090683e-06	9.464358e-09	3.535502e+01	6.211826e+02
1.530000e-06	5.115467e-06	9.481380e-09	3.552714e+01	6.224620e+02
1.540000e-06	5.138411e-06	9.497920e-09	3.568649e+01	6.236192e+02
1.550000e-06	5.159709e-06	9.515310e-09	3.583441e+01	6.246845e+02
1.560000e-06	5.179381e-06	9.532748e-09	3.597103e+01	6.256678e+02
1.570000e-06	5.197252e-06	9.548276e-09	3.609514e+01	6.265595e+02
1.580000e-06	5.213161e-06	9.560001e-09	3.620564e+01	6.273451e+02
1.590000e-06	5.227138e-06	9.569346e-09	3.630270e+01	6.280205e+02
1.600000e-06	5.239125e-06	9.578397e-09	3.638596e+01	6.285980e+02
1.610000e-06	5.248972e-06	9.586134e-09	3.645434e+01	6.290981e+02
1.620000e-06	5.256826e-06	9.592354e-09	3.650889e+01	6.295335e+02
1.630000e-06	5.262904e-06	9.597730e-09	3.655110e+01	6.298962e+02
1.640000e-06	5.267283e-06	9.602525e-09	3.658152e+01	6.301569e+02
1.650000e-06	5.269744e-06	9.605827e-09	3.659860e+01	6.302782e+02
1.660000e-06	5.270211e-06	9.604952e-09	3.660185e+01	6.302370e+02
1.670000e-06	5.268990e-06	9.601553e-09	3.659337e+01	6.300411e+02
1.680000e-06	5.266249e-06	9.596908e-09	3.657433e+01	6.297318e+02
1.690000e-06	5.261809e-06	9.593207e-09	3.654350e+01	6.293680e+02
1.700000e-06	5.255473e-06	9.588274e-09	3.649949e+01	6.289983e+02
1.710000e-06	5.247406e-06	9.581657e-09	3.644346e+01	6.286346e+02
1.720000e-06	5.237807e-06	9.575493e-09	3.637680e+01	6.282418e+02
1.730000e-06	5.226538e-06	9.569702e-09	3.629854e+01	6.277499e+02
1.740000e-06	5.213339e-06	9.565020e-09	3.620687e+01	6.270859e+02
1.750000e-06	5.198067e-06	9.564327e-09	3.610080e+01	6.262085e+02
1.760000e-06	5.180432e-06	9.528728e-09	3.597833e+01	6.251305e+02
1.770000e-06	5.160155e-06	9.503166e-09	3.583751e+01	6.239147e+02
1.780000e-06	5.137640e-06	9.486654e-09	3.568114e+01	6.226472e+02
1.790000e-06	5.114029e-06	9.461434e-09	3.551716e+01	6.214003e+02
1.800000e-06	5.089743e-06	9.479759e-09	3.534849e+01	6.202055e+02
1.810000e-06	5.063896e-06	9.423478e-09	3.516898e+01	6.190462e+02
1.820000e-06	5.036126e-06	9.399408e-09	3.497612e+01	6.178736e+02
1.830000e-06	5.006845e-06	9.442916e-09	3.477276e+01	6.166309e+02
1.840000e-06	4.975633e-06	9.376176e-09	3.455599e+01	6.152738e+02
1.850000e-06	4.942231e-06	9.349711e-09	3.432402e+01	6.137783e+02
1.860000e-06	4.907184e-06	9.363342e-09	3.408061e+01	6.121371e+02
1.870000e-06	4.870483e-06	9.290503e-09	3.382572e+01	6.103531e+02
1.880000e-06	4.831966e-06	9.291743e-09	3.355822e+01	6.084367e+02
1.890000e-06	4.791712e-06	9.288620e-09	3.327865e+01	6.064044e+02
1.900000e-06	4.749691e-06	9.228262e-09	3.298681e+01	6.042758e+02
1.910000e-06	4.706266e-06	9.200665e-09	3.268522e+01	6.020618e+02
1.920000e-06	4.661337e-06	9.132661e-09	3.237319e+01	5.997507e+02
1.930000e-06	4.614507e-06	9.122418e-09	3.204796e+01	5.973021e+02
1.940000e-06	4.566060e-06	9.091943e-09	3.171149e+01	5.946589e+02
1.950000e-06	4.515932e-06	9.018982e-09	3.136335e+01	5.917782e+02
1.960000e-06	4.463954e-06	9.010153e-09	3.100236e+01	5.886633e+02
1.970000e-06	4.410105e-06	8.942129e-09	3.062837e+01	5.853753e+02
1.980000e-06	4.354452e-06	8.894455e-09	3.024186e+01	5.820120e+02
1.990000e-06	4.297255e-06	8.840454e-09	2.984463e+01	5.786589e+02
2.000000e-06	4.238648e-06	8.762459e-09	2.943760e+01	5.753402e+02
2.010000e-06	4.178757e-06	8.738240e-09	2.902166e+01	5.720001e+02
2.020000e-06	4.117313e-06	8.668067e-09	2.859492e+01	5.685278e+02
2.030000e-06	4.054132e-06	8.639562e-09	2.815613e+01	5.648148e+02
2.040000e-06	3.989455e-06	8.583682e-09	2.770694e+01	5.608116e+02
2.050000e-06	3.923383e-06	8.497646e-09	2.724807e+01	5.565482e+02
2.060000e-06	3.856069e-06	8.441626e-09	2.678057e+01	5.521095e+02
2.070000e-06	3.787311e-06	8.345173e-09	2.630304e+01	5.475804e+02
2.080000e-06	3.716894e-06	8.289549e-09	2.581399e+01	5.429962e+02
2.090000e-06	3.645150e-06	8.208447e-09	2.531573e+01	5.383280e+02
2.100000e-06	3.572185e-06	8.139103e-09	2.480899e+01	5.335085e+02
2.110000e-06	3.497942e-06	8.080828e-09	2.429336e+01	5.284771e+02
2.120000e-06	3.422385e-06	7.994923e-09	2.376861e+01	5.232136e+02
2.130000e-06	3.345376e-06	7.920223e-09	2.323378e+01	5.177406e+02
2.140000e-06	3.266932e-06	7.810913e-09	2.268899e+01	5.120972e+02
2.150000e-06	3.187279e-06	7.725266e-09	2.213579e+01	5.063058e+02
2.160000e-06	3.106537e-06	7.636552e-09	2.157504e+01	5.003579e+02
2.170000e-06	3.024712e-06	7.547179e-09	2.100676e+01	4.942232e+02
2.180000e-06	2.941948e-06	7.449354e-09	2.043196e+01	4.878751e+02
2.190000e-06	2.858263e-06	7.342445e-09	1.985076e+01	4.813083e+02
2.200000e-06	2.773520e-06	7.249615e-09	1.926222e+01	4.745375e+02
2.210000e-06	2.687596e-06	7.135993e-09	1.866547e+01	4.675791e+02
2.220000e-06	2.600568e-06	7.027839e-09	1.806106e+01	4.604325e+02
2.230000e-06	2.512708e-06	6.909032e-09	1.745087e+01	4.530768e+02
2.240000e-06	2.424143e-06	6.796379e-09	1.683578e+01	4.454838e+02
2.250000e-06	2.334788e-06	6.680940e-09	1.621521e+01	4.376375e+02
2.260000e-06	2.244604e-06	6.557113e-09	1.558887e+01	4.295415e+02
2.270000e-06	2.153701e-06	6.429088e-09	1.495755e+01	4.212103e+02
2.280000e-06	2.062181e-06	6.291468e-09	1.432194e+01	4.126489e+02
2.290000e-06	1.970008e-06	6.161376e-09	1.368179e+01	4.038415e+02
2.300000e-06	1.876954e-06	6.022044e-09	1.303553e+01	3.947558e+02
2.310000e-06	1.782946e-06	5.880196e-09	1.238264e+01	3.853632e+02
2.320000e-06	1.688195e-06	5.729303e-09	1.172459e+01	3.756570e+02
2.330000e-06	1.592905e-06	5.579982e-09	1.106280e+01	3.656525e+02
2.340000e-06	1.497200e-06	5.428499e-09	1.039812e+01	3.553689e+02
2.350000e-06	1.401021e-06	5.262909e-09	9.730150e+00	3.448031e+02
2.360000e-06	1.304319e-06	5.092609e-09	9.058553e+00	3.339198e+02
2.370000e-06	1.207152e-06	4.916747e-09	8.383723e+00	3.226655e+02
2.380000e-06	1.109597e-06	4.743472e-09	7.706201e+00	3.110009e+02
2.390000e-06	1.011729e-06	4.562588e-09	7.026500e+00	2.989280e+02
2.400000e-06	9.135038e-07	4.373132e-09	6.344324e+00	2.864916e+02
2.410000e-06	8.149735e-07	4.178020e-09	5.660027e+00	2.737496e+02
2.420000e-06	7.162207e-07	3.978705e-09	4.974185e+00	2.607302e+02
2.430000e-06	6.173446e-07	3.776647e-09	4.287486e+00	2.474023e+02
2.440000e-06	5.183702e-07	3.566233e-09	3.600104e+00	2.336802e+02
2.450000e-06	4.192082e-07	3.347042e-09	2.911419e+00	2.194604e+02
2.460000e-06	3.198554e-07	3.120750e-09	2.221410e+00	2.046685e+02
2.470000e-06	2.203876e-07	2.890141e-09	1.530601e+00	1.892898e+02
2.480000e-06	1.208758e-07	2.649837e-09	8.394879e-01	1.733655e+02
2.490000e-06	2.136907e-08	2.398232e-09	1.484091e-01	1.569599e+02
2.500000e-06	-7.810120e-08	2.138774e-09	-5.424163e-01	1.401200e+02
2.510000e-06	-1.775175e-07	1.875921e-09	-1.232867e+00	1.228485e+02
2.520000e-06	-2.768453e-07	1.609676e-09	-1.922703e+00	1.051048e+02
2.530000e-06	-3.761188e-07	1.332824e-09	-2.612161e+00	8.682636e+01
2.540000e-06	-4.752930e-07	1.043565e-09	-3.300931e+00	6.795931e+01
2.550000e-06	-5.742993e-07	7.443379e-10	-3.988534e+00	4.848093e+01
2.560000e-06	-6.731475e-07	4.389582e-10	-4.675039e+00	2.840955e+01
2.570000e-06	-7.717878e-07	1.274830e-10	-5.360100e+00	7.802028e+00
2.580000e-06	-8.701771e-07	-1.937573e-10	-6.043419e+00	-1.325622e+01
2.590000e-06	-9.682767e-07	-5.228786e-10	-6.724725e+00	-3.466515e+01
2.600000e-06	-1.066046e-06	-8.560789e-10	-7.403739e+00	-5.632583e+01
2.610000e-06	-1.163455e-06	-1.188538e-09	-8.080249e+00	-7.815468e+01
2.620000e-06	-1.260405e-06	-1.521973e-09	-8.753567e+00	-1.000903e+02
2.630000e-06	-1.356938e-06	-1.859516e-09	-9.423994e+00	-1.220869e+02
2.640000e-06	-1.453084e-06	-2.196138e-09	-1.009173e+01	-1.440931e+02
2.650000e-06	-1.548777e-06	-2.528860e-09	-1.075632e+01	-1.660251e+02
2.660000e-06	-1.644010e-06	-2.857680e-09	-1.141773e+01	-1.877504e+02
2.670000e-06	-1.738737e-06	-3.183829e-09	-1.207560e+01	-2.090935e+02
2.680000e-06	-1.832734e-06	-3.503533e-09	-1.272842e+01	-2.298693e+02
2.690000e-06	-1.925791e-06	-3.810879e-09	-1.337471e+01	-2.499284e+02
2.700000e-06	-2.018001e-06	-4.101990e-09	-1.401511e+01	-2.691938e+02
2.710000e-06	-2.109474e-06	-4.381898e-09	-1.465039e+01	-2.876692e+02
2.720000e-06	-2.200198e-06	-4.655319e-09	-1.528047e+01	-3.054127e+02
2.730000e-06	-2.290185e-06	-4.920636e-09	-1.590543e+01	-3.224913e+02
2.740000e-06	-2.379376e-06	-5.173945e-09	-1.652487e+01	-3.389378e+02
2.750000e-06	-2.467748e-06	-5.411897e-09	-1.713862e+01	-3.547328e+02
2.760000e-06	-2.555431e-06	-5.641773e-09	-1.774758e+01	-3.698180e+02
2.770000e-06	-2.642381e-06	-5.863413e-09	-1.835145e+01	-3.841315e+02
2.780000e-06	-2.728277e-06	-6.069813e-09	-1.894801e+01	-3.976450e+02
2.790000e-06	-2.812948e-06	-6.260174e-09	-1.953605e+01	-4.103842e+02
2.800000e-06	-2.896565e-06	-6.439612e-09	-2.011678e+01	-4.224229e+02
2.810000e-06	-2.979234e-06	-6.617120e-09	-2.069091e+01	-4.338567e+02
2.820000e-06	-3.060908e-06	-6.790366e-09	-2.125814e+01	-4.447701e+02
2.830000e-06	-3.141568e-06	-6.950843e-09	-2.181833e+01	-4.552115e+02
2.840000e-06	-3.221297e-06	-7.099050e-09	-2.237205e+01	-4.651881e+02
2.850000e-06	-3.299852e-06	-7.242306e-09	-2.291762e+01	-4.746791e+02
2.860000e-06	-3.376887e-06	-7.381447e-09	-2.345263e+01	-4.836605e+02
2.870000e-06	-3.452478e-06	-7.511357e-09	-2.397761e+01	-4.921281e+02
2.880000e-06	-3.526741e-06	-7.628903e-09	-2.449337e+01	-5.001091e+02
2.890000e-06	-3.599716e-06	-7.739972e-09	-2.500019e+01	-5.076553e+02
2.900000e-06	-3.671544e-06	-7.853671e-09	-2.549903e+01	-5.148248e+02
2.910000e-06	-3.742106e-06	-7.964987e-09	-2.598909e+01	-5.216609e+02
2.920000e-06	-3.811144e-06	-8.066118e-09	-2.646856e+01	-5.281810e+02
2.930000e-06	-3.878753e-06	-8.156496e-09	-2.693811e+01	-5.343818e+02
2.940000e-06	-3.945050e-06	-8.242753e-09	-2.739855e+01	-5.402570e+02
2.950000e-06	-4.010007e-06	-8.328803e-09	-2.784967e+01	-5.458154e+02
2.960000e-06	-4.073636e-06	-8.410597e-09	-2.829158e+01	-5.510871e+02
2.970000e-06	-4.135768e-06	-8.484429e-09	-2.872309e+01	-5.561129e+02
2.980000e-06	-4.196246e-06	-8.554688e-09	-2.914312e+01	-5.609233e+02
2.990000e-06	-4.255235e-06	-8.627418e-09	-2.955280e+01	-5.655225e+02
3.000000e-06	-4.312785e-06	-8.700969e-09	-2.995249e+01	-5.698892e+02
3.010000e-06	-4.368920e-06	-8.768498e-09	-3.034234e+01	-5.739972e+02
3.020000e-06	-4.423445e-06	-8.823022e-09	-3.072102e+01	-5.778425e+02
3.030000e-06	-4.476049e-06	-8.871980e-09	-3.108636e+01	-5.814591e+02
3.040000e-06	-4.526825e-06	-8.923999e-09	-3.143900e+01	-5.849108e+02
3.050000e-06	-4.575757e-06	-8.976964e-09	-3.177883e+01	-5.882607e+02
3.060000e-06	-4.622759e-06	-9.026056e-09	-3.210527e+01	-5.915372e+02
3.070000e-06	-4.668121e-06	-9.069857e-09	-3.242031e+01	-5.947181e+02
3.080000e-06	-4.712017e-06	-9.117592e-09	-3.272516e+01	-5.977429e+02
3.090000e-06	-4.754447e-06	-9.168545e-09	-3.301984e+01	-6.005486e+02
3.100000e-06	-4.795417e-06	-9.212808e-09	-3.330438e+01	-6.031070e+02
3.110000e-06	-4.834869e-06	-9.246129e-09	-3.357838e+01	-6.054410e+02
3.120000e-06	-4.872547e-06	-9.273593e-09	-3.384006e+01	-6.076112e+02
3.130000e-06	-4.908304e-06	-9.305007e-09	-3.408839e+01	-6.096819e+02
3.140000e-06	-4.942344e-06	-9.339072e-09	-3.432480e+01	-6.116864e+02
3.150000e-06	-4.974773e-06	-9.368488e-09	-3.455002e+01	-6.136143e+02
3.160000e-06	-5.005413e-06	-9.392907e-09	-3.476282e+01	-6.154242e+02
3.170000e-06	-5.034171e-06	-9.418424e-09	-3.496254e+01	-6.170731e+02
3.180000e-06	-5.061161e-06	-9.445594e-09	-3.514999e+01	-6.185430e+02
3.190000e-06	-5.086404e-06	-9.469057e-09	-3.532530e+01	-6.198488e+02
3.200000e-06	-5.109915e-06	-9.484592e-09	-3.548859e+01	-6.210256e+02
3.210000e-06	-5.131549e-06	-9.495610e-09	-3.563884e+01	-6.221064e+02
3.220000e-06	-5.151229e-06	-9.509630e-09	-3.577551e+01	-6.231051e+02
3.230000e-06	-5.169210e-06	-9.526771e-09	-3.590039e+01	-6.240148e+02
3.240000e-06	-5.185525e-06	-9.540922e-09	-3.601370e+01	-6.248206e+02
3.250000e-06	-5.199819e-06	-9.549853e-09	-3.611297e+01	-6.255157e+02
3.260000e-06	-5.211925e-06	-9.556398e-09	-3.619705e+01	-6.261097e+02
3.270000e-06	-5.222079e-06	-9.565647e-09	-3.626757e+01	-6.266228e+02
3.280000e-06	-5.230512e-06	-9.575248e-09	-3.632614e+01	-6.270701e+02
3.290000e-06	-5.237153e-06	-9.580360e-09	-3.637226e+01	-6.274480e+02
3.300000e-06	-5.241818e-06	-9.581772e-09	-3.640466e+01	-6.277301e+02
3.310000e-06	-5.244652e-06	-9.581684e-09	-3.642434e+01	-6.278792e+02
3.320000e-06	-5.245810e-06	-9.582869e-09	-3.643238e+01	-6.278679e+02
