# Temperatura_=_20.0
# Concentracion g/m^3_=_10000.0
# C_Vs_to_Am_M_A/Vsm_=_65563218390.804596
# pendiente_HvsI_1/m_=_3716.3
# ordenada_HvsI_A/m_=_1297.0
# frecuencia_Hz_=_300947.32103340764

Tiempo_(s)	Campo_(V.s)	Magnetizacion_(V.s)	Campo_(kA/m)	Magnetizacion_(A/m)
0.000000e+00	-5.285811e-06	-2.206373e-10	-3.642670e+01	-1.429736e+01
1.000000e-08	-5.284619e-06	-2.240341e-10	-3.641848e+01	-1.436874e+01
2.000000e-08	-5.281473e-06	-2.206627e-10	-3.639680e+01	-1.443094e+01
3.000000e-08	-5.276588e-06	-2.174492e-10	-3.636314e+01	-1.445385e+01
4.000000e-08	-5.270166e-06	-2.184931e-10	-3.631888e+01	-1.442591e+01
5.000000e-08	-5.262173e-06	-2.176711e-10	-3.626380e+01	-1.435879e+01
6.000000e-08	-5.252365e-06	-2.119094e-10	-3.619621e+01	-1.427850e+01
7.000000e-08	-5.240542e-06	-2.037248e-10	-3.611473e+01	-1.420941e+01
8.000000e-08	-5.226846e-06	-2.046707e-10	-3.602034e+01	-1.416282e+01
9.000000e-08	-5.210925e-06	-2.347530e-10	-3.591063e+01	-1.413678e+01
1.000000e-07	-5.192588e-06	-2.424800e-10	-3.578426e+01	-1.412435e+01
1.100000e-07	-5.172288e-06	-2.110487e-10	-3.564437e+01	-1.412103e+01
1.200000e-07	-5.150237e-06	-2.002950e-10	-3.549240e+01	-1.412435e+01
1.300000e-07	-5.126646e-06	-1.785507e-10	-3.532983e+01	-1.412768e+01
1.400000e-07	-5.101832e-06	-2.086366e-10	-3.515882e+01	-1.411709e+01
1.500000e-07	-5.075313e-06	-2.679876e-10	-3.497607e+01	-1.407851e+01
1.600000e-07	-5.046982e-06	-1.788775e-10	-3.478083e+01	-1.401266e+01
1.700000e-07	-5.017182e-06	-1.745809e-10	-3.457546e+01	-1.394523e+01
1.800000e-07	-4.985589e-06	-2.514883e-10	-3.435775e+01	-1.392026e+01
1.900000e-07	-4.952114e-06	-1.883454e-10	-3.412706e+01	-1.397599e+01
2.000000e-07	-4.916965e-06	-2.056096e-10	-3.388483e+01	-1.411739e+01
2.100000e-07	-4.880171e-06	-2.356532e-10	-3.363126e+01	-1.430570e+01
2.200000e-07	-4.841624e-06	-1.667887e-10	-3.336562e+01	-1.447535e+01
2.300000e-07	-4.801388e-06	-1.960619e-10	-3.308834e+01	-1.456939e+01
2.400000e-07	-4.759302e-06	-2.262877e-10	-3.279830e+01	-1.457001e+01
2.500000e-07	-4.715350e-06	-2.097516e-10	-3.249542e+01	-1.450267e+01
2.600000e-07	-4.669671e-06	-2.211615e-10	-3.218063e+01	-1.441151e+01
2.700000e-07	-4.622279e-06	-1.960451e-10	-3.185403e+01	-1.432515e+01
2.800000e-07	-4.573203e-06	-1.996976e-10	-3.151582e+01	-1.423964e+01
2.900000e-07	-4.522049e-06	-2.163671e-10	-3.116330e+01	-1.413174e+01
3.000000e-07	-4.468857e-06	-1.975622e-10	-3.079673e+01	-1.399101e+01
3.100000e-07	-4.414003e-06	-1.772202e-10	-3.041871e+01	-1.384192e+01
3.200000e-07	-4.357698e-06	-1.862749e-10	-3.003069e+01	-1.373366e+01
3.300000e-07	-4.299873e-06	-2.198130e-10	-2.963219e+01	-1.370042e+01
3.400000e-07	-4.240403e-06	-2.168848e-10	-2.922236e+01	-1.372177e+01
3.500000e-07	-4.179413e-06	-2.070091e-10	-2.880205e+01	-1.371812e+01
3.600000e-07	-4.116935e-06	-1.925874e-10	-2.837149e+01	-1.359369e+01
3.700000e-07	-4.053134e-06	-1.725898e-10	-2.793181e+01	-1.330339e+01
3.800000e-07	-3.987999e-06	-1.871092e-10	-2.748294e+01	-1.289694e+01
3.900000e-07	-3.921210e-06	-1.830184e-10	-2.702267e+01	-1.250348e+01
4.000000e-07	-3.852797e-06	-1.742801e-10	-2.655121e+01	-1.225836e+01
4.100000e-07	-3.783049e-06	-1.900956e-10	-2.607055e+01	-1.221559e+01
4.200000e-07	-3.712138e-06	-2.021747e-10	-2.558187e+01	-1.230417e+01
4.300000e-07	-3.640110e-06	-2.037854e-10	-2.508550e+01	-1.236178e+01
4.400000e-07	-3.566621e-06	-1.810517e-10	-2.457905e+01	-1.222890e+01
4.500000e-07	-3.491406e-06	-1.585025e-10	-2.406071e+01	-1.184573e+01
4.600000e-07	-3.414757e-06	-1.524231e-10	-2.353249e+01	-1.129002e+01
4.700000e-07	-3.336914e-06	-1.611563e-10	-2.299605e+01	-1.073117e+01
4.800000e-07	-3.257764e-06	-1.659469e-10	-2.245059e+01	-1.032978e+01
4.900000e-07	-3.177140e-06	-1.552526e-10	-2.189498e+01	-1.014608e+01
5.000000e-07	-3.095209e-06	-1.549880e-10	-2.133036e+01	-1.011308e+01
5.100000e-07	-3.012247e-06	-1.581041e-10	-2.075863e+01	-1.008706e+01
5.200000e-07	-2.928466e-06	-1.563099e-10	-2.018126e+01	-9.938594e+00
5.300000e-07	-2.843917e-06	-1.450988e-10	-1.959860e+01	-9.624589e+00
5.400000e-07	-2.758445e-06	-1.303659e-10	-1.900958e+01	-9.199229e+00
5.500000e-07	-2.671988e-06	-1.294749e-10	-1.841377e+01	-8.764643e+00
5.600000e-07	-2.584631e-06	-1.363733e-10	-1.781176e+01	-8.400352e+00
5.700000e-07	-2.496604e-06	-1.364231e-10	-1.720512e+01	-8.119464e+00
5.800000e-07	-2.407759e-06	-1.238435e-10	-1.659286e+01	-7.875833e+00
5.900000e-07	-2.317691e-06	-1.139882e-10	-1.597216e+01	-7.609460e+00
6.000000e-07	-2.226589e-06	-1.117082e-10	-1.534434e+01	-7.293395e+00
6.100000e-07	-2.134834e-06	-1.123526e-10	-1.471202e+01	-6.949193e+00
6.200000e-07	-2.042371e-06	-1.099153e-10	-1.407482e+01	-6.623936e+00
6.300000e-07	-1.949106e-06	-1.013017e-10	-1.343209e+01	-6.349627e+00
6.400000e-07	-1.855178e-06	-9.403658e-11	-1.278479e+01	-6.116166e+00
6.500000e-07	-1.760654e-06	-9.106897e-11	-1.213339e+01	-5.876713e+00
6.600000e-07	-1.665585e-06	-8.704719e-11	-1.147823e+01	-5.580098e+00
6.700000e-07	-1.570046e-06	-7.745981e-11	-1.081983e+01	-5.206632e+00
6.800000e-07	-1.473981e-06	-6.841649e-11	-1.015781e+01	-4.783063e+00
6.900000e-07	-1.377301e-06	-6.597234e-11	-9.491546e+00	-4.367829e+00
7.000000e-07	-1.280036e-06	-6.810709e-11	-8.821255e+00	-4.017344e+00
7.100000e-07	-1.182210e-06	-6.589595e-11	-8.147094e+00	-3.754686e+00
7.200000e-07	-1.083774e-06	-5.795104e-11	-7.468729e+00	-3.558477e+00
7.300000e-07	-9.847727e-07	-5.158937e-11	-6.786474e+00	-3.376232e+00
7.400000e-07	-8.854191e-07	-4.961868e-11	-6.101787e+00	-3.152649e+00
7.500000e-07	-7.858530e-07	-4.787643e-11	-5.415636e+00	-2.856841e+00
7.600000e-07	-6.860802e-07	-4.203049e-11	-4.728061e+00	-2.495390e+00
7.700000e-07	-5.861103e-07	-3.416919e-11	-4.039127e+00	-2.106600e+00
7.800000e-07	-4.859441e-07	-3.058585e-11	-3.348841e+00	-1.740461e+00
7.900000e-07	-3.856693e-07	-2.960072e-11	-2.657806e+00	-1.434500e+00
8.000000e-07	-2.852885e-07	-2.664440e-11	-1.966040e+00	-1.196766e+00
8.100000e-07	-1.847701e-07	-1.977815e-11	-1.273327e+00	-1.003601e+00
8.200000e-07	-8.413517e-08	-1.155850e-11	-5.798100e-01	-8.130886e-01
8.300000e-07	1.651884e-08	-8.284253e-12	1.138381e-01	-5.873742e-01
8.400000e-07	1.171111e-07	-8.314766e-12	8.070607e-01	-3.119697e-01
8.500000e-07	2.176897e-07	-5.239409e-12	1.500189e+00	-1.169134e-03
8.600000e-07	3.181873e-07	6.802560e-13	2.192760e+00	3.136816e-01
8.700000e-07	4.186186e-07	3.221200e-12	2.884873e+00	6.056995e-01
8.800000e-07	5.189386e-07	3.157038e-12	3.576219e+00	8.695796e-01
8.900000e-07	6.190183e-07	6.612672e-12	4.265910e+00	1.122474e+00
9.000000e-07	7.189306e-07	1.554628e-11	4.954446e+00	1.387840e+00
9.100000e-07	8.186963e-07	2.510733e-11	5.641973e+00	1.674093e+00
9.200000e-07	9.182249e-07	2.973534e-11	6.327866e+00	1.964766e+00
9.300000e-07	1.017388e-06	2.835439e-11	7.011237e+00	2.229396e+00
9.400000e-07	1.116089e-06	2.650818e-11	7.691429e+00	2.448868e+00
9.500000e-07	1.214303e-06	2.925708e-11	8.368263e+00	2.636576e+00
9.600000e-07	1.311977e-06	3.246900e-11	9.041372e+00	2.837433e+00
9.700000e-07	1.408999e-06	3.558987e-11	9.709991e+00	3.101498e+00
9.800000e-07	1.505310e-06	4.218240e-11	1.037371e+01	3.448006e+00
9.900000e-07	1.601107e-06	5.125257e-11	1.103389e+01	3.845034e+00
1.000000e-06	1.696564e-06	5.994198e-11	1.169172e+01	4.221768e+00
1.010000e-06	1.791527e-06	6.343959e-11	1.234615e+01	4.508958e+00
1.020000e-06	1.885811e-06	6.113444e-11	1.299590e+01	4.683040e+00
1.030000e-06	1.979430e-06	6.010804e-11	1.364107e+01	4.785035e+00
1.040000e-06	2.072488e-06	6.406141e-11	1.428237e+01	4.900528e+00
1.050000e-06	2.164962e-06	7.062466e-11	1.491965e+01	5.111937e+00
1.060000e-06	2.256728e-06	7.491617e-11	1.555204e+01	5.452064e+00
1.070000e-06	2.347575e-06	7.727404e-11	1.617810e+01	5.886753e+00
1.080000e-06	2.437290e-06	8.389553e-11	1.679637e+01	6.335516e+00
1.090000e-06	2.525980e-06	9.234371e-11	1.740757e+01	6.715668e+00
1.100000e-06	2.613889e-06	9.773100e-11	1.801339e+01	6.983053e+00
1.110000e-06	2.700994e-06	9.993003e-11	1.861366e+01	7.147957e+00
1.120000e-06	2.787150e-06	1.025114e-10	1.920740e+01	7.262410e+00
1.130000e-06	2.872366e-06	1.069349e-10	1.979466e+01	7.391616e+00
1.140000e-06	2.956764e-06	1.110146e-10	2.037627e+01	7.587408e+00
1.150000e-06	3.040268e-06	1.133251e-10	2.095174e+01	7.874509e+00
1.160000e-06	3.122560e-06	1.134909e-10	2.151884e+01	8.249235e+00
1.170000e-06	3.203619e-06	1.167400e-10	2.207746e+01	8.684239e+00
1.180000e-06	3.283590e-06	1.260710e-10	2.262857e+01	9.135054e+00
1.190000e-06	3.362439e-06	1.378824e-10	2.317195e+01	9.549649e+00
1.200000e-06	3.440089e-06	1.444695e-10	2.370707e+01	9.883675e+00
1.210000e-06	3.516427e-06	1.446015e-10	2.423314e+01	1.011890e+01
1.220000e-06	3.591335e-06	1.472738e-10	2.474937e+01	1.027529e+01
1.230000e-06	3.664680e-06	1.529989e-10	2.525481e+01	1.040600e+01
1.240000e-06	3.736663e-06	1.540016e-10	2.575088e+01	1.057339e+01
1.250000e-06	3.807453e-06	1.514076e-10	2.623872e+01	1.081695e+01
1.260000e-06	3.876938e-06	1.521884e-10	2.671757e+01	1.113229e+01
1.270000e-06	3.945159e-06	1.600541e-10	2.718771e+01	1.147485e+01
1.280000e-06	4.011981e-06	1.695343e-10	2.764821e+01	1.178648e+01
1.290000e-06	4.077126e-06	1.732076e-10	2.809715e+01	1.202752e+01
1.300000e-06	4.140780e-06	1.727443e-10	2.853582e+01	1.219374e+01
1.310000e-06	4.203126e-06	1.754467e-10	2.896547e+01	1.230911e+01
1.320000e-06	4.264157e-06	1.809888e-10	2.938606e+01	1.240323e+01
1.330000e-06	4.323912e-06	1.808562e-10	2.979786e+01	1.249280e+01
1.340000e-06	4.381985e-06	1.751839e-10	3.019806e+01	1.258127e+01
1.350000e-06	4.438215e-06	1.735862e-10	3.058556e+01	1.267383e+01
1.360000e-06	4.492873e-06	1.800688e-10	3.096223e+01	1.279072e+01
1.370000e-06	4.545920e-06	1.880750e-10	3.132780e+01	1.296174e+01
1.380000e-06	4.597115e-06	1.921823e-10	3.168061e+01	1.320113e+01
1.390000e-06	4.646283e-06	1.954039e-10	3.201945e+01	1.348119e+01
1.400000e-06	4.693670e-06	2.022459e-10	3.234601e+01	1.372946e+01
1.410000e-06	4.739486e-06	2.093651e-10	3.266175e+01	1.386071e+01
1.420000e-06	4.783761e-06	2.088218e-10	3.296687e+01	1.382903e+01
1.430000e-06	4.826306e-06	1.998407e-10	3.326006e+01	1.366648e+01
1.440000e-06	4.866964e-06	1.942352e-10	3.354025e+01	1.347874e+01
1.450000e-06	4.905929e-06	1.966230e-10	3.380877e+01	1.339360e+01
1.460000e-06	4.943324e-06	2.018302e-10	3.406648e+01	1.349015e+01
1.470000e-06	4.979120e-06	2.053751e-10	3.431316e+01	1.375159e+01
1.480000e-06	5.013052e-06	2.087641e-10	3.454700e+01	1.407189e+01
1.490000e-06	5.045154e-06	2.150047e-10	3.476823e+01	1.431356e+01
1.500000e-06	5.075555e-06	2.191500e-10	3.497774e+01	1.438213e+01
1.510000e-06	5.104310e-06	2.161744e-10	3.517590e+01	1.427364e+01
1.520000e-06	5.131290e-06	2.080942e-10	3.536183e+01	1.406970e+01
1.530000e-06	5.156222e-06	2.037090e-10	3.553365e+01	1.388748e+01
1.540000e-06	5.179289e-06	2.051177e-10	3.569261e+01	1.381752e+01
1.550000e-06	5.200712e-06	2.079299e-10	3.584024e+01	1.388510e+01
1.560000e-06	5.220477e-06	2.094190e-10	3.597646e+01	1.405161e+01
1.570000e-06	5.238368e-06	2.115711e-10	3.609975e+01	1.424657e+01
1.580000e-06	5.254291e-06	2.147777e-10	3.620948e+01	1.440599e+01
1.590000e-06	5.268316e-06	2.157078e-10	3.630613e+01	1.449545e+01
1.600000e-06	5.280306e-06	2.133042e-10	3.638876e+01	1.451198e+01
1.610000e-06	5.290087e-06	2.095506e-10	3.645617e+01	1.447297e+01
1.620000e-06	5.297911e-06	2.087628e-10	3.651008e+01	1.440434e+01
1.630000e-06	5.304000e-06	2.123786e-10	3.655205e+01	1.433402e+01
1.640000e-06	5.308363e-06	2.143952e-10	3.658212e+01	1.428809e+01
1.650000e-06	5.310797e-06	2.115863e-10	3.659889e+01	1.428491e+01
1.660000e-06	5.311227e-06	2.084616e-10	3.660185e+01	1.432713e+01
1.670000e-06	5.309967e-06	2.057417e-10	3.659317e+01	1.439724e+01
1.680000e-06	5.307128e-06	2.065755e-10	3.657360e+01	1.446313e+01
1.690000e-06	5.302580e-06	2.096106e-10	3.654226e+01	1.449319e+01
1.700000e-06	5.296100e-06	2.093093e-10	3.649760e+01	1.447257e+01
1.710000e-06	5.287848e-06	2.097453e-10	3.644073e+01	1.440990e+01
1.720000e-06	5.278054e-06	2.137426e-10	3.637324e+01	1.433006e+01
1.730000e-06	5.266606e-06	2.250327e-10	3.629435e+01	1.425859e+01
1.740000e-06	5.253244e-06	2.164922e-10	3.620227e+01	1.420893e+01
1.750000e-06	5.237778e-06	1.755061e-10	3.609569e+01	1.418064e+01
1.760000e-06	5.219882e-06	1.827082e-10	3.597235e+01	1.416692e+01
1.770000e-06	5.199251e-06	2.030706e-10	3.583018e+01	1.416271e+01
1.780000e-06	5.176452e-06	2.340077e-10	3.567306e+01	1.416559e+01
1.790000e-06	5.152672e-06	2.459942e-10	3.550918e+01	1.416990e+01
1.800000e-06	5.128286e-06	1.524955e-10	3.534113e+01	1.416257e+01
1.810000e-06	5.102207e-06	1.933953e-10	3.516141e+01	1.412873e+01
1.820000e-06	5.073971e-06	2.592759e-10	3.496682e+01	1.406608e+01
1.830000e-06	5.044263e-06	1.668184e-10	3.476209e+01	1.399668e+01
1.840000e-06	5.012724e-06	2.182611e-10	3.454474e+01	1.396312e+01
1.850000e-06	4.978987e-06	2.422220e-10	3.431225e+01	1.400628e+01
1.860000e-06	4.943677e-06	1.443252e-10	3.406891e+01	1.413712e+01
1.870000e-06	4.906562e-06	2.302269e-10	3.381314e+01	1.432274e+01
1.880000e-06	4.867593e-06	2.670950e-10	3.354459e+01	1.449942e+01
1.890000e-06	4.827042e-06	2.254209e-10	3.326513e+01	1.460674e+01
1.900000e-06	4.784690e-06	2.519255e-10	3.297326e+01	1.462027e+01
1.910000e-06	4.740929e-06	2.018061e-10	3.267169e+01	1.456026e+01
1.920000e-06	4.695574e-06	2.380268e-10	3.235913e+01	1.447034e+01
1.930000e-06	4.648230e-06	2.620124e-10	3.203286e+01	1.438305e+01
1.940000e-06	4.599282e-06	1.936898e-10	3.169554e+01	1.429898e+01
1.950000e-06	4.548690e-06	2.328023e-10	3.134689e+01	1.419585e+01
1.960000e-06	4.496233e-06	2.405339e-10	3.098539e+01	1.405945e+01
1.970000e-06	4.441826e-06	2.484389e-10	3.061045e+01	1.390906e+01
1.980000e-06	4.385631e-06	2.307264e-10	3.022319e+01	1.379228e+01
1.990000e-06	4.328064e-06	1.849455e-10	2.982647e+01	1.374830e+01
2.000000e-06	4.269068e-06	2.188042e-10	2.941990e+01	1.376588e+01
2.010000e-06	4.208584e-06	2.100557e-10	2.900308e+01	1.377226e+01
2.020000e-06	4.146442e-06	2.332009e-10	2.857484e+01	1.367000e+01
2.030000e-06	4.082613e-06	2.273521e-10	2.813496e+01	1.340299e+01
2.040000e-06	4.017409e-06	2.000613e-10	2.768562e+01	1.300676e+01
2.050000e-06	3.950868e-06	2.261215e-10	2.722706e+01	1.260256e+01
2.060000e-06	3.883105e-06	1.945938e-10	2.676007e+01	1.233053e+01
2.070000e-06	3.813786e-06	1.924062e-10	2.628237e+01	1.226054e+01
2.080000e-06	3.742766e-06	1.748313e-10	2.579294e+01	1.233928e+01
2.090000e-06	3.670445e-06	1.768982e-10	2.529454e+01	1.241261e+01
2.100000e-06	3.596863e-06	2.124732e-10	2.478746e+01	1.231399e+01
2.110000e-06	3.521977e-06	2.045497e-10	2.427139e+01	1.196518e+01
2.120000e-06	3.445567e-06	2.014241e-10	2.374482e+01	1.142520e+01
2.130000e-06	3.367644e-06	1.659084e-10	2.320782e+01	1.085584e+01
2.140000e-06	3.288488e-06	1.616536e-10	2.266233e+01	1.042553e+01
2.150000e-06	3.208205e-06	1.642697e-10	2.210906e+01	1.021237e+01
2.160000e-06	3.126825e-06	1.569247e-10	2.154823e+01	1.016604e+01
2.170000e-06	3.044411e-06	1.598097e-10	2.098029e+01	1.014855e+01
2.180000e-06	2.961184e-06	1.503290e-10	2.040674e+01	1.002295e+01
2.190000e-06	2.876885e-06	1.642588e-10	1.982580e+01	9.731506e+00
2.200000e-06	2.791248e-06	1.577959e-10	1.923564e+01	9.316412e+00
2.210000e-06	2.704554e-06	1.440422e-10	1.863819e+01	8.877332e+00
2.220000e-06	2.616969e-06	1.289896e-10	1.803461e+01	8.500754e+00
2.230000e-06	2.528451e-06	1.209613e-10	1.742460e+01	8.210051e+00
2.240000e-06	2.439067e-06	1.268962e-10	1.680862e+01	7.965312e+00
2.250000e-06	2.348918e-06	1.229227e-10	1.618736e+01	7.705242e+00
2.260000e-06	2.258108e-06	1.184515e-10	1.556155e+01	7.396266e+00
2.270000e-06	2.166702e-06	1.051575e-10	1.493164e+01	7.053641e+00
2.280000e-06	2.074433e-06	1.045265e-10	1.429577e+01	6.723219e+00
2.290000e-06	1.981124e-06	1.080740e-10	1.365274e+01	6.441436e+00
2.300000e-06	1.886908e-06	1.021521e-10	1.300346e+01	6.204689e+00
2.310000e-06	1.792033e-06	9.152126e-11	1.234964e+01	5.969832e+00
2.320000e-06	1.696677e-06	8.602202e-11	1.169250e+01	5.683894e+00
2.330000e-06	1.600757e-06	9.227208e-11	1.103148e+01	5.321096e+00
2.340000e-06	1.504303e-06	9.053315e-11	1.036677e+01	4.901798e+00
2.350000e-06	1.407394e-06	7.693896e-11	9.698932e+00	4.481745e+00
2.360000e-06	1.309987e-06	6.204051e-11	9.027660e+00	4.119853e+00
2.370000e-06	1.212087e-06	5.896380e-11	8.352989e+00	3.845234e+00
2.380000e-06	1.113789e-06	6.072134e-11	7.675577e+00	3.642563e+00
2.390000e-06	1.015254e-06	5.794205e-11	6.996536e+00	3.462252e+00
2.400000e-06	9.164893e-07	5.113877e-11	6.315905e+00	3.247534e+00
2.410000e-06	8.174755e-07	4.576463e-11	5.633560e+00	2.962811e+00
2.420000e-06	7.182503e-07	4.445773e-11	4.949759e+00	2.609235e+00
2.430000e-06	6.188263e-07	4.105804e-11	4.264587e+00	2.221567e+00
2.440000e-06	5.192324e-07	3.151008e-11	3.578244e+00	1.849636e+00
2.450000e-06	4.195087e-07	2.046402e-11	2.891007e+00	1.534068e+00
2.460000e-06	3.195588e-07	1.727448e-11	2.202211e+00	1.287650e+00
2.470000e-06	2.193124e-07	2.192304e-11	1.511372e+00	1.090754e+00
2.480000e-06	1.190172e-07	2.426072e-11	8.201968e-01	9.027998e-01
2.490000e-06	1.877230e-08	1.707436e-11	1.293676e-01	6.839596e-01
2.500000e-06	-8.143324e-08	7.586601e-12	-5.611899e-01	4.156690e-01
2.510000e-06	-1.816210e-07	4.272969e-12	-1.251625e+00	1.084604e-01
2.520000e-06	-2.818139e-07	2.877481e-12	-1.942096e+00	-2.075284e-01
2.530000e-06	-3.818245e-07	-3.240268e-12	-2.631310e+00	-5.034642e-01
2.540000e-06	-4.815690e-07	-1.184568e-11	-3.318690e+00	-7.704537e-01
2.550000e-06	-5.810956e-07	-1.632978e-11	-4.004569e+00	-1.023111e+00
2.560000e-06	-6.805004e-07	-1.444712e-11	-4.689608e+00	-1.285363e+00
2.570000e-06	-7.797353e-07	-1.478033e-11	-5.373476e+00	-1.568806e+00
2.580000e-06	-8.786796e-07	-2.199511e-11	-6.055343e+00	-1.860355e+00
2.590000e-06	-9.773653e-07	-3.058161e-11	-6.735426e+00	-2.130164e+00
2.600000e-06	-1.075843e-06	-3.482185e-11	-7.414078e+00	-2.355872e+00
2.610000e-06	-1.174039e-06	-3.565458e-11	-8.090786e+00	-2.545645e+00
2.620000e-06	-1.271788e-06	-3.945942e-11	-8.764412e+00	-2.741007e+00
2.630000e-06	-1.368979e-06	-4.617788e-11	-9.434197e+00	-2.993526e+00
2.640000e-06	-1.465714e-06	-4.997155e-11	-1.010084e+01	-3.328711e+00
2.650000e-06	-1.562104e-06	-5.003331e-11	-1.076510e+01	-3.722025e+00
2.660000e-06	-1.658025e-06	-5.251295e-11	-1.142613e+01	-4.106192e+00
2.670000e-06	-1.753356e-06	-6.028134e-11	-1.208310e+01	-4.408785e+00
2.680000e-06	-1.848087e-06	-6.945283e-11	-1.273593e+01	-4.597712e+00
2.690000e-06	-1.942234e-06	-7.250360e-11	-1.338473e+01	-4.705089e+00
2.700000e-06	-2.035650e-06	-7.037967e-11	-1.402850e+01	-4.812680e+00
2.710000e-06	-2.128098e-06	-7.207415e-11	-1.466560e+01	-5.006581e+00
2.720000e-06	-2.219529e-06	-7.951541e-11	-1.529569e+01	-5.328636e+00
2.730000e-06	-2.310177e-06	-8.802059e-11	-1.592038e+01	-5.753814e+00
2.740000e-06	-2.400136e-06	-9.308786e-11	-1.654032e+01	-6.205823e+00
2.750000e-06	-2.489300e-06	-9.625932e-11	-1.715479e+01	-6.599423e+00
2.760000e-06	-2.577575e-06	-1.020734e-10	-1.776313e+01	-6.883264e+00
2.770000e-06	-2.664978e-06	-1.083789e-10	-1.836546e+01	-7.060047e+00
2.780000e-06	-2.751594e-06	-1.090641e-10	-1.896236e+01	-7.177417e+00
2.790000e-06	-2.837241e-06	-1.058977e-10	-1.955260e+01	-7.300540e+00
2.800000e-06	-2.921646e-06	-1.061371e-10	-2.013427e+01	-7.484342e+00
2.810000e-06	-3.004838e-06	-1.134953e-10	-2.070757e+01	-7.757727e+00
2.820000e-06	-3.087019e-06	-1.244807e-10	-2.127391e+01	-8.120850e+00
2.830000e-06	-3.168228e-06	-1.327039e-10	-2.183356e+01	-8.549375e+00
2.840000e-06	-3.248466e-06	-1.369830e-10	-2.238652e+01	-9.000804e+00
2.850000e-06	-3.327641e-06	-1.416505e-10	-2.293214e+01	-9.423396e+00
2.860000e-06	-3.405411e-06	-1.485384e-10	-2.346809e+01	-9.770572e+00
2.870000e-06	-3.481608e-06	-1.538083e-10	-2.399319e+01	-1.001935e+01
2.880000e-06	-3.556436e-06	-1.536402e-10	-2.450887e+01	-1.018406e+01
2.890000e-06	-3.629969e-06	-1.527292e-10	-2.501561e+01	-1.031422e+01
2.900000e-06	-3.702182e-06	-1.591465e-10	-2.551326e+01	-1.047283e+01
2.910000e-06	-3.773195e-06	-1.683238e-10	-2.600264e+01	-1.070439e+01
2.920000e-06	-3.842769e-06	-1.729222e-10	-2.648210e+01	-1.101120e+01
2.930000e-06	-3.910731e-06	-1.728781e-10	-2.695046e+01	-1.135321e+01
2.940000e-06	-3.977362e-06	-1.738269e-10	-2.740964e+01	-1.167214e+01
2.950000e-06	-4.042713e-06	-1.792295e-10	-2.786000e+01	-1.192411e+01
2.960000e-06	-4.106770e-06	-1.843376e-10	-2.830144e+01	-1.209972e+01
2.970000e-06	-4.169417e-06	-1.857213e-10	-2.873316e+01	-1.222014e+01
2.980000e-06	-4.230339e-06	-1.861041e-10	-2.915301e+01	-1.231560e+01
2.990000e-06	-4.289622e-06	-1.896172e-10	-2.956155e+01	-1.240514e+01
3.000000e-06	-4.347491e-06	-1.953246e-10	-2.996035e+01	-1.249342e+01
3.010000e-06	-4.403983e-06	-1.978328e-10	-3.034966e+01	-1.258429e+01
3.020000e-06	-4.458943e-06	-1.951864e-10	-3.072841e+01	-1.269562e+01
3.030000e-06	-4.511978e-06	-1.942062e-10	-3.109390e+01	-1.285707e+01
3.040000e-06	-4.563127e-06	-1.983541e-10	-3.144638e+01	-1.308695e+01
3.050000e-06	-4.612523e-06	-2.044722e-10	-3.178679e+01	-1.336450e+01
3.060000e-06	-4.659920e-06	-2.067739e-10	-3.211343e+01	-1.362249e+01
3.070000e-06	-4.705505e-06	-2.049057e-10	-3.242757e+01	-1.377449e+01
3.080000e-06	-4.749643e-06	-2.040493e-10	-3.273174e+01	-1.376585e+01
3.090000e-06	-4.792331e-06	-2.061609e-10	-3.302592e+01	-1.361660e+01
3.100000e-06	-4.833518e-06	-2.058328e-10	-3.330976e+01	-1.342411e+01
3.110000e-06	-4.873166e-06	-2.006782e-10	-3.358299e+01	-1.331735e+01
3.120000e-06	-4.911060e-06	-1.975028e-10	-3.384413e+01	-1.338625e+01
3.130000e-06	-4.947076e-06	-2.018346e-10	-3.409233e+01	-1.362872e+01
3.140000e-06	-4.981342e-06	-2.092381e-10	-3.432847e+01	-1.394885e+01
3.150000e-06	-5.013969e-06	-2.104893e-10	-3.455333e+01	-1.420900e+01
3.160000e-06	-5.044859e-06	-2.087590e-10	-3.476620e+01	-1.430458e+01
3.170000e-06	-5.073767e-06	-2.102427e-10	-3.496542e+01	-1.421772e+01
3.180000e-06	-5.100797e-06	-2.130426e-10	-3.515169e+01	-1.402010e+01
3.190000e-06	-5.126136e-06	-2.123583e-10	-3.532631e+01	-1.382775e+01
3.200000e-06	-5.149775e-06	-2.072087e-10	-3.548922e+01	-1.373823e+01
3.210000e-06	-5.171481e-06	-2.030164e-10	-3.563880e+01	-1.378702e+01
3.220000e-06	-5.191248e-06	-2.057708e-10	-3.577503e+01	-1.394314e+01
3.230000e-06	-5.209299e-06	-2.128490e-10	-3.589942e+01	-1.413819e+01
3.240000e-06	-5.225684e-06	-2.162585e-10	-3.601234e+01	-1.430532e+01
3.250000e-06	-5.240146e-06	-2.158403e-10	-3.611200e+01	-1.440533e+01
3.260000e-06	-5.252316e-06	-2.164050e-10	-3.619587e+01	-1.443127e+01
3.270000e-06	-5.262426e-06	-2.187529e-10	-3.626554e+01	-1.439843e+01
3.280000e-06	-5.270845e-06	-2.187703e-10	-3.632356e+01	-1.433206e+01
3.290000e-06	-5.277440e-06	-2.145954e-10	-3.636901e+01	-1.426002e+01
3.300000e-06	-5.281999e-06	-2.107064e-10	-3.640043e+01	-1.420894e+01
3.310000e-06	-5.284745e-06	-2.107890e-10	-3.641935e+01	-1.419877e+01
3.320000e-06	-5.285828e-06	-2.147360e-10	-3.642682e+01	-1.423484e+01
