# Temperatura_=_20.0
# Concentracion g/m^3_=_10000.0
# C_Vs_to_Am_M_A/Vsm_=_65563218390.804596
# pendiente_HvsI_1/m_=_3716.3
# ordenada_HvsI_A/m_=_1297.0
# frecuencia_Hz_=_300939.9333346261

Tiempo_(s)	Campo_(V.s)	Magnetizacion_(V.s)	Campo_(kA/m)	Magnetizacion_(A/m)
0.000000e+00	-5.233280e-06	-9.594444e-09	-3.643509e+01	-6.282513e+02
1.000000e-08	-5.232282e-06	-9.595666e-09	-3.642814e+01	-6.282203e+02
2.000000e-08	-5.229345e-06	-9.592178e-09	-3.640770e+01	-6.281037e+02
3.000000e-08	-5.224661e-06	-9.586193e-09	-3.637509e+01	-6.278889e+02
4.000000e-08	-5.218465e-06	-9.582195e-09	-3.633195e+01	-6.275604e+02
5.000000e-08	-5.210749e-06	-9.575090e-09	-3.627823e+01	-6.271108e+02
6.000000e-08	-5.201271e-06	-9.562806e-09	-3.621224e+01	-6.265491e+02
7.000000e-08	-5.189784e-06	-9.548708e-09	-3.613227e+01	-6.258996e+02
8.000000e-08	-5.176369e-06	-9.527352e-09	-3.603887e+01	-6.251900e+02
9.000000e-08	-5.160759e-06	-9.516257e-09	-3.593019e+01	-6.244350e+02
1.000000e-07	-5.142798e-06	-9.543522e-09	-3.580514e+01	-6.236267e+02
1.100000e-07	-5.122903e-06	-9.533514e-09	-3.566663e+01	-6.227379e+02
1.200000e-07	-5.101263e-06	-9.498289e-09	-3.551596e+01	-6.217394e+02
1.300000e-07	-5.078020e-06	-9.479043e-09	-3.535414e+01	-6.206192e+02
1.400000e-07	-5.053596e-06	-9.405334e-09	-3.518410e+01	-6.193946e+02
1.500000e-07	-5.027649e-06	-9.442330e-09	-3.500345e+01	-6.181073e+02
1.600000e-07	-4.999868e-06	-9.464931e-09	-3.481004e+01	-6.168029e+02
1.700000e-07	-4.970554e-06	-9.335358e-09	-3.460594e+01	-6.155058e+02
1.800000e-07	-4.939531e-06	-9.374621e-09	-3.438996e+01	-6.142024e+02
1.900000e-07	-4.906704e-06	-9.383933e-09	-3.416141e+01	-6.128426e+02
2.000000e-07	-4.872159e-06	-9.284312e-09	-3.392090e+01	-6.113600e+02
2.100000e-07	-4.835971e-06	-9.340057e-09	-3.366895e+01	-6.096998e+02
2.200000e-07	-4.798083e-06	-9.283745e-09	-3.340517e+01	-6.078402e+02
2.300000e-07	-4.758455e-06	-9.182594e-09	-3.312927e+01	-6.057958e+02
2.400000e-07	-4.717056e-06	-9.214249e-09	-3.284105e+01	-6.036003e+02
2.500000e-07	-4.673761e-06	-9.173166e-09	-3.253962e+01	-6.012817e+02
2.600000e-07	-4.628670e-06	-9.147027e-09	-3.222569e+01	-5.988434e+02
2.700000e-07	-4.581847e-06	-9.097075e-09	-3.189969e+01	-5.962654e+02
2.800000e-07	-4.533451e-06	-9.016203e-09	-3.156275e+01	-5.935236e+02
2.900000e-07	-4.483173e-06	-9.015136e-09	-3.121271e+01	-5.906153e+02
3.000000e-07	-4.430771e-06	-8.972183e-09	-3.084787e+01	-5.875717e+02
3.100000e-07	-4.376624e-06	-8.904788e-09	-3.047089e+01	-5.844452e+02
3.200000e-07	-4.321015e-06	-8.850258e-09	-3.008373e+01	-5.812769e+02
3.300000e-07	-4.264022e-06	-8.810707e-09	-2.968694e+01	-5.780633e+02
3.400000e-07	-4.205365e-06	-8.786086e-09	-2.927855e+01	-5.747464e+02
3.500000e-07	-4.145118e-06	-8.721917e-09	-2.885910e+01	-5.712383e+02
3.600000e-07	-4.083494e-06	-8.652921e-09	-2.843006e+01	-5.674703e+02
3.700000e-07	-4.020429e-06	-8.564692e-09	-2.799100e+01	-5.634373e+02
3.800000e-07	-3.956085e-06	-8.508755e-09	-2.754302e+01	-5.592080e+02
3.900000e-07	-3.890284e-06	-8.486319e-09	-2.708490e+01	-5.548901e+02
4.000000e-07	-3.822807e-06	-8.404832e-09	-2.661511e+01	-5.505659e+02
4.100000e-07	-3.753906e-06	-8.333420e-09	-2.613541e+01	-5.462368e+02
4.200000e-07	-3.683820e-06	-8.266241e-09	-2.564746e+01	-5.418123e+02
4.300000e-07	-3.612616e-06	-8.203151e-09	-2.515172e+01	-5.371532e+02
4.400000e-07	-3.540158e-06	-8.126916e-09	-2.464726e+01	-5.321484e+02
4.500000e-07	-3.466102e-06	-8.018665e-09	-2.413167e+01	-5.267798e+02
4.600000e-07	-3.390436e-06	-7.925295e-09	-2.360486e+01	-5.211377e+02
4.700000e-07	-3.313494e-06	-7.854331e-09	-2.306917e+01	-5.153735e+02
4.800000e-07	-3.235401e-06	-7.794829e-09	-2.252548e+01	-5.096179e+02
4.900000e-07	-3.155900e-06	-7.705198e-09	-2.197198e+01	-5.039091e+02
5.000000e-07	-3.074843e-06	-7.597884e-09	-2.140765e+01	-4.981715e+02
5.100000e-07	-2.992675e-06	-7.498201e-09	-2.083557e+01	-4.922554e+02
5.200000e-07	-2.909666e-06	-7.409932e-09	-2.025765e+01	-4.860131e+02
5.300000e-07	-2.825832e-06	-7.320597e-09	-1.967398e+01	-4.793691e+02
5.400000e-07	-2.741241e-06	-7.206382e-09	-1.908505e+01	-4.723480e+02
5.500000e-07	-2.655735e-06	-7.087039e-09	-1.848973e+01	-4.650513e+02
5.600000e-07	-2.569305e-06	-6.984406e-09	-1.788799e+01	-4.576006e+02
5.700000e-07	-2.482047e-06	-6.882711e-09	-1.728048e+01	-4.500797e+02
5.800000e-07	-2.393994e-06	-6.763671e-09	-1.666744e+01	-4.425024e+02
5.900000e-07	-2.305150e-06	-6.629714e-09	-1.604889e+01	-4.348150e+02
6.000000e-07	-2.215341e-06	-6.500720e-09	-1.542363e+01	-4.269244e+02
6.100000e-07	-2.124559e-06	-6.385913e-09	-1.479158e+01	-4.187343e+02
6.200000e-07	-2.032916e-06	-6.267587e-09	-1.415355e+01	-4.101761e+02
6.300000e-07	-1.940594e-06	-6.128470e-09	-1.351079e+01	-4.012267e+02
6.400000e-07	-1.847675e-06	-5.973398e-09	-1.286387e+01	-3.919125e+02
6.500000e-07	-1.754064e-06	-5.826148e-09	-1.221213e+01	-3.822985e+02
6.600000e-07	-1.659901e-06	-5.684026e-09	-1.155655e+01	-3.724636e+02
6.700000e-07	-1.565257e-06	-5.533310e-09	-1.089762e+01	-3.624662e+02
6.800000e-07	-1.470035e-06	-5.371678e-09	-1.023467e+01	-3.523128e+02
6.900000e-07	-1.374261e-06	-5.209538e-09	-9.567869e+00	-3.419444e+02
7.000000e-07	-1.278077e-06	-5.056437e-09	-8.898219e+00	-3.312541e+02
7.100000e-07	-1.181527e-06	-4.894548e-09	-8.226014e+00	-3.201302e+02
7.200000e-07	-1.084539e-06	-4.712267e-09	-7.550770e+00	-3.085078e+02
7.300000e-07	-9.870936e-07	-4.516821e-09	-6.872334e+00	-2.963986e+02
7.400000e-07	-8.892321e-07	-4.325731e-09	-6.191004e+00	-2.838820e+02
7.500000e-07	-7.909669e-07	-4.138787e-09	-5.506863e+00	-2.710588e+02
7.600000e-07	-6.922949e-07	-3.942197e-09	-4.819890e+00	-2.579919e+02
7.700000e-07	-5.932942e-07	-3.731875e-09	-4.130627e+00	-2.446677e+02
7.800000e-07	-4.940047e-07	-3.517254e-09	-3.439355e+00	-2.309985e+02
7.900000e-07	-3.945189e-07	-3.306445e-09	-2.746716e+00	-2.168642e+02
8.000000e-07	-2.949137e-07	-3.089622e-09	-2.053245e+00	-2.021679e+02
8.100000e-07	-1.951617e-07	-2.855829e-09	-1.358753e+00	-1.868728e+02
8.200000e-07	-9.525328e-08	-2.604507e-09	-6.631715e-01	-1.710038e+02
8.300000e-07	4.700566e-09	-2.351585e-09	3.272624e-02	-1.546165e+02
8.400000e-07	1.046064e-07	-2.100511e-09	7.282897e-01	-1.377567e+02
8.500000e-07	2.044516e-07	-1.840423e-09	1.423431e+00	-1.204346e+02
8.600000e-07	3.042394e-07	-1.564051e-09	2.118173e+00	-1.026262e+02
8.700000e-07	4.038880e-07	-1.277313e-09	2.811945e+00	-8.429392e+01
8.800000e-07	5.033204e-07	-9.925486e-10	3.504213e+00	-6.541172e+01
8.900000e-07	6.025720e-07	-7.031607e-10	4.195222e+00	-4.597695e+01
9.000000e-07	7.015761e-07	-3.980234e-10	4.884507e+00	-2.600821e+01
9.100000e-07	8.001900e-07	-7.850034e-11	5.571076e+00	-5.536199e+00
9.200000e-07	8.983870e-07	2.435508e-10	6.254742e+00	1.540114e+01
9.300000e-07	9.961860e-07	5.646900e-10	6.935637e+00	3.675439e+01
9.400000e-07	1.093532e-06	8.915881e-10	7.613381e+00	5.845412e+01
9.500000e-07	1.190450e-06	1.228143e-09	8.288138e+00	8.040697e+01
9.600000e-07	1.286971e-06	1.568773e-09	8.960141e+00	1.025017e+02
9.700000e-07	1.382994e-06	1.903773e-09	9.628666e+00	1.246225e+02
9.800000e-07	1.478456e-06	2.234918e-09	1.029329e+01	1.466597e+02
9.900000e-07	1.573447e-06	2.568932e-09	1.095464e+01	1.685127e+02
1.000000e-06	1.668006e-06	2.904111e-09	1.161298e+01	1.900831e+02
1.010000e-06	1.762042e-06	3.230169e-09	1.226767e+01	2.112671e+02
1.020000e-06	1.855446e-06	3.541572e-09	1.291797e+01	2.319559e+02
1.030000e-06	1.948306e-06	3.844615e-09	1.356448e+01	2.520473e+02
1.040000e-06	2.040642e-06	4.143858e-09	1.420734e+01	2.714620e+02
1.050000e-06	2.132295e-06	4.433325e-09	1.484544e+01	2.901550e+02
1.060000e-06	2.223064e-06	4.705200e-09	1.547740e+01	3.081122e+02
1.070000e-06	2.312815e-06	4.960334e-09	1.610226e+01	3.253355e+02
1.080000e-06	2.401668e-06	5.207941e-09	1.672087e+01	3.418246e+02
1.090000e-06	2.489668e-06	5.450353e-09	1.733354e+01	3.575679e+02
1.100000e-06	2.576801e-06	5.681554e-09	1.794018e+01	3.725476e+02
1.110000e-06	2.663055e-06	5.896930e-09	1.854070e+01	3.867566e+02
1.120000e-06	2.748415e-06	6.100278e-09	1.913499e+01	4.002135e+02
1.130000e-06	2.832998e-06	6.296750e-09	1.972387e+01	4.129673e+02
1.140000e-06	2.916796e-06	6.485346e-09	2.030729e+01	4.250865e+02
1.150000e-06	2.999532e-06	6.662284e-09	2.088331e+01	4.366383e+02
1.160000e-06	3.081072e-06	6.824924e-09	2.145101e+01	4.476697e+02
1.170000e-06	3.161481e-06	6.981771e-09	2.201083e+01	4.581987e+02
1.180000e-06	3.240773e-06	7.137706e-09	2.256288e+01	4.682193e+02
1.190000e-06	3.318895e-06	7.287936e-09	2.310678e+01	4.777173e+02
1.200000e-06	3.395817e-06	7.425056e-09	2.364233e+01	4.866877e+02
1.210000e-06	3.471515e-06	7.549831e-09	2.416935e+01	4.951464e+02
1.220000e-06	3.545781e-06	7.673604e-09	2.468641e+01	5.031336e+02
1.230000e-06	3.618532e-06	7.796149e-09	2.519291e+01	5.107060e+02
1.240000e-06	3.689926e-06	7.907860e-09	2.568997e+01	5.179240e+02
1.250000e-06	3.760065e-06	8.007815e-09	2.617829e+01	5.248364e+02
1.260000e-06	3.828994e-06	8.104281e-09	2.665819e+01	5.314685e+02
1.270000e-06	3.896687e-06	8.203539e-09	2.712948e+01	5.378181e+02
1.280000e-06	3.962865e-06	8.300460e-09	2.759022e+01	5.438605e+02
1.290000e-06	4.027434e-06	8.387161e-09	2.803977e+01	5.495634e+02
1.300000e-06	4.090620e-06	8.464737e-09	2.847968e+01	5.549048e+02
1.310000e-06	4.152503e-06	8.539881e-09	2.891052e+01	5.598895e+02
1.320000e-06	4.213114e-06	8.615350e-09	2.933251e+01	5.645541e+02
1.330000e-06	4.272326e-06	8.685371e-09	2.974475e+01	5.689603e+02
1.340000e-06	4.329839e-06	8.745553e-09	3.014516e+01	5.731762e+02
1.350000e-06	4.385681e-06	8.803043e-09	3.053395e+01	5.772543e+02
1.360000e-06	4.440002e-06	8.864800e-09	3.091215e+01	5.812138e+02
1.370000e-06	4.492684e-06	8.926464e-09	3.127893e+01	5.850367e+02
1.380000e-06	4.543396e-06	8.981684e-09	3.163199e+01	5.886789e+02
1.390000e-06	4.592177e-06	9.031012e-09	3.197161e+01	5.920919e+02
1.400000e-06	4.639370e-06	9.080089e-09	3.230018e+01	5.952482e+02
1.410000e-06	4.685057e-06	9.129556e-09	3.261826e+01	5.981573e+02
1.420000e-06	4.729156e-06	9.172205e-09	3.292529e+01	6.008668e+02
1.430000e-06	4.771499e-06	9.205507e-09	3.322009e+01	6.034455e+02
1.440000e-06	4.812032e-06	9.238055e-09	3.350228e+01	6.059544e+02
1.450000e-06	4.850909e-06	9.275778e-09	3.377296e+01	6.084204e+02
1.460000e-06	4.888244e-06	9.316314e-09	3.403289e+01	6.108228e+02
1.470000e-06	4.923920e-06	9.352656e-09	3.428127e+01	6.131024e+02
1.480000e-06	4.957694e-06	9.382062e-09	3.451641e+01	6.151894e+02
1.490000e-06	4.989649e-06	9.408451e-09	3.473889e+01	6.170378e+02
1.500000e-06	5.020018e-06	9.433279e-09	3.495032e+01	6.186492e+02
1.510000e-06	5.048812e-06	9.454501e-09	3.515079e+01	6.200727e+02
1.520000e-06	5.075793e-06	9.471552e-09	3.533864e+01	6.213825e+02
1.530000e-06	5.100727e-06	9.488717e-09	3.551223e+01	6.226426e+02
1.540000e-06	5.123804e-06	9.508883e-09	3.567290e+01	6.238791e+02
1.550000e-06	5.145237e-06	9.528364e-09	3.582212e+01	6.250729e+02
1.560000e-06	5.165012e-06	9.544807e-09	3.595980e+01	6.261756e+02
1.570000e-06	5.182978e-06	9.558521e-09	3.608488e+01	6.271387e+02
1.580000e-06	5.198984e-06	9.570172e-09	3.619632e+01	6.279386e+02
1.590000e-06	5.213091e-06	9.579530e-09	3.629453e+01	6.285849e+02
1.600000e-06	5.225242e-06	9.586571e-09	3.637913e+01	6.291097e+02
1.610000e-06	5.235207e-06	9.592338e-09	3.644851e+01	6.295473e+02
1.620000e-06	5.243181e-06	9.598149e-09	3.650403e+01	6.299180e+02
1.630000e-06	5.249404e-06	9.605113e-09	3.654735e+01	6.302236e+02
1.640000e-06	5.253924e-06	9.610509e-09	3.657882e+01	6.304553e+02
1.650000e-06	5.256575e-06	9.612651e-09	3.659728e+01	6.306049e+02
1.660000e-06	5.257232e-06	9.612909e-09	3.660185e+01	6.306707e+02
1.670000e-06	5.256141e-06	9.611323e-09	3.659426e+01	6.306546e+02
1.680000e-06	5.253485e-06	9.606798e-09	3.657577e+01	6.305540e+02
1.690000e-06	5.249247e-06	9.604363e-09	3.654626e+01	6.303580e+02
1.700000e-06	5.243152e-06	9.599744e-09	3.650383e+01	6.300509e+02
1.710000e-06	5.235232e-06	9.594073e-09	3.644868e+01	6.296228e+02
1.720000e-06	5.225764e-06	9.589443e-09	3.638277e+01	6.290798e+02
1.730000e-06	5.214668e-06	9.587437e-09	3.630551e+01	6.284439e+02
1.740000e-06	5.201657e-06	9.603996e-09	3.621493e+01	6.277435e+02
1.750000e-06	5.186595e-06	9.562709e-09	3.611007e+01	6.269966e+02
1.760000e-06	5.169267e-06	9.511107e-09	3.598942e+01	6.261995e+02
1.770000e-06	5.149314e-06	9.510173e-09	3.585051e+01	6.253275e+02
1.780000e-06	5.126989e-06	9.493148e-09	3.569508e+01	6.243503e+02
1.790000e-06	5.103438e-06	9.553539e-09	3.553111e+01	6.232515e+02
1.800000e-06	5.079329e-06	9.506706e-09	3.536326e+01	6.220432e+02
1.810000e-06	5.053746e-06	9.374582e-09	3.518515e+01	6.207636e+02
1.820000e-06	5.026117e-06	9.496545e-09	3.499279e+01	6.194596e+02
1.830000e-06	4.997047e-06	9.459223e-09	3.479040e+01	6.181611e+02
1.840000e-06	4.966209e-06	9.352204e-09	3.457569e+01	6.168617e+02
1.850000e-06	4.933138e-06	9.457228e-09	3.434545e+01	6.155168e+02
1.860000e-06	4.898440e-06	9.333809e-09	3.410388e+01	6.140610e+02
1.870000e-06	4.862045e-06	9.269837e-09	3.385049e+01	6.124353e+02
1.880000e-06	4.823697e-06	9.397299e-09	3.358350e+01	6.106113e+02
1.890000e-06	4.783728e-06	9.287228e-09	3.330523e+01	6.085977e+02
1.900000e-06	4.741994e-06	9.253566e-09	3.301467e+01	6.064267e+02
1.910000e-06	4.698734e-06	9.227430e-09	3.271348e+01	6.041291e+02
1.920000e-06	4.654102e-06	9.129636e-09	3.240275e+01	6.017133e+02
1.930000e-06	4.607616e-06	9.209730e-09	3.207910e+01	5.991623e+02
1.940000e-06	4.559453e-06	9.091052e-09	3.174379e+01	5.964510e+02
1.950000e-06	4.509641e-06	9.022613e-09	3.139698e+01	5.935711e+02
1.960000e-06	4.458076e-06	9.041094e-09	3.103798e+01	5.905482e+02
1.970000e-06	4.404667e-06	8.955395e-09	3.066613e+01	5.874328e+02
1.980000e-06	4.349400e-06	8.958848e-09	3.028136e+01	5.842707e+02
1.990000e-06	4.292633e-06	8.839357e-09	2.988613e+01	5.810681e+02
2.000000e-06	4.234357e-06	8.788305e-09	2.948040e+01	5.777759e+02
2.010000e-06	4.174688e-06	8.771958e-09	2.906498e+01	5.743083e+02
2.020000e-06	4.113522e-06	8.698723e-09	2.863912e+01	5.705894e+02
2.030000e-06	4.050601e-06	8.702775e-09	2.820105e+01	5.666007e+02
2.040000e-06	3.986217e-06	8.558679e-09	2.775281e+01	5.623990e+02
2.050000e-06	3.920489e-06	8.505701e-09	2.729520e+01	5.580894e+02
2.060000e-06	3.853495e-06	8.462772e-09	2.682877e+01	5.537635e+02
2.070000e-06	3.785083e-06	8.365039e-09	2.635247e+01	5.494397e+02
2.080000e-06	3.714942e-06	8.322998e-09	2.586414e+01	5.450420e+02
2.090000e-06	3.643407e-06	8.203442e-09	2.536610e+01	5.404349e+02
2.100000e-06	3.570730e-06	8.182420e-09	2.486011e+01	5.354964e+02
2.110000e-06	3.496849e-06	8.114482e-09	2.434573e+01	5.301891e+02
2.120000e-06	3.421662e-06	8.020212e-09	2.382226e+01	5.245856e+02
2.130000e-06	3.345011e-06	7.920092e-09	2.328861e+01	5.188320e+02
2.140000e-06	3.266920e-06	7.792285e-09	2.274492e+01	5.130689e+02
2.150000e-06	3.187566e-06	7.746583e-09	2.219244e+01	5.073542e+02
2.160000e-06	3.107141e-06	7.651167e-09	2.163251e+01	5.016316e+02
2.170000e-06	3.025650e-06	7.571093e-09	2.106515e+01	4.957595e+02
2.180000e-06	2.943139e-06	7.456253e-09	2.049069e+01	4.895838e+02
2.190000e-06	2.859744e-06	7.360310e-09	1.991008e+01	4.830127e+02
2.200000e-06	2.775441e-06	7.283254e-09	1.932315e+01	4.760531e+02
2.210000e-06	2.689969e-06	7.153152e-09	1.872808e+01	4.687965e+02
2.220000e-06	2.603244e-06	7.032691e-09	1.812428e+01	4.613657e+02
2.230000e-06	2.515606e-06	6.895586e-09	1.751413e+01	4.538542e+02
2.240000e-06	2.427236e-06	6.806508e-09	1.689888e+01	4.462893e+02
2.250000e-06	2.338128e-06	6.702276e-09	1.627850e+01	4.386278e+02
2.260000e-06	2.248252e-06	6.577153e-09	1.565276e+01	4.307810e+02
2.270000e-06	2.157603e-06	6.439820e-09	1.502164e+01	4.226507e+02
2.280000e-06	2.066279e-06	6.304090e-09	1.438583e+01	4.141614e+02
2.290000e-06	1.974350e-06	6.193393e-09	1.374580e+01	4.052814e+02
2.300000e-06	1.881741e-06	6.049150e-09	1.310104e+01	3.960285e+02
2.310000e-06	1.788290e-06	5.894325e-09	1.245041e+01	3.864624e+02
2.320000e-06	1.693924e-06	5.732877e-09	1.179342e+01	3.766616e+02
2.330000e-06	1.598828e-06	5.596297e-09	1.113134e+01	3.666911e+02
2.340000e-06	1.503268e-06	5.456182e-09	1.046604e+01	3.565681e+02
2.350000e-06	1.407317e-06	5.287449e-09	9.798011e+00	3.462451e+02
2.360000e-06	1.310880e-06	5.110166e-09	9.126597e+00	3.356211e+02
2.370000e-06	1.213957e-06	4.937484e-09	8.451801e+00	3.245814e+02
2.380000e-06	1.116653e-06	4.779511e-09	7.774350e+00	3.130496e+02
2.390000e-06	1.019054e-06	4.600941e-09	7.094846e+00	3.010231e+02
2.400000e-06	9.211233e-07	4.403191e-09	6.413036e+00	2.885718e+02
2.410000e-06	8.228224e-07	4.199129e-09	5.728647e+00	2.757971e+02
2.420000e-06	7.242953e-07	4.006875e-09	5.042682e+00	2.627724e+02
2.430000e-06	6.256601e-07	3.817474e-09	4.355965e+00	2.494988e+02
2.440000e-06	5.268944e-07	3.607186e-09	3.668340e+00	2.358999e+02
2.450000e-06	4.279628e-07	3.380780e-09	2.979559e+00	2.218572e+02
2.460000e-06	3.288767e-07	3.153410e-09	2.289703e+00	2.072660e+02
2.470000e-06	2.296563e-07	2.934585e-09	1.598911e+00	1.920776e+02
2.480000e-06	1.303461e-07	2.702449e-09	9.074945e-01	1.763075e+02
2.490000e-06	3.095203e-08	2.446010e-09	2.154940e-01	1.600087e+02
2.500000e-06	-6.840531e-08	2.179458e-09	-4.762508e-01	1.432315e+02
2.510000e-06	-1.676541e-07	1.921432e-09	-1.167240e+00	1.259930e+02
2.520000e-06	-2.668619e-07	1.665139e-09	-1.857943e+00	1.082742e+02
2.530000e-06	-3.659883e-07	1.388410e-09	-2.548081e+00	9.003810e+01
2.540000e-06	-4.650113e-07	1.091023e-09	-3.237497e+00	7.125511e+01
2.550000e-06	-5.638635e-07	7.893949e-10	-3.925725e+00	5.191824e+01
2.560000e-06	-6.624894e-07	4.944532e-10	-4.612378e+00	3.204294e+01
2.570000e-06	-7.608838e-07	1.924588e-10	-5.297419e+00	1.165832e+01
2.580000e-06	-8.590080e-07	-1.305028e-10	-5.980578e+00	-9.199014e+00
2.590000e-06	-9.568361e-07	-4.650577e-10	-6.661676e+00	-3.048232e+01
2.600000e-06	-1.054354e-06	-7.943481e-10	-7.340612e+00	-5.212626e+01
2.610000e-06	-1.151500e-06	-1.118232e-09	-8.016961e+00	-7.404161e+01
2.620000e-06	-1.248266e-06	-1.452906e-09	-8.690666e+00	-9.611950e+01
2.630000e-06	-1.344668e-06	-1.800823e-09	-9.361833e+00	-1.182438e+02
2.640000e-06	-1.440704e-06	-2.143827e-09	-1.003046e+01	-1.403034e+02
2.650000e-06	-1.536365e-06	-2.471729e-09	-1.069646e+01	-1.621964e+02
2.660000e-06	-1.631500e-06	-2.793508e-09	-1.135881e+01	-1.838246e+02
2.670000e-06	-1.725970e-06	-3.120685e-09	-1.201654e+01	-2.050854e+02
2.680000e-06	-1.819665e-06	-3.446252e-09	-1.266885e+01	-2.258705e+02
2.690000e-06	-1.912525e-06	-3.754074e-09	-1.331536e+01	-2.460751e+02
2.700000e-06	-2.004629e-06	-4.042599e-09	-1.395661e+01	-2.656149e+02
2.710000e-06	-2.096038e-06	-4.325351e-09	-1.459301e+01	-2.844384e+02
2.720000e-06	-2.186713e-06	-4.608976e-09	-1.522432e+01	-3.025270e+02
2.730000e-06	-2.276587e-06	-4.882544e-09	-1.585003e+01	-3.198810e+02
2.740000e-06	-2.365641e-06	-5.136127e-09	-1.647005e+01	-3.365017e+02
2.750000e-06	-2.453922e-06	-5.372406e-09	-1.708468e+01	-3.523793e+02
2.760000e-06	-2.541512e-06	-5.603923e-09	-1.769449e+01	-3.674964e+02
2.770000e-06	-2.628335e-06	-5.831516e-09	-1.829897e+01	-3.818424e+02
2.780000e-06	-2.714071e-06	-6.039931e-09	-1.889588e+01	-3.954308e+02
2.790000e-06	-2.798626e-06	-6.226185e-09	-1.948457e+01	-4.083054e+02
2.800000e-06	-2.882167e-06	-6.404912e-09	-2.006620e+01	-4.205325e+02
2.810000e-06	-2.964780e-06	-6.587767e-09	-2.064137e+01	-4.321813e+02
2.820000e-06	-3.046378e-06	-6.766674e-09	-2.120947e+01	-4.433034e+02
2.830000e-06	-3.126940e-06	-6.928344e-09	-2.177035e+01	-4.539219e+02
2.840000e-06	-3.206521e-06	-7.075276e-09	-2.232441e+01	-4.640342e+02
2.850000e-06	-3.284913e-06	-7.220307e-09	-2.287019e+01	-4.736264e+02
2.860000e-06	-3.361895e-06	-7.364656e-09	-2.340616e+01	-4.826903e+02
2.870000e-06	-3.437415e-06	-7.496804e-09	-2.393194e+01	-4.912381e+02
2.880000e-06	-3.511575e-06	-7.611928e-09	-2.444826e+01	-4.993055e+02
2.890000e-06	-3.584519e-06	-7.720734e-09	-2.495610e+01	-5.069473e+02
2.900000e-06	-3.656300e-06	-7.835192e-09	-2.545586e+01	-5.142245e+02
2.910000e-06	-3.726769e-06	-7.948621e-09	-2.594648e+01	-5.211887e+02
2.920000e-06	-3.795706e-06	-8.050751e-09	-2.642643e+01	-5.278702e+02
2.930000e-06	-3.863241e-06	-8.141585e-09	-2.689662e+01	-5.342714e+02
2.940000e-06	-3.929502e-06	-8.232122e-09	-2.735795e+01	-5.403710e+02
2.950000e-06	-3.994443e-06	-8.327353e-09	-2.781008e+01	-5.461365e+02
2.960000e-06	-4.058050e-06	-8.414399e-09	-2.825292e+01	-5.515430e+02
2.970000e-06	-4.120156e-06	-8.485918e-09	-2.868532e+01	-5.565895e+02
2.980000e-06	-4.180634e-06	-8.551019e-09	-2.910637e+01	-5.613071e+02
2.990000e-06	-4.239619e-06	-8.620219e-09	-2.951704e+01	-5.657543e+02
3.000000e-06	-4.297233e-06	-8.692684e-09	-2.991816e+01	-5.699995e+02
3.010000e-06	-4.353391e-06	-8.757653e-09	-3.030914e+01	-5.740996e+02
3.020000e-06	-4.407904e-06	-8.811440e-09	-3.068867e+01	-5.780805e+02
3.030000e-06	-4.460551e-06	-8.865937e-09	-3.105521e+01	-5.819305e+02
3.040000e-06	-4.511324e-06	-8.927950e-09	-3.140870e+01	-5.856086e+02
3.050000e-06	-4.560254e-06	-8.987244e-09	-3.174936e+01	-5.890654e+02
3.060000e-06	-4.607258e-06	-9.031416e-09	-3.207661e+01	-5.922678e+02
3.070000e-06	-4.652616e-06	-9.067338e-09	-3.239240e+01	-5.952184e+02
3.080000e-06	-4.696530e-06	-9.110609e-09	-3.269814e+01	-5.979588e+02
3.090000e-06	-4.739002e-06	-9.159417e-09	-3.299384e+01	-6.005556e+02
3.100000e-06	-4.780030e-06	-9.202099e-09	-3.327948e+01	-6.030737e+02
3.110000e-06	-4.819509e-06	-9.234822e-09	-3.355434e+01	-6.055474e+02
3.120000e-06	-4.857239e-06	-9.266579e-09	-3.381703e+01	-6.079645e+02
3.130000e-06	-4.893068e-06	-9.305835e-09	-3.406648e+01	-6.102712e+02
3.140000e-06	-4.927176e-06	-9.344926e-09	-3.430394e+01	-6.123970e+02
3.150000e-06	-4.959696e-06	-9.371377e-09	-3.453035e+01	-6.142894e+02
3.160000e-06	-4.990482e-06	-9.390210e-09	-3.474469e+01	-6.159406e+02
3.170000e-06	-5.019330e-06	-9.414909e-09	-3.494553e+01	-6.173924e+02
3.180000e-06	-5.046346e-06	-9.442963e-09	-3.513363e+01	-6.187169e+02
3.190000e-06	-5.071672e-06	-9.465921e-09	-3.530995e+01	-6.199825e+02
3.200000e-06	-5.095316e-06	-9.480091e-09	-3.547456e+01	-6.212234e+02
3.210000e-06	-5.117091e-06	-9.493559e-09	-3.562616e+01	-6.224278e+02
3.220000e-06	-5.136934e-06	-9.512114e-09	-3.576432e+01	-6.235506e+02
3.230000e-06	-5.155081e-06	-9.531238e-09	-3.589066e+01	-6.245412e+02
3.240000e-06	-5.171548e-06	-9.545505e-09	-3.600531e+01	-6.253704e+02
3.250000e-06	-5.186037e-06	-9.553962e-09	-3.610618e+01	-6.260421e+02
3.260000e-06	-5.198328e-06	-9.561943e-09	-3.619175e+01	-6.265857e+02
3.270000e-06	-5.208671e-06	-9.571987e-09	-3.626376e+01	-6.270367e+02
3.280000e-06	-5.217288e-06	-9.579365e-09	-3.632376e+01	-6.274187e+02
3.290000e-06	-5.224045e-06	-9.579853e-09	-3.637080e+01	-6.277363e+02
3.300000e-06	-5.228809e-06	-9.579340e-09	-3.640397e+01	-6.279819e+02
3.310000e-06	-5.231779e-06	-9.582350e-09	-3.642465e+01	-6.281464e+02
3.320000e-06	-5.233087e-06	-9.588591e-09	-3.643375e+01	-6.282269e+02
