# Temperatura_=_20.0
# Concentracion g/m^3_=_10000.0
# C_Vs_to_Am_M_A/Vsm_=_65563218390.804596
# pendiente_HvsI_1/m_=_3716.3
# ordenada_HvsI_A/m_=_1297.0
# frecuencia_Hz_=_300941.4223967208

Tiempo_(s)	Campo_(V.s)	Magnetizacion_(V.s)	Campo_(kA/m)	Magnetizacion_(A/m)
0.000000e+00	-5.232730e-06	-9.585484e-09	-3.643424e+01	-6.274748e+02
1.000000e-08	-5.231563e-06	-9.585360e-09	-3.642611e+01	-6.273874e+02
2.000000e-08	-5.228471e-06	-9.581735e-09	-3.640458e+01	-6.272050e+02
3.000000e-08	-5.223673e-06	-9.577636e-09	-3.637117e+01	-6.269345e+02
4.000000e-08	-5.217339e-06	-9.573497e-09	-3.632707e+01	-6.265677e+02
5.000000e-08	-5.209464e-06	-9.564401e-09	-3.627224e+01	-6.260872e+02
6.000000e-08	-5.199841e-06	-9.550446e-09	-3.620524e+01	-6.254841e+02
7.000000e-08	-5.188198e-06	-9.532826e-09	-3.612417e+01	-6.247706e+02
8.000000e-08	-5.174734e-06	-9.504176e-09	-3.603042e+01	-6.239784e+02
9.000000e-08	-5.159120e-06	-9.506329e-09	-3.592171e+01	-6.231393e+02
1.000000e-07	-5.141031e-06	-9.536745e-09	-3.579576e+01	-6.222620e+02
1.100000e-07	-5.120920e-06	-9.514909e-09	-3.565573e+01	-6.213216e+02
1.200000e-07	-5.099130e-06	-9.488004e-09	-3.550401e+01	-6.202721e+02
1.300000e-07	-5.075816e-06	-9.444466e-09	-3.534168e+01	-6.190775e+02
1.400000e-07	-5.051297e-06	-9.370878e-09	-3.517096e+01	-6.177422e+02
1.500000e-07	-5.025170e-06	-9.457023e-09	-3.498905e+01	-6.163202e+02
1.600000e-07	-4.997213e-06	-9.411629e-09	-3.479439e+01	-6.148933e+02
1.700000e-07	-4.967781e-06	-9.286993e-09	-3.458946e+01	-6.135262e+02
1.800000e-07	-4.936605e-06	-9.380775e-09	-3.437239e+01	-6.122232e+02
1.900000e-07	-4.903675e-06	-9.329574e-09	-3.414311e+01	-6.109129e+02
2.000000e-07	-4.869104e-06	-9.262289e-09	-3.390240e+01	-6.094722e+02
2.100000e-07	-4.832802e-06	-9.342454e-09	-3.364964e+01	-6.077809e+02
2.200000e-07	-4.794723e-06	-9.229205e-09	-3.338450e+01	-6.057782e+02
2.300000e-07	-4.754936e-06	-9.148260e-09	-3.310748e+01	-6.034922e+02
2.400000e-07	-4.713412e-06	-9.191756e-09	-3.281836e+01	-6.010242e+02
2.500000e-07	-4.669991e-06	-9.128878e-09	-3.251602e+01	-5.984969e+02
2.600000e-07	-4.624776e-06	-9.107995e-09	-3.220120e+01	-5.959929e+02
2.700000e-07	-4.577864e-06	-9.039201e-09	-3.187457e+01	-5.935171e+02
2.800000e-07	-4.529418e-06	-8.983081e-09	-3.153725e+01	-5.910011e+02
2.900000e-07	-4.479073e-06	-8.997336e-09	-3.118671e+01	-5.883447e+02
3.000000e-07	-4.426618e-06	-8.948311e-09	-3.082147e+01	-5.854695e+02
3.100000e-07	-4.372391e-06	-8.878565e-09	-3.044391e+01	-5.823554e+02
3.200000e-07	-4.316654e-06	-8.810769e-09	-3.005582e+01	-5.790409e+02
3.300000e-07	-4.259539e-06	-8.776777e-09	-2.965814e+01	-5.755927e+02
3.400000e-07	-4.200791e-06	-8.741571e-09	-2.924909e+01	-5.720652e+02
3.500000e-07	-4.140407e-06	-8.674734e-09	-2.882866e+01	-5.684755e+02
3.600000e-07	-4.078538e-06	-8.612323e-09	-2.839788e+01	-5.648036e+02
3.700000e-07	-4.015247e-06	-8.530519e-09	-2.795720e+01	-5.610139e+02
3.800000e-07	-3.950763e-06	-8.496534e-09	-2.750821e+01	-5.570780e+02
3.900000e-07	-3.884802e-06	-8.467897e-09	-2.704894e+01	-5.529836e+02
4.000000e-07	-3.817109e-06	-8.366973e-09	-2.657761e+01	-5.487268e+02
4.100000e-07	-3.748016e-06	-8.287632e-09	-2.609653e+01	-5.442982e+02
4.200000e-07	-3.677811e-06	-8.217289e-09	-2.560772e+01	-5.396771e+02
4.300000e-07	-3.606514e-06	-8.165377e-09	-2.511129e+01	-5.348417e+02
4.400000e-07	-3.533957e-06	-8.089243e-09	-2.460609e+01	-5.297879e+02
4.500000e-07	-3.459817e-06	-7.983810e-09	-2.408987e+01	-5.245407e+02
4.600000e-07	-3.383998e-06	-7.903078e-09	-2.356196e+01	-5.191468e+02
4.700000e-07	-3.306914e-06	-7.834983e-09	-2.302525e+01	-5.136502e+02
4.800000e-07	-3.228739e-06	-7.769607e-09	-2.248093e+01	-5.080644e+02
4.900000e-07	-3.149155e-06	-7.663190e-09	-2.192681e+01	-5.023605e+02
5.000000e-07	-3.068062e-06	-7.553452e-09	-2.136217e+01	-4.964802e+02
5.100000e-07	-2.985882e-06	-7.462846e-09	-2.078998e+01	-4.903649e+02
5.200000e-07	-2.902832e-06	-7.383424e-09	-2.021172e+01	-4.839841e+02
5.300000e-07	-2.818887e-06	-7.292891e-09	-1.962723e+01	-4.773453e+02
5.400000e-07	-2.734151e-06	-7.173137e-09	-1.903724e+01	-4.704826e+02
5.500000e-07	-2.648486e-06	-7.058977e-09	-1.844077e+01	-4.634323e+02
5.600000e-07	-2.561900e-06	-6.958353e-09	-1.783789e+01	-4.562141e+02
5.700000e-07	-2.474584e-06	-6.855465e-09	-1.722993e+01	-4.488260e+02
5.800000e-07	-2.386456e-06	-6.730478e-09	-1.661632e+01	-4.412521e+02
5.900000e-07	-2.297478e-06	-6.596312e-09	-1.599678e+01	-4.334716e+02
6.000000e-07	-2.207586e-06	-6.476204e-09	-1.537089e+01	-4.254622e+02
6.100000e-07	-2.116743e-06	-6.366095e-09	-1.473837e+01	-4.171959e+02
6.200000e-07	-2.025043e-06	-6.242167e-09	-1.409989e+01	-4.086388e+02
6.300000e-07	-1.932630e-06	-6.095920e-09	-1.345644e+01	-3.997604e+02
6.400000e-07	-1.839603e-06	-5.943727e-09	-1.280871e+01	-3.905518e+02
6.500000e-07	-1.745916e-06	-5.803530e-09	-1.215639e+01	-3.810381e+02
6.600000e-07	-1.651681e-06	-5.663957e-09	-1.150026e+01	-3.712717e+02
6.700000e-07	-1.556970e-06	-5.509073e-09	-1.084081e+01	-3.613021e+02
6.800000e-07	-1.461712e-06	-5.347135e-09	-1.017755e+01	-3.511383e+02
6.900000e-07	-1.365910e-06	-5.189058e-09	-9.510499e+00	-3.407279e+02
7.000000e-07	-1.269654e-06	-5.035897e-09	-8.840297e+00	-3.299719e+02
7.100000e-07	-1.173038e-06	-4.867491e-09	-8.167581e+00	-3.187716e+02
7.200000e-07	-1.076027e-06	-4.678882e-09	-7.492116e+00	-3.070829e+02
7.300000e-07	-9.785415e-07	-4.485991e-09	-6.813349e+00	-2.949413e+02
7.400000e-07	-8.806448e-07	-4.301893e-09	-6.131718e+00	-2.824417e+02
7.500000e-07	-7.823916e-07	-4.117614e-09	-5.447605e+00	-2.696799e+02
7.600000e-07	-6.837256e-07	-3.918909e-09	-4.760617e+00	-2.566909e+02
7.700000e-07	-5.846517e-07	-3.708705e-09	-4.070789e+00	-2.434207e+02
7.800000e-07	-4.853051e-07	-3.496810e-09	-3.379063e+00	-2.297485e+02
7.900000e-07	-3.857748e-07	-3.286847e-09	-2.686057e+00	-2.155465e+02
8.000000e-07	-2.860862e-07	-3.065167e-09	-1.991949e+00	-2.007408e+02
8.100000e-07	-1.862865e-07	-2.823708e-09	-1.297068e+00	-1.853381e+02
8.200000e-07	-8.639263e-08	-2.571946e-09	-6.015311e-01	-1.694070e+02
8.300000e-07	1.352803e-08	-2.324920e-09	9.419240e-02	-1.530282e+02
8.400000e-07	1.134371e-07	-2.077660e-09	7.898350e-01	-1.362450e+02
8.500000e-07	2.132994e-07	-1.814813e-09	1.485152e+00	-1.190422e+02
8.600000e-07	3.130936e-07	-1.536308e-09	2.179995e+00	-1.013597e+02
8.700000e-07	4.127891e-07	-1.252612e-09	2.874151e+00	-8.312686e+01
8.800000e-07	5.122913e-07	-9.703740e-10	3.566961e+00	-6.429562e+01
8.900000e-07	6.115679e-07	-6.783808e-10	4.258200e+00	-4.485737e+01
9.000000e-07	7.105634e-07	-3.694185e-10	4.947482e+00	-2.484138e+01
9.100000e-07	8.091373e-07	-4.926129e-11	5.633828e+00	-4.304460e+00
9.200000e-07	9.071957e-07	2.700586e-10	6.316585e+00	1.667894e+01
9.300000e-07	1.004802e-06	5.881485e-10	6.996193e+00	3.802336e+01
9.400000e-07	1.102032e-06	9.154452e-10	7.673186e+00	5.963894e+01
9.500000e-07	1.198873e-06	1.252625e-09	8.347462e+00	8.144038e+01
9.600000e-07	1.295307e-06	1.591467e-09	9.018909e+00	1.033549e+02
9.700000e-07	1.391299e-06	1.923251e-09	9.687279e+00	1.253214e+02
9.800000e-07	1.486759e-06	2.253743e-09	1.035194e+01	1.472758e+02
9.900000e-07	1.581703e-06	2.589699e-09	1.101301e+01	1.691290e+02
1.000000e-06	1.676215e-06	2.925722e-09	1.167108e+01	1.907509e+02
1.010000e-06	1.770216e-06	3.250449e-09	1.232559e+01	2.119765e+02
1.020000e-06	1.863581e-06	3.560222e-09	1.297566e+01	2.326374e+02
1.030000e-06	1.956356e-06	3.861257e-09	1.362164e+01	2.526049e+02
1.040000e-06	2.048656e-06	4.156896e-09	1.426430e+01	2.718216e+02
1.050000e-06	2.140335e-06	4.441945e-09	1.490263e+01	2.903009e+02
1.060000e-06	2.230984e-06	4.710370e-09	1.553381e+01	3.080940e+02
1.070000e-06	2.320496e-06	4.965354e-09	1.615705e+01	3.252421e+02
1.080000e-06	2.409161e-06	5.214505e-09	1.677441e+01	3.417409e+02
1.090000e-06	2.497088e-06	5.458125e-09	1.738662e+01	3.575379e+02
1.100000e-06	2.584195e-06	5.689350e-09	1.799313e+01	3.725633e+02
1.110000e-06	2.670422e-06	5.903973e-09	1.859350e+01	3.867737e+02
1.120000e-06	2.755716e-06	6.104743e-09	1.918739e+01	4.001827e+02
1.130000e-06	2.840242e-06	6.298655e-09	1.977592e+01	4.128622e+02
1.140000e-06	2.923987e-06	6.486892e-09	2.035902e+01	4.249135e+02
1.150000e-06	3.006592e-06	6.663349e-09	2.093418e+01	4.364271e+02
1.160000e-06	3.087980e-06	6.825393e-09	2.150086e+01	4.474525e+02
1.170000e-06	3.168252e-06	6.981536e-09	2.205978e+01	4.579921e+02
1.180000e-06	3.247378e-06	7.137077e-09	2.261071e+01	4.680192e+02
1.190000e-06	3.325330e-06	7.287716e-09	2.315347e+01	4.775065e+02
1.200000e-06	3.402177e-06	7.424428e-09	2.368854e+01	4.864506e+02
1.210000e-06	3.477733e-06	7.547364e-09	2.421461e+01	4.948811e+02
1.220000e-06	3.551689e-06	7.668703e-09	2.472955e+01	5.028526e+02
1.230000e-06	3.624215e-06	7.788643e-09	2.523454e+01	5.104265e+02
1.240000e-06	3.695495e-06	7.899758e-09	2.573084e+01	5.176514e+02
1.250000e-06	3.765507e-06	7.999417e-09	2.621832e+01	5.245518e+02
1.260000e-06	3.834345e-06	8.095153e-09	2.669762e+01	5.311281e+02
1.270000e-06	3.901962e-06	8.192962e-09	2.716842e+01	5.373687e+02
1.280000e-06	3.967961e-06	8.286980e-09	2.762796e+01	5.432650e+02
1.290000e-06	4.032371e-06	8.371814e-09	2.807643e+01	5.488251e+02
1.300000e-06	4.095478e-06	8.448268e-09	2.851583e+01	5.540755e+02
1.310000e-06	4.157285e-06	8.523089e-09	2.894617e+01	5.590527e+02
1.320000e-06	4.217858e-06	8.598792e-09	2.936793e+01	5.637885e+02
1.330000e-06	4.276953e-06	8.669420e-09	2.977940e+01	5.682988e+02
1.340000e-06	4.334247e-06	8.730293e-09	3.017832e+01	5.725843e+02
1.350000e-06	4.389925e-06	8.786542e-09	3.056599e+01	5.766432e+02
1.360000e-06	4.444155e-06	8.846341e-09	3.094358e+01	5.804860e+02
1.370000e-06	4.496736e-06	8.906670e-09	3.130969e+01	5.841421e+02
1.380000e-06	4.547311e-06	8.960362e-09	3.166183e+01	5.876507e+02
1.390000e-06	4.595963e-06	9.008302e-09	3.200059e+01	5.910395e+02
1.400000e-06	4.643021e-06	9.057410e-09	3.232824e+01	5.943061e+02
1.410000e-06	4.688588e-06	9.108591e-09	3.264551e+01	5.974170e+02
1.420000e-06	4.732635e-06	9.154900e-09	3.295220e+01	6.003271e+02
1.430000e-06	4.774795e-06	9.191122e-09	3.324575e+01	6.030112e+02
1.440000e-06	4.815131e-06	9.224015e-09	3.352660e+01	6.054859e+02
1.450000e-06	4.853912e-06	9.260510e-09	3.379662e+01	6.078054e+02
1.460000e-06	4.891121e-06	9.297838e-09	3.405570e+01	6.100323e+02
1.470000e-06	4.926655e-06	9.331155e-09	3.430311e+01	6.121994e+02
1.480000e-06	4.960247e-06	9.358513e-09	3.453701e+01	6.142881e+02
1.490000e-06	4.992048e-06	9.385339e-09	3.475843e+01	6.162382e+02
1.500000e-06	5.022236e-06	9.413979e-09	3.496862e+01	6.179857e+02
1.510000e-06	5.050844e-06	9.439272e-09	3.516781e+01	6.195044e+02
1.520000e-06	5.077628e-06	9.458486e-09	3.535430e+01	6.208259e+02
1.530000e-06	5.102339e-06	9.474562e-09	3.552635e+01	6.220241e+02
1.540000e-06	5.125243e-06	9.491564e-09	3.568583e+01	6.231734e+02
1.550000e-06	5.146531e-06	9.509558e-09	3.583405e+01	6.243076e+02
1.560000e-06	5.166200e-06	9.526790e-09	3.597101e+01	6.254044e+02
1.570000e-06	5.184031e-06	9.541663e-09	3.609516e+01	6.264035e+02
1.580000e-06	5.199864e-06	9.552675e-09	3.620540e+01	6.272463e+02
1.590000e-06	5.213792e-06	9.561404e-09	3.630238e+01	6.279109e+02
1.600000e-06	5.225765e-06	9.570523e-09	3.638574e+01	6.284209e+02
1.610000e-06	5.235572e-06	9.577885e-09	3.645403e+01	6.288271e+02
1.620000e-06	5.243371e-06	9.582524e-09	3.650833e+01	6.291741e+02
1.630000e-06	5.249415e-06	9.587524e-09	3.655041e+01	6.294769e+02
1.640000e-06	5.253790e-06	9.593408e-09	3.658088e+01	6.297189e+02
1.650000e-06	5.256275e-06	9.597625e-09	3.659818e+01	6.298706e+02
1.660000e-06	5.256803e-06	9.598479e-09	3.660185e+01	6.299120e+02
1.670000e-06	5.255648e-06	9.593173e-09	3.659381e+01	6.298431e+02
1.680000e-06	5.252898e-06	9.585999e-09	3.657466e+01	6.296766e+02
1.690000e-06	5.248480e-06	9.584279e-09	3.654390e+01	6.294220e+02
1.700000e-06	5.242173e-06	9.580339e-09	3.649999e+01	6.290735e+02
1.710000e-06	5.234133e-06	9.574085e-09	3.644401e+01	6.286144e+02
1.720000e-06	5.224597e-06	9.568421e-09	3.637761e+01	6.280330e+02
1.730000e-06	5.213393e-06	9.569776e-09	3.629960e+01	6.273372e+02
1.740000e-06	5.200251e-06	9.589321e-09	3.620810e+01	6.265563e+02
1.750000e-06	5.185043e-06	9.525614e-09	3.610221e+01	6.257239e+02
1.760000e-06	5.167473e-06	9.482904e-09	3.597987e+01	6.248543e+02
1.770000e-06	5.147233e-06	9.480546e-09	3.583894e+01	6.239282e+02
1.780000e-06	5.124757e-06	9.467932e-09	3.568245e+01	6.229015e+02
1.790000e-06	5.101183e-06	9.546658e-09	3.551830e+01	6.217339e+02
1.800000e-06	5.077090e-06	9.440506e-09	3.535055e+01	6.204210e+02
1.810000e-06	5.051408e-06	9.354367e-09	3.517174e+01	6.190087e+02
1.820000e-06	5.023510e-06	9.505463e-09	3.497749e+01	6.175767e+02
1.830000e-06	4.994255e-06	9.389701e-09	3.477379e+01	6.161964e+02
1.840000e-06	4.963279e-06	9.336591e-09	3.455812e+01	6.148850e+02
1.850000e-06	4.930007e-06	9.447929e-09	3.432645e+01	6.135841e+02
1.860000e-06	4.895170e-06	9.255797e-09	3.408389e+01	6.121764e+02
1.870000e-06	4.858594e-06	9.261791e-09	3.382922e+01	6.105365e+02
1.880000e-06	4.820079e-06	9.378705e-09	3.356105e+01	6.085899e+02
1.890000e-06	4.779997e-06	9.219764e-09	3.328197e+01	6.063486e+02
1.900000e-06	4.738101e-06	9.221927e-09	3.299026e+01	6.039038e+02
1.910000e-06	4.694755e-06	9.171699e-09	3.268845e+01	6.013791e+02
1.920000e-06	4.649923e-06	9.101245e-09	3.237630e+01	5.988681e+02
1.930000e-06	4.603133e-06	9.178678e-09	3.205051e+01	5.963905e+02
1.940000e-06	4.554778e-06	9.020809e-09	3.171382e+01	5.938888e+02
1.950000e-06	4.504823e-06	8.992132e-09	3.136600e+01	5.912643e+02
1.960000e-06	4.453094e-06	8.997282e-09	3.100582e+01	5.884315e+02
1.970000e-06	4.399492e-06	8.921616e-09	3.063260e+01	5.853587e+02
1.980000e-06	4.344054e-06	8.922968e-09	3.024660e+01	5.820753e+02
1.990000e-06	4.287122e-06	8.786675e-09	2.985020e+01	5.786461e+02
2.000000e-06	4.228703e-06	8.767364e-09	2.944344e+01	5.751302e+02
2.010000e-06	4.168991e-06	8.725671e-09	2.902768e+01	5.715521e+02
2.020000e-06	4.107764e-06	8.667684e-09	2.860137e+01	5.678973e+02
2.030000e-06	4.044715e-06	8.655055e-09	2.816237e+01	5.641311e+02
2.040000e-06	3.980232e-06	8.494264e-09	2.771340e+01	5.602226e+02
2.050000e-06	3.914348e-06	8.482641e-09	2.725466e+01	5.561567e+02
2.060000e-06	3.847210e-06	8.432358e-09	2.678720e+01	5.519293e+02
2.070000e-06	3.778724e-06	8.355060e-09	2.631035e+01	5.475326e+02
2.080000e-06	3.708494e-06	8.298912e-09	2.582135e+01	5.429476e+02
2.090000e-06	3.636876e-06	8.173885e-09	2.532269e+01	5.381514e+02
2.100000e-06	3.564079e-06	8.160540e-09	2.481583e+01	5.331356e+02
2.110000e-06	3.490071e-06	8.069098e-09	2.430053e+01	5.279198e+02
2.120000e-06	3.414771e-06	7.980615e-09	2.377623e+01	5.225483e+02
2.130000e-06	3.338023e-06	7.877910e-09	2.324185e+01	5.170679e+02
2.140000e-06	3.259837e-06	7.777892e-09	2.269746e+01	5.114988e+02
2.150000e-06	3.180368e-06	7.743834e-09	2.214414e+01	5.058198e+02
2.160000e-06	3.099854e-06	7.636349e-09	2.158354e+01	4.999756e+02
2.170000e-06	3.018310e-06	7.548359e-09	2.101577e+01	4.939055e+02
2.180000e-06	2.935776e-06	7.422437e-09	2.044110e+01	4.875725e+02
2.190000e-06	2.852354e-06	7.333323e-09	1.986025e+01	4.809777e+02
2.200000e-06	2.767941e-06	7.251441e-09	1.927251e+01	4.741520e+02
2.210000e-06	2.682301e-06	7.125914e-09	1.867622e+01	4.671331e+02
2.220000e-06	2.595468e-06	7.014046e-09	1.807162e+01	4.599444e+02
2.230000e-06	2.507797e-06	6.889508e-09	1.746118e+01	4.525875e+02
2.240000e-06	2.419428e-06	6.805615e-09	1.684589e+01	4.450481e+02
2.250000e-06	2.330285e-06	6.688334e-09	1.622522e+01	4.373061e+02
2.260000e-06	2.240372e-06	6.555062e-09	1.559917e+01	4.293393e+02
2.270000e-06	2.149689e-06	6.415891e-09	1.496776e+01	4.211212e+02
2.280000e-06	2.058324e-06	6.288472e-09	1.433161e+01	4.126185e+02
2.290000e-06	1.966392e-06	6.177412e-09	1.369151e+01	4.037989e+02
2.300000e-06	1.873749e-06	6.029582e-09	1.304646e+01	3.946484e+02
2.310000e-06	1.780114e-06	5.876210e-09	1.239450e+01	3.851858e+02
2.320000e-06	1.685593e-06	5.722163e-09	1.173638e+01	3.754602e+02
2.330000e-06	1.590467e-06	5.588640e-09	1.107404e+01	3.655246e+02
2.340000e-06	1.494939e-06	5.439326e-09	1.040890e+01	3.553975e+02
2.350000e-06	1.399050e-06	5.267099e-09	9.741249e+00	3.450374e+02
2.360000e-06	1.302630e-06	5.093383e-09	9.069901e+00	3.343510e+02
2.370000e-06	1.205678e-06	4.927876e-09	8.394846e+00	3.232354e+02
2.380000e-06	1.108380e-06	4.767182e-09	7.717381e+00	3.116336e+02
2.390000e-06	1.010832e-06	4.581358e-09	7.038181e+00	2.995669e+02
2.400000e-06	9.129205e-07	4.382059e-09	6.356446e+00	2.871232e+02
2.410000e-06	8.146225e-07	4.181653e-09	5.672020e+00	2.744032e+02
2.420000e-06	7.160934e-07	3.993157e-09	4.985986e+00	2.614562e+02
2.430000e-06	6.174748e-07	3.798428e-09	4.299328e+00	2.482437e+02
2.440000e-06	5.186667e-07	3.583959e-09	3.611352e+00	2.346533e+02
2.450000e-06	4.196030e-07	3.360361e-09	2.921595e+00	2.205535e+02
2.460000e-06	3.204420e-07	3.140277e-09	2.231160e+00	2.058573e+02
2.470000e-06	2.212171e-07	2.920409e-09	1.540282e+00	1.905573e+02
2.480000e-06	1.219136e-07	2.679364e-09	8.488552e-01	1.747143e+02
2.490000e-06	2.255162e-08	2.421038e-09	1.570215e-01	1.584106e+02
2.500000e-06	-7.678293e-08	2.159929e-09	-5.346210e-01	1.416990e+02
2.510000e-06	-1.760032e-07	1.907454e-09	-1.225468e+00	1.245746e+02
2.520000e-06	-2.751936e-07	1.649710e-09	-1.916107e+00	1.069830e+02
2.530000e-06	-3.743354e-07	1.371214e-09	-2.606407e+00	8.885288e+01
2.540000e-06	-4.733274e-07	1.078711e-09	-3.295664e+00	7.013026e+01
2.550000e-06	-5.721492e-07	7.839178e-10	-3.983737e+00	5.079917e+01
2.560000e-06	-6.707579e-07	4.878708e-10	-4.670325e+00	3.088276e+01
2.570000e-06	-7.691124e-07	1.789877e-10	-5.355144e+00	1.043374e+01
2.580000e-06	-8.671954e-07	-1.462329e-10	-6.038072e+00	-1.047601e+01
2.590000e-06	-9.649989e-07	-4.779621e-10	-6.719055e+00	-3.176260e+01
2.600000e-06	-1.062516e-06	-8.036689e-10	-7.398045e+00	-5.333634e+01
2.610000e-06	-1.159715e-06	-1.128742e-09	-8.074815e+00	-7.511042e+01
2.620000e-06	-1.256505e-06	-1.463245e-09	-8.748741e+00	-9.700952e+01
2.630000e-06	-1.352776e-06	-1.804867e-09	-9.419055e+00	-1.189711e+02
2.640000e-06	-1.448582e-06	-2.141374e-09	-1.008613e+01	-1.409333e+02
2.650000e-06	-1.544102e-06	-2.468385e-09	-1.075121e+01	-1.628129e+02
2.660000e-06	-1.639319e-06	-2.795574e-09	-1.141419e+01	-1.844876e+02
2.670000e-06	-1.733950e-06	-3.124994e-09	-1.207308e+01	-2.057968e+02
2.680000e-06	-1.827682e-06	-3.446749e-09	-1.272571e+01	-2.265697e+02
2.690000e-06	-1.920459e-06	-3.751959e-09	-1.337170e+01	-2.466676e+02
2.700000e-06	-2.012422e-06	-4.042313e-09	-1.401201e+01	-2.660192e+02
2.710000e-06	-2.103727e-06	-4.326550e-09	-1.464775e+01	-2.846269e+02
2.720000e-06	-2.194372e-06	-4.606024e-09	-1.527889e+01	-3.025387e+02
2.730000e-06	-2.284211e-06	-4.872969e-09	-1.590441e+01	-3.198009e+02
2.740000e-06	-2.373170e-06	-5.124845e-09	-1.652381e+01	-3.364183e+02
2.750000e-06	-2.461311e-06	-5.365672e-09	-1.713752e+01	-3.523459e+02
2.760000e-06	-2.548828e-06	-5.600424e-09	-1.774688e+01	-3.675137e+02
2.770000e-06	-2.635600e-06	-5.825901e-09	-1.835105e+01	-3.818705e+02
2.780000e-06	-2.721188e-06	-6.031434e-09	-1.894698e+01	-3.954189e+02
2.790000e-06	-2.805506e-06	-6.219624e-09	-1.953406e+01	-4.082216e+02
2.800000e-06	-2.888846e-06	-6.402859e-09	-2.011434e+01	-4.203777e+02
2.810000e-06	-2.971314e-06	-6.585967e-09	-2.068854e+01	-4.319823e+02
2.820000e-06	-3.052783e-06	-6.760510e-09	-2.125579e+01	-4.430935e+02
2.830000e-06	-3.133227e-06	-6.919996e-09	-2.181590e+01	-4.537215e+02
2.840000e-06	-3.212747e-06	-7.069827e-09	-2.236958e+01	-4.638425e+02
2.850000e-06	-3.291103e-06	-7.217250e-09	-2.291515e+01	-4.734274e+02
2.860000e-06	-3.367990e-06	-7.359575e-09	-2.345050e+01	-4.824674e+02
2.870000e-06	-3.443376e-06	-7.489001e-09	-2.397540e+01	-4.909861e+02
2.880000e-06	-3.517409e-06	-7.607327e-09	-2.449087e+01	-4.990351e+02
2.890000e-06	-3.590222e-06	-7.721874e-09	-2.499785e+01	-5.066759e+02
2.900000e-06	-3.661882e-06	-7.838159e-09	-2.549680e+01	-5.139606e+02
2.910000e-06	-3.732296e-06	-7.948363e-09	-2.598708e+01	-5.209184e+02
2.920000e-06	-3.801146e-06	-8.047926e-09	-2.646646e+01	-5.275534e+02
2.930000e-06	-3.868535e-06	-8.141192e-09	-2.693568e+01	-5.338549e+02
2.940000e-06	-3.934679e-06	-8.232164e-09	-2.739622e+01	-5.398127e+02
2.950000e-06	-3.999512e-06	-8.321009e-09	-2.784764e+01	-5.454314e+02
2.960000e-06	-4.062995e-06	-8.402219e-09	-2.828965e+01	-5.507346e+02
2.970000e-06	-4.124985e-06	-8.475786e-09	-2.872127e+01	-5.557580e+02
2.980000e-06	-4.185302e-06	-8.547164e-09	-2.914125e+01	-5.605353e+02
2.990000e-06	-4.244132e-06	-8.620195e-09	-2.955087e+01	-5.650855e+02
3.000000e-06	-4.301597e-06	-8.690828e-09	-2.995099e+01	-5.694116e+02
3.010000e-06	-4.357589e-06	-8.753449e-09	-3.034084e+01	-5.735108e+02
3.020000e-06	-4.411977e-06	-8.808059e-09	-3.071953e+01	-5.773905e+02
3.030000e-06	-4.464520e-06	-8.862598e-09	-3.108538e+01	-5.810772e+02
3.040000e-06	-4.515195e-06	-8.920943e-09	-3.143821e+01	-5.846095e+02
3.050000e-06	-4.564039e-06	-8.976587e-09	-3.177831e+01	-5.880189e+02
3.060000e-06	-4.610890e-06	-9.023373e-09	-3.210452e+01	-5.913092e+02
3.070000e-06	-4.656093e-06	-9.067260e-09	-3.241925e+01	-5.944513e+02
3.080000e-06	-4.699941e-06	-9.113485e-09	-3.272456e+01	-5.974001e+02
3.090000e-06	-4.742296e-06	-9.160223e-09	-3.301946e+01	-6.001248e+02
3.100000e-06	-4.783106e-06	-9.200926e-09	-3.330361e+01	-6.026338e+02
3.110000e-06	-4.822419e-06	-9.233162e-09	-3.357734e+01	-6.049762e+02
3.120000e-06	-4.859984e-06	-9.265283e-09	-3.383890e+01	-6.072159e+02
3.130000e-06	-4.895599e-06	-9.303769e-09	-3.408688e+01	-6.093937e+02
3.140000e-06	-4.929525e-06	-9.340510e-09	-3.432310e+01	-6.115000e+02
3.150000e-06	-4.961856e-06	-9.367310e-09	-3.454821e+01	-6.134801e+02
3.160000e-06	-4.992462e-06	-9.389488e-09	-3.476131e+01	-6.152673e+02
3.170000e-06	-5.021118e-06	-9.415694e-09	-3.496084e+01	-6.168262e+02
3.180000e-06	-5.048013e-06	-9.441960e-09	-3.514810e+01	-6.181784e+02
3.190000e-06	-5.073270e-06	-9.461865e-09	-3.532396e+01	-6.193926e+02
3.200000e-06	-5.096835e-06	-9.475733e-09	-3.548803e+01	-6.205466e+02
3.210000e-06	-5.118511e-06	-9.489895e-09	-3.563896e+01	-6.216837e+02
3.220000e-06	-5.138196e-06	-9.509741e-09	-3.577602e+01	-6.227910e+02
3.230000e-06	-5.156174e-06	-9.529113e-09	-3.590120e+01	-6.238125e+02
3.240000e-06	-5.172460e-06	-9.541798e-09	-3.601459e+01	-6.246863e+02
3.250000e-06	-5.186773e-06	-9.549874e-09	-3.611425e+01	-6.253822e+02
3.260000e-06	-5.198924e-06	-9.558156e-09	-3.619885e+01	-6.259165e+02
3.270000e-06	-5.209097e-06	-9.567328e-09	-3.626969e+01	-6.263375e+02
3.280000e-06	-5.217551e-06	-9.574066e-09	-3.632855e+01	-6.266930e+02
3.290000e-06	-5.224230e-06	-9.574148e-09	-3.637505e+01	-6.270042e+02
3.300000e-06	-5.228864e-06	-9.574802e-09	-3.640732e+01	-6.272593e+02
3.310000e-06	-5.231630e-06	-9.578864e-09	-3.642658e+01	-6.274291e+02
3.320000e-06	-5.232739e-06	-9.583038e-09	-3.643430e+01	-6.274909e+02
