# Temperatura_=_20.0
# Concentracion g/m^3_=_10000.0
# C_Vs_to_Am_M_A/Vsm_=_65563218390.804596
# pendiente_HvsI_1/m_=_3716.3
# ordenada_HvsI_A/m_=_1297.0
# frecuencia_Hz_=_300938.9426677872

Tiempo_(s)	Campo_(V.s)	Magnetizacion_(V.s)	Campo_(kA/m)	Magnetizacion_(A/m)
0.000000e+00	-5.252311e-06	-9.638639e-09	-3.642914e+01	-6.314552e+02
1.000000e-08	-5.251336e-06	-9.638392e-09	-3.642237e+01	-6.313044e+02
2.000000e-08	-5.248421e-06	-9.634981e-09	-3.640216e+01	-6.311299e+02
3.000000e-08	-5.243693e-06	-9.630377e-09	-3.636936e+01	-6.309264e+02
4.000000e-08	-5.237402e-06	-9.626949e-09	-3.632573e+01	-6.306619e+02
5.000000e-08	-5.229618e-06	-9.624009e-09	-3.627174e+01	-6.302905e+02
6.000000e-08	-5.220103e-06	-9.616662e-09	-3.620575e+01	-6.297727e+02
7.000000e-08	-5.208552e-06	-9.600956e-09	-3.612563e+01	-6.290908e+02
8.000000e-08	-5.195077e-06	-9.574487e-09	-3.603218e+01	-6.282554e+02
9.000000e-08	-5.179453e-06	-9.559651e-09	-3.592381e+01	-6.272994e+02
1.000000e-07	-5.161475e-06	-9.581499e-09	-3.579912e+01	-6.262650e+02
1.100000e-07	-5.141489e-06	-9.573728e-09	-3.566050e+01	-6.251870e+02
1.200000e-07	-5.119787e-06	-9.542722e-09	-3.550997e+01	-6.240820e+02
1.300000e-07	-5.096533e-06	-9.521259e-09	-3.534869e+01	-6.229468e+02
1.400000e-07	-5.072006e-06	-9.448087e-09	-3.517858e+01	-6.217670e+02
1.500000e-07	-5.045882e-06	-9.477237e-09	-3.499738e+01	-6.205312e+02
1.600000e-07	-5.017927e-06	-9.499103e-09	-3.480349e+01	-6.192425e+02
1.700000e-07	-4.988431e-06	-9.381465e-09	-3.459891e+01	-6.179155e+02
1.800000e-07	-4.957217e-06	-9.406748e-09	-3.438241e+01	-6.165614e+02
1.900000e-07	-4.924169e-06	-9.419161e-09	-3.415320e+01	-6.151665e+02
2.000000e-07	-4.889454e-06	-9.330551e-09	-3.391242e+01	-6.136816e+02
2.100000e-07	-4.853084e-06	-9.361673e-09	-3.366016e+01	-6.120341e+02
2.200000e-07	-4.814935e-06	-9.313544e-09	-3.339557e+01	-6.101610e+02
2.300000e-07	-4.775097e-06	-9.218263e-09	-3.311926e+01	-6.080455e+02
2.400000e-07	-4.733472e-06	-9.230429e-09	-3.283056e+01	-6.057325e+02
2.500000e-07	-4.689970e-06	-9.197752e-09	-3.252884e+01	-6.033061e+02
2.600000e-07	-4.644678e-06	-9.174746e-09	-3.221470e+01	-6.008397e+02
2.700000e-07	-4.597636e-06	-9.129023e-09	-3.188842e+01	-5.983452e+02
2.800000e-07	-4.549040e-06	-9.059123e-09	-3.155137e+01	-5.957581e+02
2.900000e-07	-4.498530e-06	-9.044328e-09	-3.120104e+01	-5.929716e+02
3.000000e-07	-4.445908e-06	-8.995713e-09	-3.083607e+01	-5.899055e+02
3.100000e-07	-4.391533e-06	-8.931022e-09	-3.045893e+01	-5.865658e+02
3.200000e-07	-4.335699e-06	-8.871548e-09	-3.007167e+01	-5.830562e+02
3.300000e-07	-4.278491e-06	-8.826977e-09	-2.967489e+01	-5.795264e+02
3.400000e-07	-4.219647e-06	-8.801810e-09	-2.926675e+01	-5.760862e+02
3.500000e-07	-4.159182e-06	-8.746479e-09	-2.884738e+01	-5.727350e+02
3.600000e-07	-4.097203e-06	-8.682800e-09	-2.841750e+01	-5.693527e+02
3.700000e-07	-4.033864e-06	-8.603646e-09	-2.797820e+01	-5.657595e+02
3.800000e-07	-3.969259e-06	-8.544025e-09	-2.753010e+01	-5.618111e+02
3.900000e-07	-3.903056e-06	-8.510222e-09	-2.707093e+01	-5.574730e+02
4.000000e-07	-3.835185e-06	-8.431703e-09	-2.660019e+01	-5.528319e+02
4.100000e-07	-3.765949e-06	-8.353957e-09	-2.611998e+01	-5.480403e+02
4.200000e-07	-3.695544e-06	-8.282235e-09	-2.563167e+01	-5.432300e+02
4.300000e-07	-3.624049e-06	-8.218447e-09	-2.513579e+01	-5.384463e+02
4.400000e-07	-3.551289e-06	-8.146841e-09	-2.463114e+01	-5.336359e+02
4.500000e-07	-3.476887e-06	-8.051755e-09	-2.411510e+01	-5.286890e+02
4.600000e-07	-3.400892e-06	-7.960537e-09	-2.358801e+01	-5.235014e+02
4.700000e-07	-3.323650e-06	-7.884797e-09	-2.305228e+01	-5.180215e+02
4.800000e-07	-3.245166e-06	-7.820326e-09	-2.250792e+01	-5.122576e+02
4.900000e-07	-3.165209e-06	-7.729507e-09	-2.195335e+01	-5.062546e+02
5.000000e-07	-3.083885e-06	-7.620529e-09	-2.138930e+01	-5.000620e+02
5.100000e-07	-3.001465e-06	-7.516747e-09	-2.081765e+01	-4.937126e+02
5.200000e-07	-2.918160e-06	-7.427455e-09	-2.023986e+01	-4.872196e+02
5.300000e-07	-2.834091e-06	-7.339713e-09	-1.965677e+01	-4.805822e+02
5.400000e-07	-2.749166e-06	-7.231284e-09	-1.906775e+01	-4.737876e+02
5.500000e-07	-2.663289e-06	-7.112880e-09	-1.847212e+01	-4.668082e+02
5.600000e-07	-2.576468e-06	-7.006823e-09	-1.786995e+01	-4.596006e+02
5.700000e-07	-2.488911e-06	-6.904540e-09	-1.726266e+01	-4.521161e+02
5.800000e-07	-2.400682e-06	-6.785239e-09	-1.665072e+01	-4.443227e+02
5.900000e-07	-2.311412e-06	-6.650268e-09	-1.603156e+01	-4.362243e+02
6.000000e-07	-2.220995e-06	-6.516641e-09	-1.540445e+01	-4.278634e+02
6.100000e-07	-2.129737e-06	-6.396160e-09	-1.477150e+01	-4.192994e+02
6.200000e-07	-2.037834e-06	-6.275918e-09	-1.413407e+01	-4.105745e+02
6.300000e-07	-1.945267e-06	-6.138923e-09	-1.349204e+01	-4.016871e+02
6.400000e-07	-1.852002e-06	-5.985623e-09	-1.284517e+01	-3.925906e+02
6.500000e-07	-1.758080e-06	-5.837321e-09	-1.219374e+01	-3.832183e+02
6.600000e-07	-1.663561e-06	-5.696991e-09	-1.153817e+01	-3.735174e+02
6.700000e-07	-1.568497e-06	-5.549408e-09	-1.087883e+01	-3.634685e+02
6.800000e-07	-1.472942e-06	-5.386859e-09	-1.021607e+01	-3.530800e+02
6.900000e-07	-1.376927e-06	-5.218068e-09	-9.550130e+00	-3.423652e+02
7.000000e-07	-1.280513e-06	-5.056124e-09	-8.881421e+00	-3.313201e+02
7.100000e-07	-1.183617e-06	-4.889880e-09	-8.209365e+00	-3.199224e+02
7.200000e-07	-1.086123e-06	-4.708522e-09	-7.533163e+00	-3.081497e+02
7.300000e-07	-9.880896e-07	-4.513567e-09	-6.853222e+00	-2.960034e+02
7.400000e-07	-8.895947e-07	-4.320821e-09	-6.170078e+00	-2.835145e+02
7.500000e-07	-7.907183e-07	-4.133928e-09	-5.484288e+00	-2.707234e+02
7.600000e-07	-6.914684e-07	-3.938960e-09	-4.795908e+00	-2.576427e+02
7.700000e-07	-5.919528e-07	-3.729599e-09	-4.105684e+00	-2.442285e+02
7.800000e-07	-4.922838e-07	-3.510523e-09	-3.414397e+00	-2.303821e+02
7.900000e-07	-3.924746e-07	-3.292083e-09	-2.722137e+00	-2.159871e+02
8.000000e-07	-2.925956e-07	-3.071455e-09	-2.029393e+00	-2.009632e+02
8.100000e-07	-1.926041e-07	-2.834364e-09	-1.335869e+00	-1.853069e+02
8.200000e-07	-9.250494e-08	-2.578542e-09	-6.415986e-01	-1.690946e+02
8.300000e-07	7.567833e-09	-2.321227e-09	5.248921e-02	-1.524441e+02
8.400000e-07	1.076022e-07	-2.066932e-09	7.463105e-01	-1.354522e+02
8.500000e-07	2.076226e-07	-1.806086e-09	1.440035e+00	-1.181400e+02
8.600000e-07	3.075917e-07	-1.531333e-09	2.133404e+00	-1.004334e+02
8.700000e-07	4.074713e-07	-1.245745e-09	2.826152e+00	-8.218920e+01
8.800000e-07	5.072691e-07	-9.597401e-10	3.518333e+00	-6.325688e+01
8.900000e-07	6.069504e-07	-6.671541e-10	4.209705e+00	-4.354919e+01
9.000000e-07	7.064344e-07	-3.562280e-10	4.899710e+00	-2.309127e+01
9.100000e-07	8.057337e-07	-2.779312e-11	5.588432e+00	-2.025211e+00
9.200000e-07	9.046988e-07	3.034902e-10	6.274838e+00	1.943427e+01
9.300000e-07	1.003106e-06	6.292569e-10	6.957374e+00	4.107585e+01
9.400000e-07	1.100930e-06	9.546192e-10	7.635861e+00	6.276601e+01
9.500000e-07	1.198182e-06	1.287462e-09	8.310390e+00	8.448582e+01
9.600000e-07	1.294908e-06	1.626321e-09	8.981262e+00	1.063089e+02
9.700000e-07	1.391186e-06	1.962253e-09	9.649028e+00	1.283262e+02
9.800000e-07	1.487040e-06	2.296021e-09	1.031386e+01	1.505532e+02
9.900000e-07	1.582424e-06	2.634870e-09	1.097543e+01	1.728653e+02
1.000000e-06	1.677304e-06	2.977983e-09	1.163350e+01	1.950008e+02
1.010000e-06	1.771631e-06	3.311044e-09	1.228774e+01	2.166329e+02
1.020000e-06	1.865356e-06	3.624161e-09	1.293779e+01	2.374808e+02
1.030000e-06	1.958454e-06	3.923729e-09	1.358350e+01	2.574023e+02
1.040000e-06	2.050967e-06	4.216844e-09	1.422516e+01	2.764236e+02
1.050000e-06	2.142962e-06	4.501117e-09	1.486322e+01	2.946898e+02
1.060000e-06	2.234268e-06	4.770802e-09	1.549651e+01	3.123666e+02
1.070000e-06	2.324399e-06	5.025256e-09	1.612164e+01	3.295435e+02
1.080000e-06	2.413315e-06	5.273181e-09	1.673834e+01	3.461897e+02
1.090000e-06	2.501487e-06	5.518576e-09	1.734989e+01	3.621774e+02
1.100000e-06	2.589013e-06	5.753714e-09	1.795695e+01	3.773560e+02
1.110000e-06	2.675646e-06	5.971803e-09	1.855783e+01	3.916302e+02
1.120000e-06	2.761327e-06	6.174154e-09	1.915210e+01	4.050041e+02
1.130000e-06	2.846115e-06	6.367015e-09	1.974017e+01	4.175731e+02
1.140000e-06	2.930073e-06	6.552542e-09	2.032249e+01	4.294764e+02
1.150000e-06	3.013056e-06	6.726270e-09	2.089805e+01	4.408406e+02
1.160000e-06	3.094868e-06	6.887222e-09	2.146548e+01	4.517425e+02
1.170000e-06	3.175611e-06	7.042182e-09	2.202550e+01	4.622036e+02
1.180000e-06	3.255231e-06	7.196272e-09	2.257773e+01	4.722087e+02
1.190000e-06	3.333611e-06	7.347649e-09	2.312136e+01	4.817327e+02
1.200000e-06	3.410759e-06	7.487236e-09	2.365645e+01	4.907613e+02
1.210000e-06	3.486728e-06	7.613969e-09	2.418336e+01	4.992973e+02
1.220000e-06	3.561239e-06	7.738224e-09	2.470015e+01	5.073575e+02
1.230000e-06	3.634159e-06	7.858320e-09	2.520591e+01	5.149658e+02
1.240000e-06	3.705804e-06	7.968052e-09	2.570282e+01	5.221492e+02
1.250000e-06	3.776182e-06	8.067456e-09	2.619096e+01	5.289381e+02
1.260000e-06	3.845275e-06	8.161890e-09	2.667017e+01	5.353689e+02
1.270000e-06	3.913213e-06	8.257650e-09	2.714138e+01	5.414861e+02
1.280000e-06	3.979644e-06	8.351600e-09	2.760213e+01	5.473386e+02
1.290000e-06	4.044393e-06	8.438385e-09	2.805122e+01	5.529686e+02
1.300000e-06	4.107738e-06	8.518361e-09	2.849057e+01	5.583970e+02
1.310000e-06	4.169787e-06	8.596202e-09	2.892093e+01	5.636115e+02
1.320000e-06	4.230606e-06	8.673635e-09	2.934276e+01	5.685668e+02
1.330000e-06	4.290077e-06	8.745550e-09	2.975525e+01	5.732042e+02
1.340000e-06	4.347848e-06	8.806981e-09	3.015593e+01	5.774847e+02
1.350000e-06	4.403903e-06	8.862627e-09	3.054473e+01	5.814213e+02
1.360000e-06	4.458441e-06	8.920053e-09	3.092299e+01	5.850916e+02
1.370000e-06	4.511320e-06	8.978147e-09	3.128975e+01	5.886151e+02
1.380000e-06	4.562213e-06	9.032332e-09	3.164274e+01	5.921025e+02
1.390000e-06	4.611120e-06	9.081283e-09	3.198194e+01	5.956008e+02
1.400000e-06	4.658376e-06	9.132216e-09	3.230971e+01	5.990644e+02
1.410000e-06	4.704139e-06	9.187311e-09	3.262711e+01	6.023735e+02
1.420000e-06	4.748408e-06	9.236209e-09	3.293415e+01	6.053941e+02
1.430000e-06	4.790852e-06	9.272750e-09	3.322854e+01	6.080486e+02
1.440000e-06	4.831421e-06	9.302945e-09	3.350992e+01	6.103591e+02
1.450000e-06	4.870400e-06	9.335174e-09	3.378027e+01	6.124374e+02
1.460000e-06	4.907803e-06	9.369732e-09	3.403969e+01	6.144279e+02
1.470000e-06	4.943546e-06	9.400250e-09	3.428760e+01	6.164355e+02
1.480000e-06	4.977397e-06	9.425765e-09	3.452238e+01	6.184785e+02
1.490000e-06	5.009383e-06	9.453796e-09	3.474423e+01	6.204903e+02
1.500000e-06	5.039704e-06	9.485458e-09	3.495453e+01	6.223646e+02
1.510000e-06	5.068464e-06	9.513854e-09	3.515401e+01	6.240157e+02
1.520000e-06	5.095467e-06	9.534788e-09	3.534130e+01	6.254180e+02
1.530000e-06	5.120430e-06	9.550468e-09	3.551443e+01	6.266089e+02
1.540000e-06	5.143508e-06	9.565899e-09	3.567450e+01	6.276584e+02
1.550000e-06	5.164948e-06	9.580967e-09	3.582320e+01	6.286312e+02
1.560000e-06	5.184830e-06	9.595563e-09	3.596110e+01	6.295611e+02
1.570000e-06	5.202890e-06	9.609693e-09	3.608636e+01	6.304494e+02
1.580000e-06	5.218907e-06	9.622377e-09	3.619745e+01	6.312790e+02
1.590000e-06	5.233007e-06	9.634083e-09	3.629525e+01	6.320295e+02
1.600000e-06	5.245165e-06	9.643791e-09	3.637957e+01	6.326845e+02
1.610000e-06	5.255140e-06	9.651713e-09	3.644876e+01	6.332289e+02
1.620000e-06	5.263122e-06	9.658232e-09	3.650412e+01	6.336462e+02
1.630000e-06	5.269391e-06	9.662580e-09	3.654760e+01	6.339217e+02
1.640000e-06	5.273932e-06	9.665426e-09	3.657910e+01	6.340523e+02
1.650000e-06	5.276573e-06	9.666735e-09	3.659742e+01	6.340544e+02
1.660000e-06	5.277212e-06	9.666134e-09	3.660185e+01	6.339626e+02
1.670000e-06	5.276113e-06	9.663561e-09	3.659423e+01	6.338173e+02
1.680000e-06	5.273471e-06	9.657329e-09	3.657590e+01	6.336460e+02
1.690000e-06	5.269155e-06	9.652702e-09	3.654597e+01	6.334489e+02
1.700000e-06	5.262917e-06	9.649498e-09	3.650270e+01	6.331980e+02
1.710000e-06	5.254881e-06	9.645281e-09	3.644697e+01	6.328485e+02
1.720000e-06	5.245320e-06	9.638424e-09	3.638065e+01	6.323584e+02
1.730000e-06	5.234103e-06	9.633012e-09	3.630285e+01	6.317054e+02
1.740000e-06	5.220916e-06	9.644475e-09	3.621139e+01	6.308949e+02
1.750000e-06	5.205676e-06	9.607195e-09	3.610569e+01	6.299570e+02
1.760000e-06	5.188159e-06	9.559128e-09	3.598419e+01	6.289331e+02
1.770000e-06	5.167948e-06	9.546343e-09	3.584401e+01	6.278605e+02
1.780000e-06	5.145450e-06	9.521360e-09	3.568797e+01	6.267596e+02
1.790000e-06	5.121818e-06	9.576056e-09	3.552406e+01	6.256303e+02
1.800000e-06	5.097582e-06	9.540680e-09	3.535596e+01	6.244590e+02
1.810000e-06	5.071860e-06	9.424378e-09	3.517756e+01	6.232330e+02
1.820000e-06	5.044025e-06	9.520150e-09	3.498450e+01	6.219523e+02
1.830000e-06	5.014690e-06	9.494814e-09	3.478104e+01	6.206305e+02
1.840000e-06	4.983600e-06	9.400390e-09	3.456540e+01	6.192808e+02
1.850000e-06	4.950279e-06	9.473567e-09	3.433430e+01	6.178953e+02
1.860000e-06	4.915334e-06	9.379155e-09	3.409192e+01	6.164310e+02
1.870000e-06	4.878681e-06	9.318286e-09	3.383770e+01	6.148174e+02
1.880000e-06	4.840149e-06	9.411640e-09	3.357045e+01	6.129870e+02
1.890000e-06	4.799986e-06	9.343282e-09	3.329189e+01	6.109127e+02
1.900000e-06	4.758032e-06	9.301862e-09	3.300090e+01	6.086289e+02
1.910000e-06	4.714620e-06	9.257265e-09	3.269981e+01	6.062158e+02
1.920000e-06	4.669688e-06	9.181014e-09	3.238817e+01	6.037529e+02
1.930000e-06	4.622781e-06	9.221174e-09	3.206283e+01	6.012657e+02
1.940000e-06	4.574251e-06	9.123518e-09	3.172623e+01	5.987020e+02
1.950000e-06	4.524090e-06	9.076800e-09	3.137832e+01	5.959582e+02
1.960000e-06	4.472153e-06	9.068656e-09	3.101809e+01	5.929441e+02
1.970000e-06	4.418424e-06	8.998886e-09	3.064544e+01	5.896476e+02
1.980000e-06	4.362857e-06	8.997262e-09	3.026003e+01	5.861571e+02
1.990000e-06	4.305738e-06	8.873525e-09	2.986387e+01	5.826201e+02
2.000000e-06	4.247210e-06	8.811945e-09	2.945793e+01	5.791597e+02
2.010000e-06	4.187345e-06	8.790993e-09	2.904271e+01	5.757979e+02
2.020000e-06	4.125883e-06	8.728415e-09	2.861643e+01	5.724333e+02
2.030000e-06	4.062709e-06	8.725727e-09	2.817826e+01	5.688901e+02
2.040000e-06	3.998056e-06	8.614100e-09	2.772984e+01	5.650110e+02
2.050000e-06	3.931976e-06	8.556243e-09	2.727152e+01	5.607387e+02
2.060000e-06	3.864692e-06	8.499823e-09	2.680485e+01	5.561408e+02
2.070000e-06	3.796038e-06	8.406606e-09	2.632867e+01	5.513642e+02
2.080000e-06	3.725695e-06	8.348983e-09	2.584079e+01	5.465504e+02
2.090000e-06	3.653938e-06	8.238945e-09	2.534309e+01	5.417628e+02
2.100000e-06	3.580940e-06	8.201202e-09	2.483679e+01	5.369640e+02
2.110000e-06	3.506702e-06	8.136641e-09	2.432189e+01	5.320495e+02
2.120000e-06	3.431076e-06	8.060176e-09	2.379736e+01	5.269101e+02
2.130000e-06	3.353923e-06	7.967529e-09	2.326224e+01	5.214828e+02
2.140000e-06	3.275484e-06	7.849483e-09	2.271820e+01	5.157664e+02
2.150000e-06	3.195868e-06	7.789004e-09	2.216600e+01	5.098018e+02
2.160000e-06	3.115064e-06	7.692214e-09	2.160555e+01	5.036395e+02
2.170000e-06	3.033183e-06	7.599766e-09	2.103764e+01	4.973161e+02
2.180000e-06	2.950400e-06	7.477573e-09	2.046347e+01	4.908480e+02
2.190000e-06	2.866719e-06	7.377336e-09	1.988308e+01	4.842364e+02
2.200000e-06	2.781971e-06	7.298921e-09	1.929528e+01	4.774710e+02
2.210000e-06	2.696090e-06	7.184527e-09	1.869962e+01	4.705269e+02
2.220000e-06	2.609147e-06	7.069210e-09	1.809660e+01	4.633631e+02
2.230000e-06	2.521240e-06	6.938289e-09	1.748689e+01	4.559308e+02
2.240000e-06	2.432500e-06	6.839990e-09	1.687141e+01	4.481930e+02
2.250000e-06	2.343034e-06	6.724821e-09	1.625089e+01	4.401464e+02
2.260000e-06	2.252784e-06	6.591349e-09	1.562493e+01	4.318275e+02
2.270000e-06	2.161825e-06	6.447607e-09	1.499405e+01	4.232952e+02
2.280000e-06	2.070263e-06	6.310338e-09	1.435899e+01	4.145973e+02
2.290000e-06	1.977934e-06	6.197341e-09	1.371862e+01	4.057407e+02
2.300000e-06	1.884732e-06	6.059765e-09	1.307218e+01	3.966858e+02
2.310000e-06	1.790654e-06	5.910906e-09	1.241967e+01	3.873669e+02
2.320000e-06	1.695856e-06	5.752356e-09	1.176217e+01	3.777267e+02
2.330000e-06	1.600563e-06	5.609937e-09	1.110123e+01	3.677393e+02
2.340000e-06	1.504796e-06	5.463733e-09	1.043701e+01	3.574098e+02
2.350000e-06	1.408503e-06	5.292647e-09	9.769139e+00	3.467524e+02
2.360000e-06	1.311698e-06	5.113167e-09	9.097716e+00	3.357671e+02
2.370000e-06	1.214437e-06	4.936844e-09	8.423128e+00	3.244338e+02
2.380000e-06	1.116819e-06	4.772856e-09	7.746069e+00	3.127284e+02
2.390000e-06	1.018939e-06	4.593566e-09	7.067185e+00	3.006467e+02
2.400000e-06	9.206647e-07	4.396958e-09	6.385574e+00	2.882154e+02
2.410000e-06	8.220050e-07	4.194206e-09	5.701287e+00	2.754755e+02
2.420000e-06	7.231597e-07	3.999203e-09	5.015713e+00	2.624474e+02
2.430000e-06	6.242220e-07	3.806185e-09	4.329498e+00	2.490982e+02
2.440000e-06	5.251644e-07	3.595026e-09	3.642452e+00	2.353372e+02
2.450000e-06	4.259454e-07	3.368160e-09	2.954285e+00	2.210473e+02
2.460000e-06	3.266247e-07	3.136477e-09	2.265414e+00	2.061380e+02
2.470000e-06	2.272566e-07	2.908258e-09	1.576213e+00	1.905905e+02
2.480000e-06	1.278090e-07	2.669888e-09	8.864613e-01	1.744689e+02
2.490000e-06	2.826400e-08	2.411930e-09	1.960343e-01	1.578876e+02
2.500000e-06	-7.127536e-08	2.145847e-09	-4.943538e-01	1.409519e+02
2.510000e-06	-1.707481e-07	1.886221e-09	-1.184280e+00	1.236991e+02
2.520000e-06	-2.701459e-07	1.628652e-09	-1.873686e+00	1.060716e+02
2.530000e-06	-3.694652e-07	1.353445e-09	-2.562548e+00	8.793474e+01
2.540000e-06	-4.687134e-07	1.057924e-09	-3.250917e+00	6.913388e+01
2.550000e-06	-5.678581e-07	7.526189e-10	-3.938568e+00	4.956589e+01
2.560000e-06	-6.668356e-07	4.474793e-10	-4.625058e+00	2.923407e+01
2.570000e-06	-7.656219e-07	1.355930e-10	-5.310223e+00	8.261563e+00
2.580000e-06	-8.642014e-07	-1.926445e-10	-5.993955e+00	-1.314485e+01
2.590000e-06	-9.624481e-07	-5.291664e-10	-6.675377e+00	-3.476723e+01
2.600000e-06	-1.060309e-06	-8.614738e-10	-7.354125e+00	-5.645396e+01
2.610000e-06	-1.157811e-06	-1.184957e-09	-8.030379e+00	-7.816550e+01
2.620000e-06	-1.254982e-06	-1.513809e-09	-8.704343e+00	-9.996318e+01
2.630000e-06	-1.351764e-06	-1.856271e-09	-9.375604e+00	-1.219419e+02
2.640000e-06	-1.448046e-06	-2.200455e-09	-1.004340e+01	-1.441366e+02
2.650000e-06	-1.543783e-06	-2.538632e-09	-1.070742e+01	-1.664499e+02
2.660000e-06	-1.639088e-06	-2.870910e-09	-1.136844e+01	-1.886409e+02
2.670000e-06	-1.734050e-06	-3.202513e-09	-1.202708e+01	-2.103868e+02
2.680000e-06	-1.828446e-06	-3.528852e-09	-1.268179e+01	-2.313904e+02
2.690000e-06	-1.921920e-06	-3.836445e-09	-1.333011e+01	-2.514806e+02
2.700000e-06	-2.014297e-06	-4.122697e-09	-1.397083e+01	-2.706548e+02
2.710000e-06	-2.105821e-06	-4.398638e-09	-1.460562e+01	-2.890434e+02
2.720000e-06	-2.196769e-06	-4.674354e-09	-1.523642e+01	-3.068161e+02
2.730000e-06	-2.287012e-06	-4.946249e-09	-1.586233e+01	-3.240815e+02
2.740000e-06	-2.376393e-06	-5.204532e-09	-1.648226e+01	-3.408303e+02
2.750000e-06	-2.464897e-06	-5.445203e-09	-1.709611e+01	-3.569477e+02
2.760000e-06	-2.552632e-06	-5.677852e-09	-1.770462e+01	-3.722807e+02
2.770000e-06	-2.639725e-06	-5.904487e-09	-1.830868e+01	-3.867196e+02
2.780000e-06	-2.725872e-06	-6.111483e-09	-1.890619e+01	-4.002500e+02
2.790000e-06	-2.810720e-06	-6.296752e-09	-1.949467e+01	-4.129535e+02
2.800000e-06	-2.894438e-06	-6.472982e-09	-2.007533e+01	-4.249658e+02
2.810000e-06	-2.977273e-06	-6.652588e-09	-2.064986e+01	-4.364194e+02
2.820000e-06	-3.059121e-06	-6.829550e-09	-2.121755e+01	-4.474014e+02
2.830000e-06	-3.139932e-06	-6.991060e-09	-2.177804e+01	-4.579422e+02
2.840000e-06	-3.219780e-06	-7.139511e-09	-2.233185e+01	-4.680310e+02
2.850000e-06	-3.298588e-06	-7.283533e-09	-2.287844e+01	-4.776430e+02
2.860000e-06	-3.375948e-06	-7.425772e-09	-2.341501e+01	-4.867608e+02
2.870000e-06	-3.451743e-06	-7.559044e-09	-2.394070e+01	-4.953843e+02
2.880000e-06	-3.526209e-06	-7.677432e-09	-2.445719e+01	-5.035284e+02
2.890000e-06	-3.599341e-06	-7.787643e-09	-2.496442e+01	-5.112160e+02
2.900000e-06	-3.671238e-06	-7.901485e-09	-2.546308e+01	-5.184737e+02
2.910000e-06	-3.741983e-06	-8.013854e-09	-2.595376e+01	-5.253310e+02
2.920000e-06	-3.811194e-06	-8.114892e-09	-2.643379e+01	-5.318232e+02
2.930000e-06	-3.878863e-06	-8.203505e-09	-2.690314e+01	-5.379934e+02
2.940000e-06	-3.945285e-06	-8.288840e-09	-2.736383e+01	-5.438902e+02
2.950000e-06	-4.010376e-06	-8.378829e-09	-2.781529e+01	-5.495581e+02
2.960000e-06	-4.074179e-06	-8.466190e-09	-2.825782e+01	-5.550229e+02
2.970000e-06	-4.136590e-06	-8.544462e-09	-2.869069e+01	-5.602785e+02
2.980000e-06	-4.197269e-06	-8.616658e-09	-2.911155e+01	-5.652849e+02
2.990000e-06	-4.256373e-06	-8.689372e-09	-2.952148e+01	-5.699835e+02
3.000000e-06	-4.314152e-06	-8.761787e-09	-2.992223e+01	-5.743291e+02
3.010000e-06	-4.370485e-06	-8.824412e-09	-3.031294e+01	-5.783237e+02
3.020000e-06	-4.425206e-06	-8.875810e-09	-3.069248e+01	-5.820340e+02
3.030000e-06	-4.478019e-06	-8.926943e-09	-3.105878e+01	-5.855750e+02
3.040000e-06	-4.528930e-06	-8.983943e-09	-3.141189e+01	-5.890634e+02
3.050000e-06	-4.578033e-06	-9.042556e-09	-3.175246e+01	-5.925609e+02
3.060000e-06	-4.625170e-06	-9.093649e-09	-3.207940e+01	-5.960385e+02
3.070000e-06	-4.670662e-06	-9.138504e-09	-3.239492e+01	-5.993861e+02
3.080000e-06	-4.714757e-06	-9.185531e-09	-3.270075e+01	-6.024668e+02
3.090000e-06	-4.757346e-06	-9.232250e-09	-3.299614e+01	-6.051886e+02
3.100000e-06	-4.798435e-06	-9.270894e-09	-3.328113e+01	-6.075549e+02
3.110000e-06	-4.838044e-06	-9.300097e-09	-3.355585e+01	-6.096645e+02
3.120000e-06	-4.875893e-06	-9.327298e-09	-3.381837e+01	-6.116615e+02
3.130000e-06	-4.911794e-06	-9.362337e-09	-3.406737e+01	-6.136625e+02
3.140000e-06	-4.945995e-06	-9.399436e-09	-3.430458e+01	-6.157025e+02
3.150000e-06	-4.978641e-06	-9.428785e-09	-3.453101e+01	-6.177278e+02
3.160000e-06	-5.009538e-06	-9.452967e-09	-3.474531e+01	-6.196347e+02
3.170000e-06	-5.038441e-06	-9.478143e-09	-3.494577e+01	-6.213300e+02
3.180000e-06	-5.065492e-06	-9.503671e-09	-3.513339e+01	-6.227761e+02
3.190000e-06	-5.090831e-06	-9.526083e-09	-3.530914e+01	-6.240005e+02
3.200000e-06	-5.114457e-06	-9.540135e-09	-3.547301e+01	-6.250704e+02
3.210000e-06	-5.136238e-06	-9.549971e-09	-3.562408e+01	-6.260539e+02
3.220000e-06	-5.156086e-06	-9.564353e-09	-3.576174e+01	-6.269910e+02
3.230000e-06	-5.174208e-06	-9.581897e-09	-3.588743e+01	-6.278883e+02
3.240000e-06	-5.190687e-06	-9.597475e-09	-3.600173e+01	-6.287303e+02
3.250000e-06	-5.205257e-06	-9.607178e-09	-3.610278e+01	-6.294968e+02
3.260000e-06	-5.217620e-06	-9.614185e-09	-3.618853e+01	-6.301705e+02
3.270000e-06	-5.227920e-06	-9.623408e-09	-3.625997e+01	-6.307363e+02
3.280000e-06	-5.236452e-06	-9.632986e-09	-3.631914e+01	-6.311780e+02
3.290000e-06	-5.243241e-06	-9.637138e-09	-3.636623e+01	-6.314800e+02
3.300000e-06	-5.248024e-06	-9.636468e-09	-3.639941e+01	-6.316364e+02
3.310000e-06	-5.250907e-06	-9.634166e-09	-3.641940e+01	-6.316598e+02
3.320000e-06	-5.252148e-06	-9.635372e-09	-3.642801e+01	-6.315822e+02
