# Temperatura_=_20.0
# Concentracion g/m^3_=_10000.0
# C_Vs_to_Am_M_A/Vsm_=_65563218390.804596
# pendiente_HvsI_1/m_=_3716.3
# ordenada_HvsI_A/m_=_1297.0
# frecuencia_Hz_=_300941.87913097534

Tiempo_(s)	Campo_(V.s)	Magnetizacion_(V.s)	Campo_(kA/m)	Magnetizacion_(A/m)
0.000000e+00	-5.241975e-06	-9.548754e-09	-3.643145e+01	-6.258827e+02
1.000000e-08	-5.240845e-06	-9.544980e-09	-3.642360e+01	-6.256858e+02
2.000000e-08	-5.237850e-06	-9.537671e-09	-3.640278e+01	-6.253579e+02
3.000000e-08	-5.233130e-06	-9.530981e-09	-3.636998e+01	-6.249684e+02
4.000000e-08	-5.226835e-06	-9.526709e-09	-3.632623e+01	-6.245688e+02
5.000000e-08	-5.219015e-06	-9.521398e-09	-3.627188e+01	-6.241699e+02
6.000000e-08	-5.209502e-06	-9.512454e-09	-3.620576e+01	-6.237395e+02
7.000000e-08	-5.197943e-06	-9.501118e-09	-3.612543e+01	-6.232217e+02
8.000000e-08	-5.184470e-06	-9.486593e-09	-3.603179e+01	-6.225649e+02
9.000000e-08	-5.168844e-06	-9.477845e-09	-3.592319e+01	-6.217435e+02
1.000000e-07	-5.150772e-06	-9.479227e-09	-3.579759e+01	-6.207670e+02
1.100000e-07	-5.130666e-06	-9.466975e-09	-3.565786e+01	-6.196715e+02
1.200000e-07	-5.108860e-06	-9.442990e-09	-3.550631e+01	-6.185035e+02
1.300000e-07	-5.085566e-06	-9.411863e-09	-3.534441e+01	-6.173033e+02
1.400000e-07	-5.061037e-06	-9.377965e-09	-3.517394e+01	-6.160939e+02
1.500000e-07	-5.034884e-06	-9.383922e-09	-3.499218e+01	-6.148784e+02
1.600000e-07	-5.006908e-06	-9.365591e-09	-3.479775e+01	-6.136426e+02
1.700000e-07	-4.977406e-06	-9.316793e-09	-3.459271e+01	-6.123609e+02
1.800000e-07	-4.946167e-06	-9.317603e-09	-3.437560e+01	-6.110021e+02
1.900000e-07	-4.913131e-06	-9.293530e-09	-3.414600e+01	-6.095357e+02
2.000000e-07	-4.878472e-06	-9.253140e-09	-3.390512e+01	-6.079363e+02
2.100000e-07	-4.842143e-06	-9.254936e-09	-3.365264e+01	-6.061860e+02
2.200000e-07	-4.804019e-06	-9.209159e-09	-3.338768e+01	-6.042760e+02
2.300000e-07	-4.764180e-06	-9.157402e-09	-3.311080e+01	-6.022051e+02
2.400000e-07	-4.722578e-06	-9.145265e-09	-3.282166e+01	-5.999787e+02
2.500000e-07	-4.679083e-06	-9.107128e-09	-3.251938e+01	-5.976079e+02
2.600000e-07	-4.633770e-06	-9.069599e-09	-3.220446e+01	-5.951083e+02
2.700000e-07	-4.586757e-06	-9.017659e-09	-3.187772e+01	-5.924976e+02
2.800000e-07	-4.538166e-06	-8.970647e-09	-3.154001e+01	-5.897904e+02
2.900000e-07	-4.487646e-06	-8.953094e-09	-3.118890e+01	-5.869912e+02
3.000000e-07	-4.435060e-06	-8.906846e-09	-3.082344e+01	-5.840903e+02
3.100000e-07	-4.380725e-06	-8.851317e-09	-3.044581e+01	-5.810654e+02
3.200000e-07	-4.324882e-06	-8.799529e-09	-3.005770e+01	-5.778912e+02
3.300000e-07	-4.267709e-06	-8.749196e-09	-2.966035e+01	-5.745536e+02
3.400000e-07	-4.208983e-06	-8.707570e-09	-2.925221e+01	-5.710593e+02
3.500000e-07	-4.148588e-06	-8.650476e-09	-2.883247e+01	-5.674356e+02
3.600000e-07	-4.086715e-06	-8.586748e-09	-2.840245e+01	-5.637166e+02
3.700000e-07	-4.023480e-06	-8.519805e-09	-2.796298e+01	-5.599223e+02
3.800000e-07	-3.958961e-06	-8.469712e-09	-2.751457e+01	-5.560430e+02
3.900000e-07	-3.892910e-06	-8.425810e-09	-2.705552e+01	-5.520379e+02
4.000000e-07	-3.825194e-06	-8.352853e-09	-2.658490e+01	-5.478509e+02
4.100000e-07	-3.756054e-06	-8.279076e-09	-2.610438e+01	-5.434365e+02
4.200000e-07	-3.685694e-06	-8.208528e-09	-2.561538e+01	-5.387805e+02
4.300000e-07	-3.614202e-06	-8.143295e-09	-2.511852e+01	-5.339062e+02
4.400000e-07	-3.541440e-06	-8.068257e-09	-2.461282e+01	-5.288613e+02
4.500000e-07	-3.467082e-06	-7.977075e-09	-2.409604e+01	-5.236930e+02
4.600000e-07	-3.391135e-06	-7.895227e-09	-2.356821e+01	-5.184255e+02
4.700000e-07	-3.313947e-06	-7.821130e-09	-2.303176e+01	-5.130507e+02
4.800000e-07	-3.235565e-06	-7.745139e-09	-2.248701e+01	-5.075347e+02
4.900000e-07	-3.155772e-06	-7.650880e-09	-2.193245e+01	-5.018352e+02
5.000000e-07	-3.074599e-06	-7.549855e-09	-2.136830e+01	-4.959195e+02
5.100000e-07	-2.992310e-06	-7.457432e-09	-2.079640e+01	-4.897729e+02
5.200000e-07	-2.909134e-06	-7.370280e-09	-2.021833e+01	-4.833979e+02
5.300000e-07	-2.825154e-06	-7.278175e-09	-1.963467e+01	-4.768058e+02
5.400000e-07	-2.740364e-06	-7.171604e-09	-1.904539e+01	-4.700092e+02
5.500000e-07	-2.654664e-06	-7.062146e-09	-1.844978e+01	-4.630179e+02
5.600000e-07	-2.568027e-06	-6.954983e-09	-1.784765e+01	-4.558378e+02
5.700000e-07	-2.480574e-06	-6.843113e-09	-1.723986e+01	-4.484716e+02
5.800000e-07	-2.392320e-06	-6.722820e-09	-1.662650e+01	-4.409148e+02
5.900000e-07	-2.303178e-06	-6.597949e-09	-1.600697e+01	-4.331521e+02
6.000000e-07	-2.213051e-06	-6.477735e-09	-1.538059e+01	-4.251548e+02
6.100000e-07	-2.122055e-06	-6.362440e-09	-1.474817e+01	-4.168860e+02
6.200000e-07	-2.030308e-06	-6.239513e-09	-1.411054e+01	-4.083130e+02
6.300000e-07	-1.937841e-06	-6.100459e-09	-1.346790e+01	-3.994217e+02
6.400000e-07	-1.844730e-06	-5.951288e-09	-1.282078e+01	-3.902267e+02
6.500000e-07	-1.750945e-06	-5.804357e-09	-1.216898e+01	-3.807661e+02
6.600000e-07	-1.656531e-06	-5.660049e-09	-1.151280e+01	-3.710830e+02
6.700000e-07	-1.561636e-06	-5.510502e-09	-1.085329e+01	-3.611993e+02
6.800000e-07	-1.466286e-06	-5.354919e-09	-1.019061e+01	-3.510957e+02
6.900000e-07	-1.370410e-06	-5.198848e-09	-9.524278e+00	-3.407092e+02
7.000000e-07	-1.274006e-06	-5.041897e-09	-8.854273e+00	-3.299544e+02
7.100000e-07	-1.177153e-06	-4.873043e-09	-8.181148e+00	-3.187593e+02
7.200000e-07	-1.079849e-06	-4.689682e-09	-7.504896e+00	-3.071000e+02
7.300000e-07	-9.820942e-07	-4.500776e-09	-6.825503e+00	-2.950143e+02
7.400000e-07	-8.839707e-07	-4.314273e-09	-6.143550e+00	-2.825839e+02
7.500000e-07	-7.855037e-07	-4.125911e-09	-5.459210e+00	-2.698924e+02
7.600000e-07	-6.866857e-07	-3.927839e-09	-4.772430e+00	-2.569762e+02
7.700000e-07	-5.875049e-07	-3.722198e-09	-4.083128e+00	-2.437958e+02
7.800000e-07	-4.880790e-07	-3.513771e-09	-3.392123e+00	-2.302424e+02
7.900000e-07	-3.885301e-07	-3.302590e-09	-2.700263e+00	-2.161802e+02
8.000000e-07	-2.888097e-07	-3.081082e-09	-2.007212e+00	-2.015037e+02
8.100000e-07	-1.888883e-07	-2.844465e-09	-1.312763e+00	-1.861820e+02
8.200000e-07	-8.882930e-08	-2.598576e-09	-6.173589e-01	-1.702663e+02
8.300000e-07	1.125367e-08	-2.350887e-09	7.821240e-02	-1.538582e+02
8.400000e-07	1.112571e-07	-2.098557e-09	7.732312e-01	-1.370534e+02
8.500000e-07	2.111774e-07	-1.835302e-09	1.467672e+00	-1.198914e+02
8.600000e-07	3.110243e-07	-1.561598e-09	2.161602e+00	-1.023358e+02
8.700000e-07	4.107676e-07	-1.283947e-09	2.854813e+00	-8.429377e+01
8.800000e-07	5.103545e-07	-1.004299e-09	3.546937e+00	-6.566282e+01
8.900000e-07	6.097088e-07	-7.130323e-10	4.237444e+00	-4.638108e+01
9.000000e-07	7.088213e-07	-4.070112e-10	4.926271e+00	-2.645683e+01
9.100000e-07	8.076580e-07	-9.165813e-11	5.613180e+00	-5.966560e+00
9.200000e-07	9.060856e-07	2.270217e-10	6.297247e+00	1.497286e+01
9.300000e-07	1.004039e-06	5.483631e-10	6.978018e+00	3.624115e+01
9.400000e-07	1.101557e-06	8.766981e-10	7.655765e+00	5.774264e+01
9.500000e-07	1.198661e-06	1.209946e-09	8.330634e+00	7.941475e+01
9.600000e-07	1.295295e-06	1.542291e-09	9.002229e+00	1.012167e+02
9.700000e-07	1.391430e-06	1.872251e-09	9.670367e+00	1.231069e+02
9.800000e-07	1.487081e-06	2.204551e-09	1.033514e+01	1.450195e+02
9.900000e-07	1.582267e-06	2.541172e-09	1.099667e+01	1.668505e+02
1.000000e-06	1.677000e-06	2.875839e-09	1.165506e+01	1.884592e+02
1.010000e-06	1.771224e-06	3.199087e-09	1.230991e+01	2.096842e+02
1.020000e-06	1.864824e-06	3.509859e-09	1.296043e+01	2.303711e+02
1.030000e-06	1.957806e-06	3.815218e-09	1.360665e+01	2.504020e+02
1.040000e-06	2.050250e-06	4.113601e-09	1.424913e+01	2.697139e+02
1.050000e-06	2.142013e-06	4.398180e-09	1.488688e+01	2.882981e+02
1.060000e-06	2.232878e-06	4.666986e-09	1.551839e+01	3.061786e+02
1.070000e-06	2.322706e-06	4.924438e-09	1.614269e+01	3.233788e+02
1.080000e-06	2.411583e-06	5.175648e-09	1.676037e+01	3.398934e+02
1.090000e-06	2.499706e-06	5.417092e-09	1.737282e+01	3.556825e+02
1.100000e-06	2.587012e-06	5.644900e-09	1.797960e+01	3.706919e+02
1.110000e-06	2.673412e-06	5.859246e-09	1.858007e+01	3.848898e+02
1.120000e-06	2.758904e-06	6.064629e-09	1.917424e+01	3.982977e+02
1.130000e-06	2.843549e-06	6.261936e-09	1.976251e+01	4.109947e+02
1.140000e-06	2.927376e-06	6.447812e-09	2.034511e+01	4.230900e+02
1.150000e-06	3.010134e-06	6.621847e-09	2.092027e+01	4.346762e+02
1.160000e-06	3.091685e-06	6.788559e-09	2.148705e+01	4.457910e+02
1.170000e-06	3.172150e-06	6.951417e-09	2.204628e+01	4.564085e+02
1.180000e-06	3.251501e-06	7.107036e-09	2.259776e+01	4.664690e+02
1.190000e-06	3.329680e-06	7.252908e-09	2.314110e+01	4.759270e+02
1.200000e-06	3.406678e-06	7.387591e-09	2.367623e+01	4.847932e+02
1.210000e-06	3.482362e-06	7.514145e-09	2.420223e+01	4.931426e+02
1.220000e-06	3.556539e-06	7.638745e-09	2.471776e+01	5.010853e+02
1.230000e-06	3.629310e-06	7.757110e-09	2.522351e+01	5.087176e+02
1.240000e-06	3.700841e-06	7.865719e-09	2.572065e+01	5.160809e+02
1.250000e-06	3.771083e-06	7.969866e-09	2.620882e+01	5.231518e+02
1.260000e-06	3.840087e-06	8.072370e-09	2.668840e+01	5.298674e+02
1.270000e-06	3.907829e-06	8.172826e-09	2.715921e+01	5.361698e+02
1.280000e-06	3.974001e-06	8.265338e-09	2.761910e+01	5.420431e+02
1.290000e-06	4.038577e-06	8.348469e-09	2.806790e+01	5.475247e+02
1.300000e-06	4.101825e-06	8.427244e-09	2.850747e+01	5.526883e+02
1.310000e-06	4.163752e-06	8.503941e-09	2.893786e+01	5.576101e+02
1.320000e-06	4.224415e-06	8.577751e-09	2.935946e+01	5.623404e+02
1.330000e-06	4.283629e-06	8.645767e-09	2.977099e+01	5.668929e+02
1.340000e-06	4.341072e-06	8.707368e-09	3.017022e+01	5.712543e+02
1.350000e-06	4.396875e-06	8.768664e-09	3.055805e+01	5.754030e+02
1.360000e-06	4.451212e-06	8.832559e-09	3.093569e+01	5.793262e+02
1.370000e-06	4.503927e-06	8.892850e-09	3.130205e+01	5.830252e+02
1.380000e-06	4.554656e-06	8.945564e-09	3.165462e+01	5.865121e+02
1.390000e-06	4.603451e-06	8.994756e-09	3.199374e+01	5.898021e+02
1.400000e-06	4.650622e-06	9.044553e-09	3.232157e+01	5.929098e+02
1.410000e-06	4.696237e-06	9.092456e-09	3.263860e+01	5.958500e+02
1.420000e-06	4.740339e-06	9.133553e-09	3.294511e+01	5.986400e+02
1.430000e-06	4.782676e-06	9.168563e-09	3.323934e+01	6.012980e+02
1.440000e-06	4.823173e-06	9.204659e-09	3.352080e+01	6.038371e+02
1.450000e-06	4.862037e-06	9.244231e-09	3.379090e+01	6.062573e+02
1.460000e-06	4.899315e-06	9.281813e-09	3.404998e+01	6.085420e+02
1.470000e-06	4.934926e-06	9.313111e-09	3.429747e+01	6.106639e+02
1.480000e-06	4.968634e-06	9.340281e-09	3.453175e+01	6.125992e+02
1.490000e-06	5.000546e-06	9.367070e-09	3.475353e+01	6.143442e+02
1.500000e-06	5.030843e-06	9.392446e-09	3.496409e+01	6.159237e+02
1.510000e-06	5.059586e-06	9.414425e-09	3.516386e+01	6.173862e+02
1.520000e-06	5.086461e-06	9.434434e-09	3.535064e+01	6.187845e+02
1.530000e-06	5.111275e-06	9.454769e-09	3.552309e+01	6.201515e+02
1.540000e-06	5.134289e-06	9.475184e-09	3.568304e+01	6.214823e+02
1.550000e-06	5.155646e-06	9.494070e-09	3.583147e+01	6.227342e+02
1.560000e-06	5.175334e-06	9.511453e-09	3.596830e+01	6.238453e+02
1.570000e-06	5.193134e-06	9.526433e-09	3.609201e+01	6.247656e+02
1.580000e-06	5.208994e-06	9.537071e-09	3.620223e+01	6.254834e+02
1.590000e-06	5.222984e-06	9.544062e-09	3.629946e+01	6.260344e+02
1.600000e-06	5.234959e-06	9.551311e-09	3.638269e+01	6.264875e+02
1.610000e-06	5.244793e-06	9.560360e-09	3.645103e+01	6.269114e+02
1.620000e-06	5.252691e-06	9.568989e-09	3.650593e+01	6.273416e+02
1.630000e-06	5.258846e-06	9.576346e-09	3.654870e+01	6.277621e+02
1.640000e-06	5.263308e-06	9.581948e-09	3.657971e+01	6.281137e+02
1.650000e-06	5.265877e-06	9.584731e-09	3.659757e+01	6.283245e+02
1.660000e-06	5.266493e-06	9.584027e-09	3.660185e+01	6.283464e+02
1.670000e-06	5.265356e-06	9.580453e-09	3.659395e+01	6.281792e+02
1.680000e-06	5.262630e-06	9.575443e-09	3.657500e+01	6.278693e+02
1.690000e-06	5.258238e-06	9.570847e-09	3.654448e+01	6.274858e+02
1.700000e-06	5.251958e-06	9.565076e-09	3.650083e+01	6.270856e+02
1.710000e-06	5.243947e-06	9.558963e-09	3.644516e+01	6.266875e+02
1.720000e-06	5.234395e-06	9.553852e-09	3.637877e+01	6.262662e+02
1.730000e-06	5.223202e-06	9.550574e-09	3.630098e+01	6.257680e+02
1.740000e-06	5.210066e-06	9.553350e-09	3.620969e+01	6.251385e+02
1.750000e-06	5.194859e-06	9.527837e-09	3.610400e+01	6.243465e+02
1.760000e-06	5.177341e-06	9.493497e-09	3.598225e+01	6.233953e+02
1.770000e-06	5.157162e-06	9.477192e-09	3.584200e+01	6.223174e+02
1.780000e-06	5.134715e-06	9.466546e-09	3.568600e+01	6.211587e+02
1.790000e-06	5.111134e-06	9.477180e-09	3.552211e+01	6.199617e+02
1.800000e-06	5.086940e-06	9.440235e-09	3.535397e+01	6.187529e+02
1.810000e-06	5.061206e-06	9.395041e-09	3.517512e+01	6.175387e+02
1.820000e-06	5.033394e-06	9.428231e-09	3.498182e+01	6.163079e+02
1.830000e-06	5.004085e-06	9.396074e-09	3.477813e+01	6.150362e+02
1.840000e-06	4.972915e-06	9.352324e-09	3.456150e+01	6.136932e+02
1.850000e-06	4.939544e-06	9.373105e-09	3.432957e+01	6.122479e+02
1.860000e-06	4.904610e-06	9.305101e-09	3.408678e+01	6.106734e+02
1.870000e-06	4.867943e-06	9.273604e-09	3.383195e+01	6.089507e+02
1.880000e-06	4.829394e-06	9.302481e-09	3.356403e+01	6.070692e+02
1.890000e-06	4.789190e-06	9.232198e-09	3.328461e+01	6.050264e+02
1.900000e-06	4.747170e-06	9.205108e-09	3.299258e+01	6.028268e+02
1.910000e-06	4.703750e-06	9.178464e-09	3.269082e+01	6.004805e+02
1.920000e-06	4.658859e-06	9.116490e-09	3.237883e+01	5.980023e+02
1.930000e-06	4.612095e-06	9.123023e-09	3.205381e+01	5.954099e+02
1.940000e-06	4.563722e-06	9.049987e-09	3.171763e+01	5.927189e+02
1.950000e-06	4.513656e-06	8.993929e-09	3.136967e+01	5.899361e+02
1.960000e-06	4.461803e-06	8.975266e-09	3.100930e+01	5.870544e+02
1.970000e-06	4.408083e-06	8.912483e-09	3.063595e+01	5.840533e+02
1.980000e-06	4.352517e-06	8.885086e-09	3.024977e+01	5.809070e+02
1.990000e-06	4.295455e-06	8.812330e-09	2.985319e+01	5.775984e+02
2.000000e-06	4.236970e-06	8.760193e-09	2.944672e+01	5.741302e+02
2.010000e-06	4.177144e-06	8.716731e-09	2.903093e+01	5.705268e+02
2.020000e-06	4.115831e-06	8.652808e-09	2.860481e+01	5.668224e+02
2.030000e-06	4.052784e-06	8.620066e-09	2.816664e+01	5.630410e+02
2.040000e-06	3.988226e-06	8.526795e-09	2.771796e+01	5.591788e+02
2.050000e-06	3.922257e-06	8.471207e-09	2.725948e+01	5.551998e+02
2.060000e-06	3.855062e-06	8.418564e-09	2.679248e+01	5.510490e+02
2.070000e-06	3.786401e-06	8.339760e-09	2.631529e+01	5.466770e+02
2.080000e-06	3.715997e-06	8.278929e-09	2.582599e+01	5.420631e+02
2.090000e-06	3.644278e-06	8.185358e-09	2.532754e+01	5.372244e+02
2.100000e-06	3.571353e-06	8.131512e-09	2.482071e+01	5.322059e+02
2.110000e-06	3.497209e-06	8.054452e-09	2.430542e+01	5.270566e+02
2.120000e-06	3.421763e-06	7.965235e-09	2.378107e+01	5.218062e+02
2.130000e-06	3.344841e-06	7.879881e-09	2.324647e+01	5.164522e+02
2.140000e-06	3.266509e-06	7.787640e-09	2.270207e+01	5.109642e+02
2.150000e-06	3.186931e-06	7.724090e-09	2.214900e+01	5.053000e+02
2.160000e-06	3.106246e-06	7.629614e-09	2.158825e+01	4.994242e+02
2.170000e-06	3.024495e-06	7.536602e-09	2.102008e+01	4.933188e+02
2.180000e-06	2.941807e-06	7.427575e-09	2.044540e+01	4.869835e+02
2.190000e-06	2.858198e-06	7.324259e-09	1.986433e+01	4.804289e+02
2.200000e-06	2.773567e-06	7.229927e-09	1.927614e+01	4.736678e+02
2.210000e-06	2.687850e-06	7.115824e-09	1.868042e+01	4.667103e+02
2.220000e-06	2.601002e-06	7.009538e-09	1.807682e+01	4.595634e+02
2.230000e-06	2.513170e-06	6.894229e-09	1.746640e+01	4.522301e+02
2.240000e-06	2.424560e-06	6.791759e-09	1.685057e+01	4.447078e+02
2.250000e-06	2.335253e-06	6.676308e-09	1.622988e+01	4.369833e+02
2.260000e-06	2.245186e-06	6.547032e-09	1.560392e+01	4.290302e+02
2.270000e-06	2.154400e-06	6.413210e-09	1.497297e+01	4.208124e+02
2.280000e-06	2.062926e-06	6.280757e-09	1.433723e+01	4.122950e+02
2.290000e-06	1.970710e-06	6.156099e-09	1.369633e+01	4.034601e+02
2.300000e-06	1.877758e-06	6.015519e-09	1.305032e+01	3.943168e+02
2.310000e-06	1.784070e-06	5.870095e-09	1.239919e+01	3.848999e+02
2.320000e-06	1.689619e-06	5.721774e-09	1.174276e+01	3.752536e+02
2.330000e-06	1.594458e-06	5.578448e-09	1.108140e+01	3.654056e+02
2.340000e-06	1.498783e-06	5.425736e-09	1.041646e+01	3.553445e+02
2.350000e-06	1.402681e-06	5.258580e-09	9.748561e+00	3.450142e+02
2.360000e-06	1.306091e-06	5.088835e-09	9.077263e+00	3.343310e+02
2.370000e-06	1.208981e-06	4.920501e-09	8.402356e+00	3.232177e+02
2.380000e-06	1.111489e-06	4.752903e-09	7.724790e+00	3.116400e+02
2.390000e-06	1.013711e-06	4.570373e-09	7.045238e+00	2.996249e+02
2.400000e-06	9.156006e-07	4.377344e-09	6.363376e+00	2.872490e+02
2.410000e-06	8.171467e-07	4.181984e-09	5.679126e+00	2.745992e+02
2.420000e-06	7.184564e-07	3.988073e-09	4.993234e+00	2.617234e+02
2.430000e-06	6.197172e-07	3.788926e-09	4.307002e+00	2.485963e+02
2.440000e-06	5.208914e-07	3.581577e-09	3.620168e+00	2.351191e+02
2.450000e-06	4.218238e-07	3.368334e-09	2.931653e+00	2.211568e+02
2.460000e-06	3.225825e-07	3.148465e-09	2.241931e+00	2.065945e+02
2.470000e-06	2.232271e-07	2.920249e-09	1.551417e+00	1.913860e+02
2.480000e-06	1.237696e-07	2.677500e-09	8.601925e-01	1.755694e+02
2.490000e-06	2.425297e-08	2.423635e-09	1.685569e-01	1.592410e+02
2.500000e-06	-7.527608e-08	2.166303e-09	-5.231648e-01	1.425017e+02
2.510000e-06	-1.747051e-07	1.909474e-09	-1.214191e+00	1.254037e+02
2.520000e-06	-2.740133e-07	1.648305e-09	-1.904378e+00	1.079238e+02
2.530000e-06	-3.732546e-07	1.375607e-09	-2.594099e+00	8.997627e+01
2.540000e-06	-4.724104e-07	1.090066e-09	-3.283227e+00	7.145643e+01
2.550000e-06	-5.713590e-07	7.961663e-10	-3.970915e+00	5.229217e+01
2.560000e-06	-6.700764e-07	4.953293e-10	-4.656995e+00	3.247845e+01
2.570000e-06	-7.686067e-07	1.846049e-10	-5.341776e+00	1.208105e+01
2.580000e-06	-8.668798e-07	-1.354446e-10	-6.024769e+00	-8.787662e+00
2.590000e-06	-9.648570e-07	-4.605369e-10	-6.705705e+00	-3.000549e+01
2.600000e-06	-1.062519e-06	-7.859932e-10	-7.384451e+00	-5.147114e+01
2.610000e-06	-1.159810e-06	-1.113965e-09	-8.060618e+00	-7.311644e+01
2.620000e-06	-1.256672e-06	-1.447578e-09	-8.733801e+00	-9.489824e+01
2.630000e-06	-1.353098e-06	-1.785137e-09	-9.403960e+00	-1.167769e+02
2.640000e-06	-1.449101e-06	-2.120583e-09	-1.007118e+01	-1.386922e+02
2.650000e-06	-1.544732e-06	-2.451081e-09	-1.073581e+01	-1.605475e+02
2.660000e-06	-1.639952e-06	-2.779548e-09	-1.139758e+01	-1.822077e+02
2.670000e-06	-1.734574e-06	-3.105803e-09	-1.205520e+01	-2.035135e+02
2.680000e-06	-1.828412e-06	-3.424248e-09	-1.270737e+01	-2.243069e+02
2.690000e-06	-1.921393e-06	-3.730326e-09	-1.335358e+01	-2.444616e+02
2.700000e-06	-2.013591e-06	-4.025029e-09	-1.399435e+01	-2.639041e+02
2.710000e-06	-2.105062e-06	-4.311267e-09	-1.463007e+01	-2.826173e+02
2.720000e-06	-2.195824e-06	-4.589404e-09	-1.526086e+01	-3.006216e+02
2.730000e-06	-2.285798e-06	-4.855881e-09	-1.588618e+01	-3.179430e+02
2.740000e-06	-2.374936e-06	-5.109844e-09	-1.650568e+01	-3.345824e+02
2.750000e-06	-2.463273e-06	-5.353026e-09	-1.711962e+01	-3.505053e+02
2.760000e-06	-2.550897e-06	-5.586784e-09	-1.772860e+01	-3.656577e+02
2.770000e-06	-2.637771e-06	-5.808768e-09	-1.833237e+01	-3.800011e+02
2.780000e-06	-2.723561e-06	-6.013581e-09	-1.892861e+01	-3.935460e+02
2.790000e-06	-2.808165e-06	-6.204363e-09	-1.951660e+01	-4.063626e+02
2.800000e-06	-2.891760e-06	-6.388885e-09	-2.009758e+01	-4.185577e+02
2.810000e-06	-2.974382e-06	-6.569891e-09	-2.067180e+01	-4.302305e+02
2.820000e-06	-3.055972e-06	-6.743139e-09	-2.123885e+01	-4.414300e+02
2.830000e-06	-3.136566e-06	-6.905074e-09	-2.179897e+01	-4.521407e+02
2.840000e-06	-3.216228e-06	-7.057358e-09	-2.235262e+01	-4.623053e+02
2.850000e-06	-3.294737e-06	-7.203694e-09	-2.289825e+01	-4.718723e+02
2.860000e-06	-3.371779e-06	-7.342175e-09	-2.343368e+01	-4.808407e+02
2.870000e-06	-3.447338e-06	-7.469436e-09	-2.395882e+01	-4.892750e+02
2.880000e-06	-3.521531e-06	-7.588219e-09	-2.447446e+01	-4.972825e+02
2.890000e-06	-3.594460e-06	-7.704214e-09	-2.498130e+01	-5.049656e+02
2.900000e-06	-3.666253e-06	-7.821085e-09	-2.548026e+01	-5.123773e+02
2.910000e-06	-3.736806e-06	-7.932272e-09	-2.597061e+01	-5.195047e+02
2.920000e-06	-3.805807e-06	-8.034469e-09	-2.645016e+01	-5.262891e+02
2.930000e-06	-3.873321e-06	-8.129065e-09	-2.691938e+01	-5.326683e+02
2.940000e-06	-3.939562e-06	-8.218153e-09	-2.737975e+01	-5.386172e+02
2.950000e-06	-4.004540e-06	-8.303276e-09	-2.783134e+01	-5.441643e+02
2.960000e-06	-4.068261e-06	-8.381665e-09	-2.827420e+01	-5.493790e+02
2.970000e-06	-4.130455e-06	-8.454314e-09	-2.870644e+01	-5.543396e+02
2.980000e-06	-4.190940e-06	-8.525170e-09	-2.912681e+01	-5.591024e+02
2.990000e-06	-4.249933e-06	-8.597743e-09	-2.953681e+01	-5.636874e+02
3.000000e-06	-4.307494e-06	-8.669895e-09	-2.993686e+01	-5.680848e+02
3.010000e-06	-4.363654e-06	-8.734643e-09	-3.032716e+01	-5.722732e+02
3.020000e-06	-4.418263e-06	-8.791328e-09	-3.070669e+01	-5.762372e+02
3.030000e-06	-4.470940e-06	-8.845437e-09	-3.107279e+01	-5.799759e+02
3.040000e-06	-4.521745e-06	-8.899719e-09	-3.142589e+01	-5.834999e+02
3.050000e-06	-4.570741e-06	-8.950941e-09	-3.176641e+01	-5.868242e+02
3.060000e-06	-4.617772e-06	-8.995193e-09	-3.209327e+01	-5.899637e+02
3.070000e-06	-4.663115e-06	-9.037317e-09	-3.240840e+01	-5.929330e+02
3.080000e-06	-4.707039e-06	-9.083560e-09	-3.271367e+01	-5.957488e+02
3.090000e-06	-4.749529e-06	-9.130233e-09	-3.300898e+01	-5.984294e+02
3.100000e-06	-4.790482e-06	-9.170986e-09	-3.329360e+01	-6.009896e+02
3.110000e-06	-4.829904e-06	-9.205703e-09	-3.356758e+01	-6.034321e+02
3.120000e-06	-4.867611e-06	-9.238735e-09	-3.382964e+01	-6.057431e+02
3.130000e-06	-4.903418e-06	-9.273430e-09	-3.407850e+01	-6.078965e+02
3.140000e-06	-4.937500e-06	-9.305551e-09	-3.431537e+01	-6.098665e+02
3.150000e-06	-4.969991e-06	-9.329916e-09	-3.454117e+01	-6.116448e+02
3.160000e-06	-5.000740e-06	-9.351372e-09	-3.475488e+01	-6.132511e+02
3.170000e-06	-5.029513e-06	-9.375728e-09	-3.495485e+01	-6.147307e+02
3.180000e-06	-5.056533e-06	-9.401874e-09	-3.514264e+01	-6.161375e+02
3.190000e-06	-5.081945e-06	-9.424728e-09	-3.531925e+01	-6.175095e+02
3.200000e-06	-5.105620e-06	-9.442772e-09	-3.548379e+01	-6.188493e+02
3.210000e-06	-5.127332e-06	-9.459127e-09	-3.563469e+01	-6.201199e+02
3.220000e-06	-5.147056e-06	-9.477458e-09	-3.577177e+01	-6.212610e+02
3.230000e-06	-5.165063e-06	-9.495230e-09	-3.589692e+01	-6.222179e+02
3.240000e-06	-5.181445e-06	-9.506796e-09	-3.601077e+01	-6.229707e+02
3.250000e-06	-5.195891e-06	-9.512516e-09	-3.611117e+01	-6.235474e+02
3.260000e-06	-5.208101e-06	-9.516692e-09	-3.619603e+01	-6.240128e+02
3.270000e-06	-5.218270e-06	-9.523854e-09	-3.626670e+01	-6.244383e+02
3.280000e-06	-5.226667e-06	-9.531615e-09	-3.632506e+01	-6.248673e+02
3.290000e-06	-5.233270e-06	-9.536725e-09	-3.637095e+01	-6.252932e+02
3.300000e-06	-5.237945e-06	-9.540739e-09	-3.640344e+01	-6.256628e+02
3.310000e-06	-5.240822e-06	-9.544349e-09	-3.642344e+01	-6.259037e+02
3.320000e-06	-5.241975e-06	-9.547593e-09	-3.643145e+01	-6.259613e+02
