# Temperatura_=_20.0
# Concentracion g/m^3_=_10000.0
# C_Vs_to_Am_M_A/Vsm_=_65563218390.804596
# pendiente_HvsI_1/m_=_3716.3
# ordenada_HvsI_A/m_=_1297.0
# frecuencia_Hz_=_300940.10054506414

Tiempo_(s)	Campo_(V.s)	Magnetizacion_(V.s)	Campo_(kA/m)	Magnetizacion_(A/m)
0.000000e+00	-5.252452e-06	-9.524628e-09	-3.643326e+01	-6.237101e+02
1.000000e-08	-5.251206e-06	-9.524099e-09	-3.642462e+01	-6.235299e+02
2.000000e-08	-5.248072e-06	-9.517750e-09	-3.640288e+01	-6.232386e+02
3.000000e-08	-5.243269e-06	-9.509144e-09	-3.636956e+01	-6.228982e+02
4.000000e-08	-5.236926e-06	-9.503416e-09	-3.632557e+01	-6.225577e+02
5.000000e-08	-5.228989e-06	-9.499934e-09	-3.627052e+01	-6.222258e+02
6.000000e-08	-5.219177e-06	-9.493897e-09	-3.620245e+01	-6.218617e+02
7.000000e-08	-5.207378e-06	-9.482841e-09	-3.612061e+01	-6.213913e+02
8.000000e-08	-5.193691e-06	-9.471853e-09	-3.602567e+01	-6.207444e+02
9.000000e-08	-5.177764e-06	-9.451391e-09	-3.591519e+01	-6.198923e+02
1.000000e-07	-5.159493e-06	-9.442335e-09	-3.578846e+01	-6.188660e+02
1.100000e-07	-5.139275e-06	-9.438226e-09	-3.564822e+01	-6.177425e+02
1.200000e-07	-5.117337e-06	-9.410232e-09	-3.549605e+01	-6.166050e+02
1.300000e-07	-5.093909e-06	-9.403941e-09	-3.533354e+01	-6.155000e+02
1.400000e-07	-5.069256e-06	-9.387810e-09	-3.516253e+01	-6.144161e+02
1.500000e-07	-5.042985e-06	-9.336162e-09	-3.498031e+01	-6.132965e+02
1.600000e-07	-5.014878e-06	-9.348769e-09	-3.478535e+01	-6.120779e+02
1.700000e-07	-4.985195e-06	-9.315804e-09	-3.457946e+01	-6.107300e+02
1.800000e-07	-4.953790e-06	-9.264164e-09	-3.436162e+01	-6.092705e+02
1.900000e-07	-4.920511e-06	-9.280875e-09	-3.413077e+01	-6.077458e+02
2.000000e-07	-4.885581e-06	-9.234799e-09	-3.388849e+01	-6.061904e+02
2.100000e-07	-4.849021e-06	-9.200711e-09	-3.363489e+01	-6.045934e+02
2.200000e-07	-4.810707e-06	-9.201551e-09	-3.336913e+01	-6.028939e+02
2.300000e-07	-4.770673e-06	-9.151918e-09	-3.309144e+01	-6.010118e+02
2.400000e-07	-4.728764e-06	-9.113123e-09	-3.280074e+01	-5.988931e+02
2.500000e-07	-4.685018e-06	-9.083701e-09	-3.249730e+01	-5.965417e+02
2.600000e-07	-4.639520e-06	-9.038594e-09	-3.218170e+01	-5.940163e+02
2.700000e-07	-4.592355e-06	-9.013370e-09	-3.185454e+01	-5.913945e+02
2.800000e-07	-4.543600e-06	-8.962151e-09	-3.151636e+01	-5.887258e+02
2.900000e-07	-4.492828e-06	-8.923155e-09	-3.116419e+01	-5.860039e+02
3.000000e-07	-4.439932e-06	-8.890604e-09	-3.079728e+01	-5.831742e+02
3.100000e-07	-4.385347e-06	-8.839678e-09	-3.041865e+01	-5.801710e+02
3.200000e-07	-4.329420e-06	-8.792036e-09	-3.003071e+01	-5.769602e+02
3.300000e-07	-4.272042e-06	-8.732823e-09	-2.963272e+01	-5.735611e+02
3.400000e-07	-4.212976e-06	-8.682969e-09	-2.922301e+01	-5.700351e+02
3.500000e-07	-4.152326e-06	-8.632921e-09	-2.880231e+01	-5.664486e+02
3.600000e-07	-4.090222e-06	-8.583713e-09	-2.837154e+01	-5.628338e+02
3.700000e-07	-4.026800e-06	-8.524379e-09	-2.793161e+01	-5.591686e+02
3.800000e-07	-3.962045e-06	-8.454492e-09	-2.748244e+01	-5.553863e+02
3.900000e-07	-3.895655e-06	-8.402128e-09	-2.702194e+01	-5.514072e+02
4.000000e-07	-3.827640e-06	-8.344273e-09	-2.655016e+01	-5.471745e+02
4.100000e-07	-3.758312e-06	-8.274654e-09	-2.606926e+01	-5.426759e+02
4.200000e-07	-3.687809e-06	-8.197673e-09	-2.558023e+01	-5.379439e+02
4.300000e-07	-3.616186e-06	-8.119457e-09	-2.508342e+01	-5.330366e+02
4.400000e-07	-3.543178e-06	-8.048502e-09	-2.457701e+01	-5.280105e+02
4.500000e-07	-3.468472e-06	-7.972325e-09	-2.405881e+01	-5.228979e+02
4.600000e-07	-3.392276e-06	-7.890726e-09	-2.353028e+01	-5.176961e+02
4.700000e-07	-3.314868e-06	-7.808787e-09	-2.299335e+01	-5.123725e+02
4.800000e-07	-3.236165e-06	-7.726341e-09	-2.244743e+01	-5.068791e+02
4.900000e-07	-3.155980e-06	-7.644930e-09	-2.189123e+01	-5.011725e+02
5.000000e-07	-3.074521e-06	-7.551870e-09	-2.132620e+01	-4.952290e+02
5.100000e-07	-2.992039e-06	-7.452085e-09	-2.075407e+01	-4.890499e+02
5.200000e-07	-2.908633e-06	-7.353364e-09	-2.017553e+01	-4.826553e+02
5.300000e-07	-2.824472e-06	-7.259904e-09	-1.959175e+01	-4.760705e+02
5.400000e-07	-2.739508e-06	-7.164612e-09	-1.900241e+01	-4.693121e+02
5.500000e-07	-2.653540e-06	-7.056579e-09	-1.840609e+01	-4.623815e+02
5.600000e-07	-2.566632e-06	-6.944281e-09	-1.780326e+01	-4.552678e+02
5.700000e-07	-2.479038e-06	-6.829515e-09	-1.719567e+01	-4.479557e+02
5.800000e-07	-2.390712e-06	-6.717157e-09	-1.658300e+01	-4.404325e+02
5.900000e-07	-2.301324e-06	-6.597861e-09	-1.596297e+01	-4.326876e+02
6.000000e-07	-2.210783e-06	-6.470068e-09	-1.533494e+01	-4.247068e+02
6.100000e-07	-2.119380e-06	-6.344877e-09	-1.470093e+01	-4.164681e+02
6.200000e-07	-2.027383e-06	-6.223821e-09	-1.406280e+01	-4.079452e+02
6.300000e-07	-1.934766e-06	-6.097036e-09	-1.342037e+01	-3.991217e+02
6.400000e-07	-1.841433e-06	-5.953011e-09	-1.277297e+01	-3.900044e+02
6.500000e-07	-1.747435e-06	-5.801929e-09	-1.212096e+01	-3.806265e+02
6.600000e-07	-1.652864e-06	-5.653003e-09	-1.146498e+01	-3.710317e+02
6.700000e-07	-1.557810e-06	-5.507878e-09	-1.080564e+01	-3.612448e+02
6.800000e-07	-1.462283e-06	-5.358585e-09	-1.014303e+01	-3.512457e+02
6.900000e-07	-1.366230e-06	-5.201626e-09	-9.476760e+00	-3.409643e+02
7.000000e-07	-1.269691e-06	-5.040435e-09	-8.807125e+00	-3.303060e+02
7.100000e-07	-1.172681e-06	-4.872771e-09	-8.134220e+00	-3.191963e+02
7.200000e-07	-1.075109e-06	-4.697487e-09	-7.457416e+00	-3.076209e+02
7.300000e-07	-9.769704e-07	-4.511673e-09	-6.776686e+00	-2.956369e+02
7.400000e-07	-8.783615e-07	-4.319993e-09	-6.092692e+00	-2.833436e+02
7.500000e-07	-7.793891e-07	-4.128331e-09	-5.406178e+00	-2.708280e+02
7.600000e-07	-6.800865e-07	-3.937730e-09	-4.717372e+00	-2.581108e+02
7.700000e-07	-5.805360e-07	-3.742767e-09	-4.026847e+00	-2.451252e+02
7.800000e-07	-4.808687e-07	-3.537332e-09	-3.335512e+00	-2.317391e+02
7.900000e-07	-3.810919e-07	-3.322230e-09	-2.643417e+00	-2.178123e+02
8.000000e-07	-2.812072e-07	-3.099771e-09	-1.950574e+00	-2.032571e+02
8.100000e-07	-1.812140e-07	-2.867660e-09	-1.256978e+00	-1.880740e+02
8.200000e-07	-8.113272e-08	-2.625256e-09	-5.627714e-01	-1.723425e+02
8.300000e-07	1.894579e-08	-2.376967e-09	1.314161e-01	-1.561753e+02
8.400000e-07	1.189840e-07	-2.126375e-09	8.253245e-01	-1.396569e+02
8.500000e-07	2.189974e-07	-1.873427e-09	1.519060e+00	-1.227991e+02
8.600000e-07	3.190025e-07	-1.612324e-09	2.212739e+00	-1.055331e+02
8.700000e-07	4.189130e-07	-1.338871e-09	2.905760e+00	-8.774096e+01
8.800000e-07	5.186662e-07	-1.054096e-09	3.597691e+00	-6.931216e+01
8.900000e-07	6.182794e-07	-7.617673e-10	4.288651e+00	-5.019700e+01
9.000000e-07	7.176804e-07	-4.610692e-10	4.978139e+00	-3.043386e+01
9.100000e-07	8.168217e-07	-1.507673e-10	5.665826e+00	-1.013775e+01
9.200000e-07	9.156232e-07	1.656493e-10	6.351156e+00	1.054348e+01
9.300000e-07	1.013976e-06	4.832300e-10	7.033370e+00	3.148382e+01
9.400000e-07	1.111770e-06	8.009593e-10	7.711717e+00	5.261757e+01
9.500000e-07	1.208979e-06	1.123794e-09	8.385995e+00	7.394205e+01
9.600000e-07	1.305647e-06	1.453908e-09	9.056529e+00	9.548246e+01
9.700000e-07	1.401808e-06	1.788685e-09	9.723543e+00	1.172362e+02
9.800000e-07	1.497545e-06	2.123714e-09	1.038762e+01	1.391262e+02
9.900000e-07	1.592866e-06	2.457311e-09	1.104880e+01	1.609883e+02
1.000000e-06	1.687694e-06	2.787417e-09	1.170657e+01	1.826024e+02
1.010000e-06	1.781970e-06	3.109784e-09	1.236051e+01	2.037531e+02
1.020000e-06	1.875653e-06	3.421338e-09	1.301034e+01	2.242898e+02
1.030000e-06	1.968705e-06	3.722340e-09	1.365579e+01	2.441555e+02
1.040000e-06	2.061152e-06	4.015396e-09	1.429704e+01	2.633728e+02
1.050000e-06	2.153039e-06	4.302107e-09	1.493440e+01	2.819943e+02
1.060000e-06	2.244247e-06	4.579605e-09	1.556706e+01	3.000467e+02
1.070000e-06	2.334477e-06	4.842512e-09	1.619293e+01	3.174981e+02
1.080000e-06	2.423531e-06	5.093283e-09	1.681065e+01	3.342644e+02
1.090000e-06	2.511614e-06	5.334640e-09	1.742163e+01	3.502484e+02
1.100000e-06	2.598947e-06	5.566376e-09	1.802741e+01	3.653890e+02
1.110000e-06	2.685452e-06	5.785325e-09	1.862745e+01	3.796924e+02
1.120000e-06	2.771040e-06	5.990770e-09	1.922112e+01	3.932307e+02
1.130000e-06	2.855732e-06	6.186019e-09	1.980858e+01	4.061103e+02
1.140000e-06	2.939599e-06	6.374503e-09	2.039032e+01	4.184274e+02
1.150000e-06	3.022487e-06	6.557429e-09	2.096527e+01	4.302340e+02
1.160000e-06	3.104154e-06	6.729737e-09	2.153175e+01	4.415292e+02
1.170000e-06	3.184681e-06	6.889884e-09	2.209032e+01	4.522769e+02
1.180000e-06	3.264116e-06	7.042926e-09	2.264131e+01	4.624398e+02
1.190000e-06	3.342328e-06	7.192836e-09	2.318382e+01	4.720099e+02
1.200000e-06	3.419358e-06	7.332637e-09	2.371814e+01	4.810236e+02
1.210000e-06	3.495155e-06	7.459614e-09	2.424390e+01	4.895527e+02
1.220000e-06	3.569451e-06	7.582784e-09	2.475925e+01	4.976782e+02
1.230000e-06	3.642223e-06	7.704875e-09	2.526402e+01	5.054603e+02
1.240000e-06	3.713697e-06	7.820802e-09	2.575980e+01	5.129188e+02
1.250000e-06	3.783904e-06	7.925907e-09	2.624678e+01	5.200349e+02
1.260000e-06	3.852829e-06	8.023320e-09	2.672488e+01	5.267728e+02
1.270000e-06	3.920545e-06	8.119650e-09	2.719458e+01	5.331103e+02
1.280000e-06	3.986818e-06	8.214217e-09	2.765428e+01	5.390613e+02
1.290000e-06	4.051478e-06	8.302819e-09	2.810279e+01	5.446773e+02
1.300000e-06	4.114688e-06	8.383217e-09	2.854124e+01	5.500260e+02
1.310000e-06	4.176572e-06	8.460146e-09	2.897049e+01	5.551597e+02
1.320000e-06	4.237186e-06	8.538589e-09	2.939094e+01	5.600909e+02
1.330000e-06	4.296427e-06	8.612565e-09	2.980186e+01	5.647917e+02
1.340000e-06	4.353944e-06	8.675969e-09	3.020082e+01	5.692172e+02
1.350000e-06	4.409775e-06	8.733199e-09	3.058810e+01	5.733414e+02
1.360000e-06	4.464092e-06	8.791343e-09	3.096486e+01	5.771814e+02
1.370000e-06	4.516759e-06	8.850074e-09	3.133018e+01	5.807968e+02
1.380000e-06	4.567512e-06	8.906025e-09	3.168223e+01	5.842634e+02
1.390000e-06	4.616282e-06	8.957297e-09	3.202051e+01	5.876353e+02
1.400000e-06	4.663368e-06	9.007733e-09	3.234712e+01	5.909199e+02
1.410000e-06	4.708918e-06	9.059540e-09	3.266308e+01	5.940787e+02
1.420000e-06	4.752944e-06	9.106314e-09	3.296846e+01	5.970537e+02
1.430000e-06	4.795221e-06	9.143282e-09	3.326171e+01	5.998018e+02
1.440000e-06	4.835626e-06	9.174849e-09	3.354198e+01	6.023176e+02
1.450000e-06	4.874406e-06	9.208149e-09	3.381098e+01	6.046321e+02
1.460000e-06	4.911643e-06	9.244178e-09	3.406926e+01	6.067919e+02
1.470000e-06	4.947219e-06	9.278390e-09	3.431604e+01	6.088327e+02
1.480000e-06	4.980918e-06	9.308083e-09	3.454979e+01	6.107654e+02
1.490000e-06	5.012756e-06	9.335933e-09	3.477063e+01	6.125795e+02
1.500000e-06	5.042956e-06	9.362676e-09	3.498011e+01	6.142605e+02
1.510000e-06	5.071581e-06	9.385730e-09	3.517867e+01	6.158058e+02
1.520000e-06	5.098391e-06	9.405060e-09	3.536463e+01	6.172287e+02
1.530000e-06	5.123192e-06	9.422503e-09	3.553666e+01	6.185490e+02
1.540000e-06	5.146134e-06	9.440109e-09	3.569579e+01	6.197785e+02
1.550000e-06	5.167368e-06	9.457615e-09	3.584308e+01	6.209112e+02
1.560000e-06	5.186951e-06	9.474776e-09	3.597892e+01	6.219274e+02
1.570000e-06	5.204702e-06	9.489740e-09	3.610205e+01	6.228069e+02
1.580000e-06	5.220484e-06	9.499889e-09	3.621152e+01	6.235451e+02
1.590000e-06	5.234374e-06	9.507231e-09	3.630786e+01	6.241603e+02
1.600000e-06	5.246225e-06	9.513475e-09	3.639007e+01	6.246870e+02
1.610000e-06	5.255916e-06	9.519764e-09	3.645729e+01	6.251596e+02
1.620000e-06	5.263665e-06	9.526280e-09	3.651104e+01	6.255943e+02
1.630000e-06	5.269670e-06	9.532784e-09	3.655269e+01	6.259784e+02
1.640000e-06	5.273933e-06	9.539198e-09	3.658226e+01	6.262744e+02
1.650000e-06	5.276294e-06	9.543331e-09	3.659864e+01	6.264370e+02
1.660000e-06	5.276757e-06	9.542247e-09	3.660185e+01	6.264363e+02
1.670000e-06	5.275542e-06	9.536695e-09	3.659343e+01	6.262760e+02
1.680000e-06	5.272715e-06	9.529677e-09	3.657381e+01	6.259965e+02
1.690000e-06	5.268157e-06	9.526121e-09	3.654220e+01	6.256591e+02
1.700000e-06	5.261715e-06	9.522409e-09	3.649751e+01	6.253165e+02
1.710000e-06	5.253548e-06	9.516302e-09	3.644086e+01	6.249845e+02
1.720000e-06	5.243885e-06	9.509790e-09	3.637384e+01	6.246286e+02
1.730000e-06	5.232578e-06	9.504171e-09	3.629540e+01	6.241779e+02
1.740000e-06	5.219293e-06	9.499701e-09	3.620326e+01	6.235589e+02
1.750000e-06	5.203825e-06	9.499643e-09	3.609596e+01	6.227353e+02
1.760000e-06	5.185937e-06	9.468079e-09	3.597188e+01	6.217295e+02
1.770000e-06	5.165407e-06	9.447389e-09	3.582948e+01	6.206141e+02
1.780000e-06	5.142720e-06	9.427199e-09	3.567212e+01	6.194741e+02
1.790000e-06	5.118992e-06	9.396689e-09	3.550753e+01	6.183634e+02
1.800000e-06	5.094578e-06	9.415885e-09	3.533818e+01	6.172789e+02
1.810000e-06	5.068577e-06	9.365907e-09	3.515783e+01	6.161682e+02
1.820000e-06	5.040669e-06	9.345479e-09	3.496424e+01	6.149663e+02
1.830000e-06	5.011342e-06	9.380547e-09	3.476082e+01	6.136365e+02
1.840000e-06	4.980132e-06	9.312904e-09	3.454434e+01	6.121900e+02
1.850000e-06	4.946724e-06	9.290682e-09	3.431260e+01	6.106714e+02
1.860000e-06	4.911666e-06	9.300479e-09	3.406942e+01	6.091195e+02
1.870000e-06	4.874812e-06	9.231892e-09	3.381379e+01	6.075308e+02
1.880000e-06	4.836111e-06	9.243621e-09	3.354534e+01	6.058505e+02
1.890000e-06	4.795752e-06	9.239576e-09	3.326539e+01	6.039985e+02
1.900000e-06	4.753563e-06	9.183027e-09	3.297275e+01	6.019145e+02
1.910000e-06	4.709914e-06	9.174994e-09	3.266999e+01	5.995933e+02
1.920000e-06	4.664762e-06	9.105075e-09	3.235679e+01	5.970876e+02
1.930000e-06	4.617729e-06	9.083945e-09	3.203055e+01	5.944751e+02
1.940000e-06	4.569107e-06	9.065559e-09	3.169329e+01	5.918117e+02
1.950000e-06	4.518834e-06	8.981982e-09	3.134457e+01	5.890995e+02
1.960000e-06	4.466684e-06	8.958923e-09	3.098284e+01	5.862891e+02
1.970000e-06	4.412638e-06	8.902869e-09	3.060795e+01	5.833135e+02
1.980000e-06	4.356837e-06	8.858299e-09	3.022089e+01	5.801321e+02
1.990000e-06	4.299605e-06	8.820415e-09	2.982391e+01	5.767565e+02
2.000000e-06	4.240950e-06	8.744349e-09	2.941705e+01	5.732438e+02
2.010000e-06	4.180907e-06	8.704644e-09	2.900057e+01	5.696625e+02
2.020000e-06	4.119305e-06	8.635116e-09	2.857327e+01	5.660514e+02
2.030000e-06	4.056031e-06	8.596134e-09	2.813437e+01	5.623963e+02
2.040000e-06	3.991290e-06	8.538638e-09	2.768530e+01	5.586353e+02
2.050000e-06	3.925110e-06	8.455829e-09	2.722625e+01	5.546884e+02
2.060000e-06	3.857701e-06	8.411630e-09	2.675867e+01	5.504934e+02
2.070000e-06	3.788859e-06	8.331626e-09	2.628116e+01	5.460313e+02
2.080000e-06	3.718299e-06	8.272565e-09	2.579172e+01	5.413291e+02
2.090000e-06	3.646343e-06	8.190471e-09	2.529260e+01	5.364426e+02
2.100000e-06	3.573153e-06	8.111180e-09	2.478493e+01	5.314304e+02
2.110000e-06	3.498759e-06	8.048000e-09	2.426890e+01	5.263291e+02
2.120000e-06	3.423076e-06	7.958641e-09	2.374392e+01	5.211412e+02
2.130000e-06	3.345865e-06	7.881231e-09	2.320835e+01	5.158373e+02
2.140000e-06	3.267225e-06	7.782112e-09	2.266288e+01	5.103708e+02
2.150000e-06	3.187422e-06	7.702912e-09	2.210933e+01	5.046963e+02
2.160000e-06	3.106544e-06	7.620578e-09	2.154832e+01	4.987867e+02
2.170000e-06	3.024582e-06	7.526992e-09	2.097980e+01	4.926400e+02
2.180000e-06	2.941685e-06	7.428802e-09	2.040479e+01	4.862742e+02
2.190000e-06	2.857936e-06	7.317456e-09	1.982387e+01	4.797149e+02
2.200000e-06	2.773126e-06	7.221111e-09	1.923559e+01	4.729805e+02
2.210000e-06	2.687085e-06	7.113355e-09	1.863878e+01	4.660746e+02
2.220000e-06	2.599907e-06	7.005121e-09	1.803407e+01	4.589876e+02
2.230000e-06	2.511845e-06	6.888864e-09	1.742323e+01	4.517043e+02
2.240000e-06	2.423032e-06	6.775921e-09	1.680719e+01	4.442115e+02
2.250000e-06	2.333450e-06	6.666802e-09	1.618581e+01	4.364986e+02
2.260000e-06	2.243085e-06	6.545777e-09	1.555900e+01	4.285524e+02
2.270000e-06	2.152020e-06	6.417533e-09	1.492734e+01	4.203517e+02
2.280000e-06	2.060366e-06	6.280451e-09	1.429158e+01	4.118705e+02
2.290000e-06	1.968061e-06	6.149432e-09	1.365132e+01	4.030898e+02
2.300000e-06	1.874901e-06	6.013313e-09	1.300512e+01	3.940126e+02
2.310000e-06	1.780779e-06	5.869866e-09	1.235224e+01	3.846689e+02
2.320000e-06	1.685897e-06	5.721484e-09	1.169410e+01	3.751023e+02
2.330000e-06	1.590496e-06	5.573842e-09	1.103236e+01	3.653425e+02
2.340000e-06	1.494715e-06	5.426437e-09	1.036798e+01	3.553766e+02
2.350000e-06	1.398461e-06	5.268133e-09	9.700329e+00	3.451409e+02
2.360000e-06	1.301598e-06	5.100637e-09	9.028442e+00	3.345416e+02
2.370000e-06	1.204296e-06	4.927515e-09	8.353512e+00	3.234985e+02
2.380000e-06	1.106699e-06	4.755230e-09	7.676538e+00	3.119874e+02
2.390000e-06	1.008764e-06	4.577970e-09	6.997219e+00	3.000557e+02
2.400000e-06	9.104033e-07	4.391606e-09	6.314948e+00	2.878000e+02
2.410000e-06	8.116593e-07	4.198393e-09	5.630017e+00	2.753125e+02
2.420000e-06	7.126921e-07	4.003308e-09	4.943539e+00	2.626259e+02
2.430000e-06	6.136585e-07	3.808253e-09	4.256599e+00	2.496853e+02
2.440000e-06	5.145063e-07	3.606554e-09	3.568837e+00	2.363652e+02
2.450000e-06	4.151809e-07	3.394831e-09	2.879873e+00	2.225223e+02
2.460000e-06	3.157708e-07	3.173752e-09	2.190322e+00	2.080587e+02
2.470000e-06	2.162998e-07	2.946723e-09	1.500348e+00	1.929615e+02
2.480000e-06	1.167514e-07	2.712913e-09	8.098379e-01	1.773012e+02
2.490000e-06	1.713577e-08	2.466904e-09	1.188611e-01	1.611894e+02
2.500000e-06	-8.248634e-08	2.210285e-09	-5.721607e-01	1.447181e+02
2.510000e-06	-1.820156e-07	1.950879e-09	-1.262538e+00	1.279110e+02
2.520000e-06	-2.814396e-07	1.691448e-09	-1.952186e+00	1.107095e+02
2.530000e-06	-3.808264e-07	1.425722e-09	-2.641575e+00	9.299975e+01
2.540000e-06	-4.801474e-07	1.146431e-09	-3.330509e+00	7.466646e+01
2.550000e-06	-5.792955e-07	8.546641e-10	-4.018242e+00	5.564874e+01
2.560000e-06	-6.782607e-07	5.547386e-10	-4.704707e+00	3.597219e+01
2.570000e-06	-7.770729e-07	2.480135e-10	-5.390112e+00	1.574296e+01
2.580000e-06	-8.756365e-07	-6.618328e-11	-6.073791e+00	-4.892400e+00
2.590000e-06	-9.738453e-07	-3.872034e-10	-6.755009e+00	-2.580175e+01
2.600000e-06	-1.071693e-06	-7.111465e-10	-7.433720e+00	-4.690964e+01
2.610000e-06	-1.169167e-06	-1.033532e-09	-8.109844e+00	-6.820579e+01
2.620000e-06	-1.266258e-06	-1.358005e-09	-8.783308e+00	-8.971462e+01
2.630000e-06	-1.362941e-06	-1.690259e-09	-9.453943e+00	-1.114409e+02
2.640000e-06	-1.459153e-06	-2.025420e-09	-1.012131e+01	-1.333200e+02
2.650000e-06	-1.554924e-06	-2.358155e-09	-1.078562e+01	-1.551991e+02
2.660000e-06	-1.650317e-06	-2.685897e-09	-1.144730e+01	-1.768631e+02
2.670000e-06	-1.745238e-06	-3.008831e-09	-1.210572e+01	-1.980917e+02
2.680000e-06	-1.839424e-06	-3.325999e-09	-1.275903e+01	-2.187221e+02
2.690000e-06	-1.932655e-06	-3.631748e-09	-1.340573e+01	-2.386841e+02
2.700000e-06	-2.024937e-06	-3.924520e-09	-1.404583e+01	-2.579912e+02
2.710000e-06	-2.116481e-06	-4.207317e-09	-1.468082e+01	-2.766955e+02
2.720000e-06	-2.207417e-06	-4.484156e-09	-1.531159e+01	-2.948300e+02
2.730000e-06	-2.297598e-06	-4.754385e-09	-1.593713e+01	-3.123719e+02
2.740000e-06	-2.386894e-06	-5.013375e-09	-1.655652e+01	-3.292426e+02
2.750000e-06	-2.475354e-06	-5.258953e-09	-1.717012e+01	-3.453438e+02
2.760000e-06	-2.563089e-06	-5.493219e-09	-1.777868e+01	-3.606066e+02
2.770000e-06	-2.650075e-06	-5.717114e-09	-1.838206e+01	-3.750268e+02
2.780000e-06	-2.736019e-06	-5.926742e-09	-1.897820e+01	-3.886686e+02
2.790000e-06	-2.820696e-06	-6.121337e-09	-1.956556e+01	-4.016361e+02
2.800000e-06	-2.904293e-06	-6.306626e-09	-2.014543e+01	-4.140295e+02
2.810000e-06	-2.986979e-06	-6.489457e-09	-2.071897e+01	-4.259083e+02
2.820000e-06	-3.068699e-06	-6.667750e-09	-2.128582e+01	-4.372786e+02
2.830000e-06	-3.149408e-06	-6.834279e-09	-2.184565e+01	-4.481076e+02
2.840000e-06	-3.229107e-06	-6.987522e-09	-2.239847e+01	-4.583558e+02
2.850000e-06	-3.307634e-06	-7.133061e-09	-2.294317e+01	-4.680099e+02
2.860000e-06	-3.384674e-06	-7.273561e-09	-2.347755e+01	-4.770996e+02
2.870000e-06	-3.460247e-06	-7.406789e-09	-2.400176e+01	-4.856932e+02
2.880000e-06	-3.534498e-06	-7.530156e-09	-2.451680e+01	-4.938723e+02
2.890000e-06	-3.607424e-06	-7.646492e-09	-2.502264e+01	-5.017016e+02
2.900000e-06	-3.679184e-06	-7.761706e-09	-2.552040e+01	-5.092071e+02
2.910000e-06	-3.749719e-06	-7.873692e-09	-2.600966e+01	-5.163745e+02
2.920000e-06	-3.818744e-06	-7.978435e-09	-2.648845e+01	-5.231688e+02
2.930000e-06	-3.886343e-06	-8.073718e-09	-2.695734e+01	-5.295640e+02
2.940000e-06	-3.952660e-06	-8.163970e-09	-2.741735e+01	-5.355682e+02
2.950000e-06	-4.017670e-06	-8.252298e-09	-2.786828e+01	-5.412283e+02
2.960000e-06	-4.081355e-06	-8.335616e-09	-2.831003e+01	-5.466117e+02
2.970000e-06	-4.143552e-06	-8.412991e-09	-2.874145e+01	-5.517747e+02
2.980000e-06	-4.204065e-06	-8.486355e-09	-2.916120e+01	-5.567361e+02
2.990000e-06	-4.263012e-06	-8.559615e-09	-2.957008e+01	-5.614729e+02
3.000000e-06	-4.320599e-06	-8.632397e-09	-2.996953e+01	-5.659405e+02
3.010000e-06	-4.376787e-06	-8.698169e-09	-3.035927e+01	-5.701082e+02
3.020000e-06	-4.431305e-06	-8.754502e-09	-3.073743e+01	-5.739863e+02
3.030000e-06	-4.483910e-06	-8.807683e-09	-3.110233e+01	-5.776295e+02
3.040000e-06	-4.534666e-06	-8.862026e-09	-3.145439e+01	-5.811136e+02
3.050000e-06	-4.583596e-06	-8.914627e-09	-3.179379e+01	-5.844977e+02
3.060000e-06	-4.630562e-06	-8.961641e-09	-3.211957e+01	-5.877966e+02
3.070000e-06	-4.675873e-06	-9.005311e-09	-3.243387e+01	-5.909772e+02
3.080000e-06	-4.719784e-06	-9.052898e-09	-3.273845e+01	-5.939822e+02
3.090000e-06	-4.762218e-06	-9.102720e-09	-3.303279e+01	-5.967644e+02
3.100000e-06	-4.803146e-06	-9.146828e-09	-3.331668e+01	-5.993125e+02
3.110000e-06	-4.842507e-06	-9.180912e-09	-3.358971e+01	-6.016534e+02
3.120000e-06	-4.880128e-06	-9.209991e-09	-3.385066e+01	-6.038330e+02
3.130000e-06	-4.915904e-06	-9.243214e-09	-3.409882e+01	-6.058899e+02
3.140000e-06	-4.949963e-06	-9.276855e-09	-3.433507e+01	-6.078386e+02
3.150000e-06	-4.982344e-06	-9.302899e-09	-3.455968e+01	-6.096710e+02
3.160000e-06	-5.012928e-06	-9.323762e-09	-3.477182e+01	-6.113720e+02
3.170000e-06	-5.041619e-06	-9.347547e-09	-3.497083e+01	-6.129366e+02
3.180000e-06	-5.068552e-06	-9.375531e-09	-3.515765e+01	-6.143761e+02
3.190000e-06	-5.093794e-06	-9.401217e-09	-3.533274e+01	-6.157104e+02
3.200000e-06	-5.117231e-06	-9.418409e-09	-3.549531e+01	-6.169531e+02
3.210000e-06	-5.138780e-06	-9.430580e-09	-3.564479e+01	-6.181011e+02
3.220000e-06	-5.158462e-06	-9.445434e-09	-3.578130e+01	-6.191357e+02
3.230000e-06	-5.176406e-06	-9.462822e-09	-3.590577e+01	-6.200358e+02
3.240000e-06	-5.192633e-06	-9.476297e-09	-3.601833e+01	-6.207941e+02
3.250000e-06	-5.206880e-06	-9.484591e-09	-3.611716e+01	-6.214253e+02
3.260000e-06	-5.218959e-06	-9.491255e-09	-3.620094e+01	-6.219627e+02
3.270000e-06	-5.229083e-06	-9.500573e-09	-3.627117e+01	-6.224418e+02
3.280000e-06	-5.237476e-06	-9.509992e-09	-3.632938e+01	-6.228823e+02
3.290000e-06	-5.244018e-06	-9.514543e-09	-3.637476e+01	-6.232759e+02
3.300000e-06	-5.248561e-06	-9.515334e-09	-3.640627e+01	-6.235877e+02
3.310000e-06	-5.251318e-06	-9.515423e-09	-3.642539e+01	-6.237721e+02
3.320000e-06	-5.252446e-06	-9.518942e-09	-3.643322e+01	-6.237958e+02
