# Temperatura_=_20.0
# Concentracion g/m^3_=_10000.0
# C_Vs_to_Am_M_A/Vsm_=_65563218390.804596
# pendiente_HvsI_1/m_=_3716.3
# ordenada_HvsI_A/m_=_1297.0
# frecuencia_Hz_=_301290.9641240084

Tiempo_(s)	Campo_(V.s)	Magnetizacion_(V.s)	Campo_(kA/m)	Magnetizacion_(A/m)
0.000000e+00	-2.683816e-06	-5.925672e-09	-1.801013e+01	-3.880897e+02
1.000000e-08	-2.683514e-06	-5.927195e-09	-1.800810e+01	-3.884140e+02
2.000000e-08	-2.682466e-06	-5.928455e-09	-1.800107e+01	-3.886359e+02
3.000000e-08	-2.680299e-06	-5.932469e-09	-1.798653e+01	-3.887717e+02
4.000000e-08	-2.676903e-06	-5.937920e-09	-1.796374e+01	-3.888287e+02
5.000000e-08	-2.672694e-06	-5.939336e-09	-1.793549e+01	-3.888122e+02
6.000000e-08	-2.667797e-06	-5.935238e-09	-1.790263e+01	-3.887249e+02
7.000000e-08	-2.662024e-06	-5.927728e-09	-1.786389e+01	-3.885562e+02
8.000000e-08	-2.655299e-06	-5.930410e-09	-1.781876e+01	-3.882697e+02
9.000000e-08	-2.647526e-06	-5.937159e-09	-1.776660e+01	-3.878103e+02
1.000000e-07	-2.638585e-06	-5.930941e-09	-1.770660e+01	-3.871356e+02
1.100000e-07	-2.628529e-06	-5.890379e-09	-1.763912e+01	-3.862578e+02
1.200000e-07	-2.617601e-06	-5.848472e-09	-1.756578e+01	-3.852635e+02
1.300000e-07	-2.605754e-06	-5.881510e-09	-1.748628e+01	-3.842873e+02
1.400000e-07	-2.592802e-06	-5.870925e-09	-1.739937e+01	-3.834437e+02
1.500000e-07	-2.578967e-06	-5.853075e-09	-1.730652e+01	-3.827549e+02
1.600000e-07	-2.564220e-06	-5.811703e-09	-1.720757e+01	-3.821223e+02
1.700000e-07	-2.547894e-06	-5.825806e-09	-1.709801e+01	-3.813679e+02
1.800000e-07	-2.530247e-06	-5.820641e-09	-1.697958e+01	-3.803286e+02
1.900000e-07	-2.512226e-06	-5.755779e-09	-1.685865e+01	-3.789470e+02
2.000000e-07	-2.493617e-06	-5.771119e-09	-1.673377e+01	-3.773028e+02
2.100000e-07	-2.473958e-06	-5.722477e-09	-1.660185e+01	-3.755632e+02
2.200000e-07	-2.453640e-06	-5.682438e-09	-1.646550e+01	-3.738828e+02
2.300000e-07	-2.432810e-06	-5.683470e-09	-1.632572e+01	-3.723144e+02
2.400000e-07	-2.411023e-06	-5.672601e-09	-1.617951e+01	-3.707872e+02
2.500000e-07	-2.388154e-06	-5.624954e-09	-1.602604e+01	-3.691607e+02
2.600000e-07	-2.364466e-06	-5.586476e-09	-1.586709e+01	-3.673161e+02
2.700000e-07	-2.340200e-06	-5.549839e-09	-1.570424e+01	-3.652250e+02
2.800000e-07	-2.315337e-06	-5.535398e-09	-1.553739e+01	-3.629525e+02
2.900000e-07	-2.289431e-06	-5.502176e-09	-1.536355e+01	-3.606015e+02
3.000000e-07	-2.262187e-06	-5.454973e-09	-1.518073e+01	-3.582395e+02
3.100000e-07	-2.234072e-06	-5.411425e-09	-1.499206e+01	-3.558599e+02
3.200000e-07	-2.205488e-06	-5.395330e-09	-1.480024e+01	-3.533994e+02
3.300000e-07	-2.176203e-06	-5.360766e-09	-1.460372e+01	-3.507944e+02
3.400000e-07	-2.146080e-06	-5.283028e-09	-1.440158e+01	-3.480312e+02
3.500000e-07	-2.115059e-06	-5.261952e-09	-1.419340e+01	-3.451570e+02
3.600000e-07	-2.083245e-06	-5.214311e-09	-1.397991e+01	-3.422452e+02
3.700000e-07	-2.051026e-06	-5.160410e-09	-1.376370e+01	-3.393440e+02
3.800000e-07	-2.018378e-06	-5.136851e-09	-1.354461e+01	-3.364453e+02
3.900000e-07	-1.984813e-06	-5.102730e-09	-1.331937e+01	-3.334920e+02
4.000000e-07	-1.950068e-06	-5.010203e-09	-1.308621e+01	-3.304176e+02
4.100000e-07	-1.914415e-06	-4.974859e-09	-1.284696e+01	-3.271863e+02
4.200000e-07	-1.878190e-06	-4.962344e-09	-1.260386e+01	-3.238101e+02
4.300000e-07	-1.841494e-06	-4.878694e-09	-1.235761e+01	-3.203351e+02
4.400000e-07	-1.804125e-06	-4.814432e-09	-1.210683e+01	-3.168123e+02
4.500000e-07	-1.766095e-06	-4.767368e-09	-1.185163e+01	-3.132730e+02
4.600000e-07	-1.727506e-06	-4.723205e-09	-1.159267e+01	-3.097211e+02
4.700000e-07	-1.688259e-06	-4.670570e-09	-1.132930e+01	-3.061398e+02
4.800000e-07	-1.648433e-06	-4.619409e-09	-1.106204e+01	-3.025008e+02
4.900000e-07	-1.608221e-06	-4.547512e-09	-1.079220e+01	-2.987700e+02
5.000000e-07	-1.567705e-06	-4.492311e-09	-1.052031e+01	-2.949112e+02
5.100000e-07	-1.526664e-06	-4.437848e-09	-1.024489e+01	-2.908945e+02
5.200000e-07	-1.484825e-06	-4.366550e-09	-9.964132e+00	-2.867118e+02
5.300000e-07	-1.442037e-06	-4.297972e-09	-9.676991e+00	-2.823901e+02
5.400000e-07	-1.398460e-06	-4.226721e-09	-9.384563e+00	-2.779889e+02
5.500000e-07	-1.354436e-06	-4.172512e-09	-9.089134e+00	-2.735747e+02
5.600000e-07	-1.310088e-06	-4.112943e-09	-8.791528e+00	-2.691840e+02
5.700000e-07	-1.265383e-06	-4.045286e-09	-8.491533e+00	-2.647964e+02
5.800000e-07	-1.220301e-06	-3.962467e-09	-8.189000e+00	-2.603385e+02
5.900000e-07	-1.174767e-06	-3.893574e-09	-7.883443e+00	-2.557209e+02
6.000000e-07	-1.128801e-06	-3.826073e-09	-7.574978e+00	-2.508888e+02
6.100000e-07	-1.082487e-06	-3.748429e-09	-7.264180e+00	-2.458543e+02
6.200000e-07	-1.035701e-06	-3.668440e-09	-6.950216e+00	-2.406906e+02
6.300000e-07	-9.884688e-07	-3.586691e-09	-6.633260e+00	-2.354899e+02
6.400000e-07	-9.409119e-07	-3.516610e-09	-6.314123e+00	-2.303115e+02
6.500000e-07	-8.930623e-07	-3.444095e-09	-5.993021e+00	-2.251505e+02
6.600000e-07	-8.449874e-07	-3.365384e-09	-5.670408e+00	-2.199443e+02
6.700000e-07	-7.967387e-07	-3.273736e-09	-5.346628e+00	-2.146086e+02
6.800000e-07	-7.483207e-07	-3.189553e-09	-5.021712e+00	-2.090802e+02
6.900000e-07	-6.996726e-07	-3.107664e-09	-4.695252e+00	-2.033403e+02
7.000000e-07	-6.507728e-07	-3.019669e-09	-4.367104e+00	-1.974108e+02
7.100000e-07	-6.015525e-07	-2.923330e-09	-4.036803e+00	-1.913339e+02
7.200000e-07	-5.518820e-07	-2.822225e-09	-3.703482e+00	-1.851498e+02
7.300000e-07	-5.017294e-07	-2.730265e-09	-3.366926e+00	-1.788872e+02
7.400000e-07	-4.512829e-07	-2.638652e-09	-3.028398e+00	-1.725641e+02
7.500000e-07	-4.006497e-07	-2.544219e-09	-2.688617e+00	-1.661901e+02
7.600000e-07	-3.497532e-07	-2.441496e-09	-2.347068e+00	-1.597633e+02
7.700000e-07	-2.985981e-07	-2.341277e-09	-2.003785e+00	-1.532629e+02
7.800000e-07	-2.472864e-07	-2.242341e-09	-1.659450e+00	-1.466484e+02
7.900000e-07	-1.959298e-07	-2.142500e-09	-1.314814e+00	-1.398723e+02
8.000000e-07	-1.445171e-07	-2.034645e-09	-9.698028e-01	-1.329039e+02
8.100000e-07	-9.297326e-08	-1.921087e-09	-6.239102e-01	-1.257500e+02
8.200000e-07	-4.127799e-08	-1.811991e-09	-2.770018e-01	-1.184568e+02
8.300000e-07	1.040105e-08	-1.702778e-09	6.979772e-02	-1.110885e+02
8.400000e-07	6.198664e-08	-1.591882e-09	4.159701e-01	-1.036921e+02
8.500000e-07	1.135313e-07	-1.474326e-09	7.618678e-01	-9.626875e+01
8.600000e-07	1.650585e-07	-1.357982e-09	1.107649e+00	-8.877070e+01
8.700000e-07	2.164833e-07	-1.241920e-09	1.452742e+00	-8.112555e+01
8.800000e-07	2.677283e-07	-1.124504e-09	1.796629e+00	-7.327495e+01
8.900000e-07	3.188223e-07	-1.000440e-09	2.139502e+00	-6.520536e+01
9.000000e-07	3.697379e-07	-8.718984e-10	2.481178e+00	-5.695423e+01
9.100000e-07	4.204183e-07	-7.457097e-10	2.821277e+00	-4.858962e+01
9.200000e-07	4.707436e-07	-6.191739e-10	3.158992e+00	-4.017614e+01
9.300000e-07	5.206552e-07	-4.898351e-10	3.493930e+00	-3.174633e+01
9.400000e-07	5.702048e-07	-3.562498e-10	3.826440e+00	-2.329105e+01
9.500000e-07	6.194296e-07	-2.252981e-10	4.156771e+00	-1.477107e+01
9.600000e-07	6.683090e-07	-9.563780e-11	4.484783e+00	-6.140766e+00
9.700000e-07	7.169125e-07	3.417725e-11	4.810943e+00	2.629537e+00
9.800000e-07	7.653197e-07	1.708225e-10	5.135786e+00	1.154266e+01
9.900000e-07	8.135845e-07	3.131275e-10	5.459675e+00	2.057764e+01
1.000000e-06	8.617444e-07	4.537541e-10	5.782858e+00	2.970189e+01
1.010000e-06	9.097187e-07	5.920143e-10	6.104796e+00	3.888446e+01
1.020000e-06	9.573723e-07	7.295329e-10	6.424583e+00	4.810328e+01
1.030000e-06	1.004570e-06	8.697642e-10	6.741312e+00	5.734429e+01
1.040000e-06	1.051317e-06	1.010133e-09	7.055013e+00	6.659528e+01
1.050000e-06	1.097691e-06	1.149841e-09	7.366208e+00	7.584068e+01
1.060000e-06	1.143750e-06	1.290127e-09	7.675300e+00	8.506255e+01
1.070000e-06	1.189442e-06	1.435037e-09	7.981917e+00	9.424869e+01
1.080000e-06	1.234657e-06	1.579271e-09	8.285338e+00	1.034029e+02
1.090000e-06	1.279429e-06	1.719676e-09	8.585793e+00	1.125485e+02
1.100000e-06	1.323873e-06	1.857832e-09	8.884035e+00	1.217190e+02
1.110000e-06	1.368102e-06	1.996477e-09	9.180841e+00	1.309367e+02
1.120000e-06	1.412058e-06	2.138069e-09	9.475816e+00	1.401897e+02
1.130000e-06	1.455490e-06	2.278607e-09	9.767275e+00	1.494213e+02
1.140000e-06	1.498073e-06	2.417956e-09	1.005303e+01	1.585434e+02
1.150000e-06	1.539687e-06	2.554053e-09	1.033229e+01	1.674690e+02
1.160000e-06	1.580536e-06	2.690082e-09	1.060641e+01	1.761506e+02
1.170000e-06	1.620895e-06	2.824788e-09	1.087724e+01	1.846015e+02
1.180000e-06	1.660884e-06	2.955073e-09	1.114560e+01	1.928871e+02
1.190000e-06	1.700395e-06	3.078026e-09	1.141074e+01	2.010882e+02
1.200000e-06	1.739333e-06	3.197129e-09	1.167204e+01	2.092549e+02
1.210000e-06	1.777620e-06	3.320090e-09	1.192897e+01	2.173765e+02
1.220000e-06	1.815239e-06	3.444405e-09	1.218142e+01	2.253827e+02
1.230000e-06	1.852261e-06	3.565713e-09	1.242986e+01	2.331760e+02
1.240000e-06	1.888771e-06	3.680381e-09	1.267487e+01	2.406773e+02
1.250000e-06	1.924839e-06	3.790932e-09	1.291691e+01	2.478609e+02
1.260000e-06	1.960281e-06	3.898396e-09	1.315474e+01	2.547633e+02
1.270000e-06	1.994791e-06	4.001305e-09	1.338633e+01	2.614610e+02
1.280000e-06	2.028255e-06	4.099220e-09	1.361089e+01	2.680332e+02
1.290000e-06	2.060882e-06	4.195705e-09	1.382984e+01	2.745231e+02
1.300000e-06	2.092938e-06	4.292449e-09	1.404495e+01	2.809178e+02
1.310000e-06	2.124354e-06	4.388512e-09	1.425578e+01	2.871523e+02
1.320000e-06	2.155019e-06	4.481183e-09	1.446156e+01	2.931364e+02
1.330000e-06	2.184942e-06	4.566564e-09	1.466237e+01	2.987945e+02
1.340000e-06	2.214080e-06	4.645180e-09	1.485789e+01	3.041025e+02
1.350000e-06	2.242599e-06	4.720234e-09	1.504928e+01	3.091049e+02
1.360000e-06	2.270638e-06	4.794165e-09	1.523744e+01	3.139010e+02
1.370000e-06	2.297818e-06	4.865506e-09	1.541983e+01	3.186027e+02
1.380000e-06	2.323728e-06	4.934745e-09	1.559370e+01	3.232802e+02
1.390000e-06	2.348542e-06	5.004159e-09	1.576023e+01	3.279231e+02
1.400000e-06	2.372640e-06	5.074300e-09	1.592193e+01	3.324412e+02
1.410000e-06	2.395961e-06	5.141163e-09	1.607844e+01	3.367094e+02
1.420000e-06	2.418461e-06	5.200293e-09	1.622942e+01	3.406370e+02
1.430000e-06	2.440142e-06	5.251690e-09	1.637492e+01	3.442215e+02
1.440000e-06	2.461010e-06	5.299439e-09	1.651495e+01	3.475556e+02
1.450000e-06	2.481268e-06	5.347419e-09	1.665090e+01	3.507773e+02
1.460000e-06	2.500822e-06	5.397297e-09	1.678212e+01	3.539931e+02
1.470000e-06	2.519421e-06	5.447499e-09	1.690693e+01	3.572162e+02
1.480000e-06	2.537091e-06	5.494279e-09	1.702551e+01	3.603615e+02
1.490000e-06	2.553943e-06	5.538818e-09	1.713860e+01	3.632982e+02
1.500000e-06	2.569755e-06	5.580906e-09	1.724471e+01	3.659301e+02
1.510000e-06	2.584446e-06	5.617537e-09	1.734329e+01	3.682517e+02
1.520000e-06	2.598149e-06	5.647984e-09	1.743525e+01	3.703483e+02
1.530000e-06	2.610901e-06	5.675335e-09	1.752082e+01	3.723398e+02
1.540000e-06	2.622650e-06	5.702933e-09	1.759967e+01	3.743086e+02
1.550000e-06	2.633112e-06	5.732349e-09	1.766987e+01	3.762560e+02
1.560000e-06	2.642339e-06	5.761790e-09	1.773179e+01	3.781129e+02
1.570000e-06	2.650676e-06	5.789383e-09	1.778774e+01	3.797931e+02
1.580000e-06	2.658179e-06	5.813882e-09	1.783809e+01	3.812499e+02
1.590000e-06	2.664814e-06	5.833773e-09	1.788261e+01	3.825010e+02
1.600000e-06	2.670545e-06	5.849457e-09	1.792107e+01	3.836073e+02
1.610000e-06	2.675419e-06	5.861700e-09	1.795378e+01	3.846286e+02
1.620000e-06	2.679540e-06	5.873502e-09	1.798143e+01	3.855867e+02
1.630000e-06	2.682690e-06	5.887519e-09	1.800257e+01	3.864602e+02
1.640000e-06	2.684568e-06	5.902101e-09	1.801518e+01	3.872093e+02
1.650000e-06	2.685339e-06	5.913171e-09	1.802035e+01	3.878069e+02
1.660000e-06	2.685282e-06	5.919885e-09	1.801996e+01	3.882545e+02
1.670000e-06	2.684402e-06	5.922725e-09	1.801406e+01	3.885750e+02
1.680000e-06	2.682681e-06	5.924942e-09	1.800251e+01	3.887938e+02
1.690000e-06	2.680119e-06	5.927295e-09	1.798532e+01	3.889269e+02
1.700000e-06	2.676832e-06	5.926752e-09	1.796326e+01	3.889814e+02
1.710000e-06	2.672887e-06	5.925220e-09	1.793679e+01	3.889625e+02
1.720000e-06	2.667934e-06	5.926824e-09	1.790355e+01	3.888728e+02
1.730000e-06	2.661778e-06	5.929317e-09	1.786224e+01	3.887008e+02
1.740000e-06	2.654627e-06	5.916122e-09	1.781425e+01	3.884093e+02
1.750000e-06	2.646411e-06	5.880226e-09	1.775911e+01	3.879430e+02
1.760000e-06	2.636757e-06	5.891595e-09	1.769433e+01	3.872606e+02
1.770000e-06	2.625947e-06	5.900896e-09	1.762179e+01	3.863769e+02
1.780000e-06	2.614968e-06	5.893952e-09	1.754811e+01	3.853810e+02
1.790000e-06	2.603750e-06	5.852342e-09	1.747283e+01	3.844081e+02
1.800000e-06	2.590953e-06	5.815463e-09	1.738696e+01	3.835706e+02
1.810000e-06	2.576362e-06	5.843867e-09	1.728904e+01	3.828864e+02
1.820000e-06	2.561100e-06	5.821000e-09	1.718663e+01	3.822529e+02
1.830000e-06	2.545272e-06	5.821141e-09	1.708041e+01	3.814909e+02
1.840000e-06	2.528208e-06	5.803706e-09	1.696590e+01	3.804397e+02
1.850000e-06	2.510282e-06	5.773737e-09	1.684560e+01	3.790468e+02
1.860000e-06	2.491957e-06	5.750222e-09	1.672263e+01	3.773962e+02
1.870000e-06	2.472794e-06	5.740135e-09	1.659404e+01	3.756567e+02
1.880000e-06	2.452687e-06	5.733765e-09	1.645911e+01	3.739803e+02
1.890000e-06	2.431684e-06	5.656662e-09	1.631816e+01	3.724155e+02
1.900000e-06	2.409411e-06	5.632610e-09	1.616869e+01	3.708875e+02
1.910000e-06	2.386089e-06	5.663398e-09	1.601219e+01	3.692550e+02
1.920000e-06	2.362094e-06	5.617929e-09	1.585117e+01	3.674017e+02
1.930000e-06	2.337277e-06	5.577026e-09	1.568463e+01	3.653027e+02
1.940000e-06	2.311741e-06	5.547723e-09	1.551327e+01	3.630258e+02
1.950000e-06	2.285525e-06	5.489690e-09	1.533734e+01	3.606739e+02
1.960000e-06	2.258500e-06	5.480531e-09	1.515598e+01	3.583120e+02
1.970000e-06	2.230868e-06	5.449827e-09	1.497056e+01	3.559310e+02
1.980000e-06	2.202496e-06	5.377049e-09	1.478016e+01	3.534665e+02
1.990000e-06	2.172797e-06	5.348223e-09	1.458086e+01	3.508558e+02
2.000000e-06	2.141912e-06	5.334161e-09	1.437361e+01	3.480878e+02
2.010000e-06	2.110444e-06	5.258863e-09	1.416243e+01	3.452111e+02
2.020000e-06	2.078290e-06	5.235164e-09	1.394666e+01	3.422993e+02
2.030000e-06	2.045343e-06	5.196087e-09	1.372556e+01	3.393990e+02
2.040000e-06	2.011825e-06	5.102029e-09	1.350064e+01	3.364996e+02
2.050000e-06	1.977733e-06	5.100414e-09	1.327186e+01	3.335433e+02
2.060000e-06	1.942990e-06	5.077017e-09	1.303871e+01	3.304638e+02
2.070000e-06	1.907667e-06	4.974048e-09	1.280167e+01	3.272270e+02
2.080000e-06	1.871843e-06	4.922884e-09	1.256127e+01	3.238465e+02
2.090000e-06	1.835315e-06	4.908739e-09	1.231614e+01	3.203692e+02
2.100000e-06	1.797689e-06	4.848308e-09	1.206365e+01	3.168457e+02
2.110000e-06	1.759005e-06	4.787603e-09	1.180405e+01	3.133062e+02
2.120000e-06	1.719754e-06	4.722384e-09	1.154065e+01	3.097538e+02
2.130000e-06	1.680141e-06	4.659390e-09	1.127482e+01	3.061712e+02
2.140000e-06	1.640039e-06	4.625576e-09	1.100571e+01	3.025297e+02
2.150000e-06	1.599295e-06	4.562903e-09	1.073230e+01	2.987952e+02
2.160000e-06	1.557997e-06	4.497508e-09	1.045516e+01	2.949314e+02
2.170000e-06	1.516282e-06	4.440753e-09	1.017522e+01	2.909089e+02
2.180000e-06	1.473979e-06	4.380055e-09	9.891345e+00	2.867207e+02
2.190000e-06	1.431073e-06	4.317754e-09	9.603418e+00	2.823952e+02
2.200000e-06	1.387797e-06	4.252069e-09	9.313010e+00	2.779926e+02
2.210000e-06	1.344273e-06	4.170331e-09	9.020931e+00	2.735791e+02
2.220000e-06	1.300470e-06	4.095326e-09	8.726992e+00	2.691895e+02
2.230000e-06	1.256183e-06	4.040876e-09	8.429792e+00	2.648011e+02
2.240000e-06	1.211298e-06	3.979483e-09	8.128590e+00	2.603391e+02
2.250000e-06	1.165934e-06	3.904738e-09	7.824165e+00	2.557146e+02
2.260000e-06	1.120118e-06	3.823122e-09	7.516709e+00	2.508749e+02
2.270000e-06	1.073987e-06	3.752455e-09	7.207139e+00	2.458344e+02
2.280000e-06	1.027642e-06	3.678050e-09	6.896140e+00	2.406681e+02
2.290000e-06	9.810497e-07	3.595681e-09	6.583473e+00	2.354676e+02
2.300000e-06	9.341452e-07	3.504740e-09	6.268714e+00	2.302905e+02
2.310000e-06	8.867985e-07	3.420900e-09	5.950987e+00	2.251294e+02
2.320000e-06	8.390094e-07	3.351260e-09	5.630292e+00	2.199202e+02
2.330000e-06	7.907547e-07	3.273057e-09	5.306472e+00	2.145788e+02
2.340000e-06	7.420807e-07	3.184190e-09	4.979838e+00	2.090430e+02
2.350000e-06	6.930763e-07	3.090600e-09	4.650987e+00	2.032959e+02
2.360000e-06	6.438266e-07	3.004371e-09	4.320490e+00	1.973606e+02
2.370000e-06	5.943935e-07	2.918436e-09	3.988762e+00	1.912794e+02
2.380000e-06	5.447575e-07	2.823710e-09	3.655672e+00	1.850923e+02
2.390000e-06	4.949239e-07	2.720789e-09	3.321257e+00	1.788275e+02
2.400000e-06	4.448797e-07	2.621653e-09	2.985428e+00	1.725026e+02
2.410000e-06	3.946432e-07	2.528711e-09	2.648309e+00	1.661271e+02
2.420000e-06	3.441977e-07	2.434698e-09	2.309788e+00	1.596983e+02
2.430000e-06	2.936247e-07	2.333184e-09	1.970410e+00	1.531948e+02
2.440000e-06	2.430216e-07	2.224908e-09	1.630831e+00	1.465755e+02
2.450000e-06	1.923627e-07	2.123151e-09	1.290877e+00	1.397931e+02
2.460000e-06	1.415451e-07	2.021376e-09	9.498588e-01	1.328179e+02
2.470000e-06	9.061177e-08	1.913986e-09	6.080632e-01	1.256582e+02
2.480000e-06	3.968200e-08	1.798080e-09	2.662917e-01	1.183614e+02
2.490000e-06	-1.119734e-08	1.681715e-09	-7.514137e-02	1.109917e+02
2.500000e-06	-6.203435e-08	1.572260e-09	-4.162903e-01	1.035948e+02
2.510000e-06	-1.129332e-07	1.463613e-09	-7.578546e-01	9.617007e+01
2.520000e-06	-1.638041e-07	1.349527e-09	-1.099231e+00	8.866824e+01
2.530000e-06	-2.145218e-07	1.227756e-09	-1.439579e+00	8.101675e+01
2.540000e-06	-2.651504e-07	1.107580e-09	-1.779329e+00	7.315843e+01
2.550000e-06	-3.157488e-07	9.882202e-10	-2.118877e+00	6.508164e+01
2.560000e-06	-3.661934e-07	8.645360e-10	-2.457393e+00	5.682539e+01
2.570000e-06	-4.164417e-07	7.339796e-10	-2.794591e+00	4.845823e+01
2.580000e-06	-4.665722e-07	6.033640e-10	-3.130999e+00	4.004405e+01
2.590000e-06	-5.164986e-07	4.781773e-10	-3.466037e+00	3.161391e+01
2.600000e-06	-5.661794e-07	3.533163e-10	-3.799427e+00	2.315730e+01
2.610000e-06	-6.156383e-07	2.225680e-10	-4.131328e+00	1.463432e+01
2.620000e-06	-6.648634e-07	8.644262e-11	-4.461661e+00	5.999568e+00
2.630000e-06	-7.138523e-07	-4.751488e-11	-4.790407e+00	-2.775762e+00
2.640000e-06	-7.625088e-07	-1.803650e-10	-5.116924e+00	-1.169352e+01
2.650000e-06	-8.107621e-07	-3.156797e-10	-5.440734e+00	-2.073208e+01
2.660000e-06	-8.584764e-07	-4.575870e-10	-5.760928e+00	-2.985871e+01
2.670000e-06	-9.056408e-07	-6.003184e-10	-6.077431e+00	-3.904271e+01
2.680000e-06	-9.523316e-07	-7.390003e-10	-6.390756e+00	-4.826234e+01
2.690000e-06	-9.986342e-07	-8.777459e-10	-6.701476e+00	-5.750373e+01
2.700000e-06	-1.044722e-06	-1.021950e-09	-7.010754e+00	-6.675463e+01
2.710000e-06	-1.090578e-06	-1.168428e-09	-7.318480e+00	-7.599931e+01
2.720000e-06	-1.136186e-06	-1.308499e-09	-7.624539e+00	-8.521985e+01
2.730000e-06	-1.181544e-06	-1.443148e-09	-7.928918e+00	-9.440448e+01
2.740000e-06	-1.226569e-06	-1.576667e-09	-8.231066e+00	-1.035577e+02
2.750000e-06	-1.271131e-06	-1.714880e-09	-8.530102e+00	-1.127034e+02
2.760000e-06	-1.315158e-06	-1.857196e-09	-8.825552e+00	-1.218751e+02
2.770000e-06	-1.358778e-06	-2.000323e-09	-9.118274e+00	-1.310944e+02
2.780000e-06	-1.402174e-06	-2.141756e-09	-9.409488e+00	-1.403476e+02
2.790000e-06	-1.445284e-06	-2.281947e-09	-9.698785e+00	-1.495768e+02
2.800000e-06	-1.487923e-06	-2.421350e-09	-9.984915e+00	-1.586930e+02
2.810000e-06	-1.529991e-06	-2.555760e-09	-1.026722e+01	-1.676102e+02
2.820000e-06	-1.571509e-06	-2.684056e-09	-1.054583e+01	-1.762828e+02
2.830000e-06	-1.612513e-06	-2.807239e-09	-1.082100e+01	-1.847262e+02
2.840000e-06	-1.652929e-06	-2.931494e-09	-1.109221e+01	-1.930073e+02
2.850000e-06	-1.692751e-06	-3.060032e-09	-1.135945e+01	-2.012064e+02
2.860000e-06	-1.732101e-06	-3.188533e-09	-1.162351e+01	-2.093719e+02
2.870000e-06	-1.771000e-06	-3.312012e-09	-1.188455e+01	-2.174907e+02
2.880000e-06	-1.809212e-06	-3.431314e-09	-1.214097e+01	-2.254908e+02
2.890000e-06	-1.846479e-06	-3.548780e-09	-1.239106e+01	-2.332746e+02
2.900000e-06	-1.882794e-06	-3.662704e-09	-1.263476e+01	-2.407644e+02
2.910000e-06	-1.918452e-06	-3.771293e-09	-1.287405e+01	-2.479369e+02
2.920000e-06	-1.953643e-06	-3.874564e-09	-1.311020e+01	-2.548302e+02
2.930000e-06	-1.988229e-06	-3.976256e-09	-1.334229e+01	-2.615221e+02
2.940000e-06	-2.022126e-06	-4.078178e-09	-1.356977e+01	-2.680907e+02
2.950000e-06	-2.055304e-06	-4.178886e-09	-1.379241e+01	-2.745775e+02
2.960000e-06	-2.087709e-06	-4.276919e-09	-1.400987e+01	-2.809677e+02
2.970000e-06	-2.119467e-06	-4.371186e-09	-1.422298e+01	-2.871947e+02
2.980000e-06	-2.150662e-06	-4.461439e-09	-1.443232e+01	-2.931680e+02
2.990000e-06	-2.180998e-06	-4.549286e-09	-1.463590e+01	-2.988135e+02
3.000000e-06	-2.210172e-06	-4.632574e-09	-1.483167e+01	-3.041092e+02
3.010000e-06	-2.238320e-06	-4.708993e-09	-1.502057e+01	-3.091021e+02
3.020000e-06	-2.265810e-06	-4.780783e-09	-1.520504e+01	-3.138928e+02
3.030000e-06	-2.292659e-06	-4.852813e-09	-1.538521e+01	-3.185926e+02
3.040000e-06	-2.318699e-06	-4.927318e-09	-1.555996e+01	-3.232694e+02
3.050000e-06	-2.343879e-06	-4.999275e-09	-1.572893e+01	-3.279097e+02
3.060000e-06	-2.368225e-06	-5.065817e-09	-1.589231e+01	-3.324207e+02
3.070000e-06	-2.391921e-06	-5.129290e-09	-1.605133e+01	-3.366778e+02
3.080000e-06	-2.414957e-06	-5.191553e-09	-1.620591e+01	-3.405923e+02
3.090000e-06	-2.437006e-06	-5.249902e-09	-1.635387e+01	-3.441657e+02
3.100000e-06	-2.457838e-06	-5.300886e-09	-1.649367e+01	-3.474931e+02
3.110000e-06	-2.477685e-06	-5.349504e-09	-1.662686e+01	-3.507130e+02
3.120000e-06	-2.496806e-06	-5.400563e-09	-1.675517e+01	-3.539293e+02
3.130000e-06	-2.515151e-06	-5.451999e-09	-1.687828e+01	-3.571514e+02
3.140000e-06	-2.532686e-06	-5.498672e-09	-1.699595e+01	-3.602913e+02
3.150000e-06	-2.549365e-06	-5.538789e-09	-1.710788e+01	-3.632182e+02
3.160000e-06	-2.565243e-06	-5.576467e-09	-1.721443e+01	-3.658382e+02
3.170000e-06	-2.580399e-06	-5.615407e-09	-1.731613e+01	-3.681498e+02
3.180000e-06	-2.594432e-06	-5.652844e-09	-1.741031e+01	-3.702404e+02
3.190000e-06	-2.607042e-06	-5.683062e-09	-1.749492e+01	-3.722299e+02
3.200000e-06	-2.618455e-06	-5.710881e-09	-1.757151e+01	-3.741982e+02
3.210000e-06	-2.628944e-06	-5.741385e-09	-1.764190e+01	-3.761436e+02
3.220000e-06	-2.638604e-06	-5.771091e-09	-1.770673e+01	-3.779955e+02
3.230000e-06	-2.647324e-06	-5.794523e-09	-1.776524e+01	-3.796679e+02
3.240000e-06	-2.655194e-06	-5.812835e-09	-1.781805e+01	-3.811166e+02
3.250000e-06	-2.662328e-06	-5.832212e-09	-1.786593e+01	-3.823610e+02
3.260000e-06	-2.668361e-06	-5.853517e-09	-1.790641e+01	-3.834633e+02
3.270000e-06	-2.673082e-06	-5.872056e-09	-1.793810e+01	-3.844821e+02
3.280000e-06	-2.676873e-06	-5.884053e-09	-1.796353e+01	-3.854375e+02
3.290000e-06	-2.679941e-06	-5.893701e-09	-1.798412e+01	-3.863071e+02
3.300000e-06	-2.682123e-06	-5.905962e-09	-1.799877e+01	-3.870508e+02
3.310000e-06	-2.683395e-06	-5.918817e-09	-1.800731e+01	-3.876427e+02
