# Temperatura_=_20.0
# Concentracion g/m^3_=_10000.0
# C_Vs_to_Am_M_A/Vsm_=_65563218390.804596
# pendiente_HvsI_1/m_=_3716.3
# ordenada_HvsI_A/m_=_1297.0
# frecuencia_Hz_=_301290.78765621304

Tiempo_(s)	Campo_(V.s)	Magnetizacion_(V.s)	Campo_(kA/m)	Magnetizacion_(A/m)
0.000000e+00	-2.679193e-06	-5.907790e-09	-1.800969e+01	-3.866812e+02
1.000000e-08	-2.678857e-06	-5.907760e-09	-1.800743e+01	-3.868896e+02
2.000000e-08	-2.677793e-06	-5.910353e-09	-1.800028e+01	-3.870424e+02
3.000000e-08	-2.675588e-06	-5.914271e-09	-1.798546e+01	-3.871495e+02
4.000000e-08	-2.672142e-06	-5.918564e-09	-1.796230e+01	-3.871950e+02
5.000000e-08	-2.667858e-06	-5.919453e-09	-1.793349e+01	-3.871525e+02
6.000000e-08	-2.662906e-06	-5.913174e-09	-1.790021e+01	-3.869967e+02
7.000000e-08	-2.657094e-06	-5.897077e-09	-1.786114e+01	-3.867050e+02
8.000000e-08	-2.650353e-06	-5.895050e-09	-1.781583e+01	-3.862566e+02
9.000000e-08	-2.642576e-06	-5.921977e-09	-1.776355e+01	-3.856392e+02
1.000000e-07	-2.633649e-06	-5.929707e-09	-1.770354e+01	-3.848644e+02
1.100000e-07	-2.623582e-06	-5.822700e-09	-1.763587e+01	-3.839823e+02
1.200000e-07	-2.612635e-06	-5.777923e-09	-1.756228e+01	-3.830748e+02
1.300000e-07	-2.600829e-06	-5.860875e-09	-1.748292e+01	-3.822236e+02
1.400000e-07	-2.587867e-06	-5.887662e-09	-1.739579e+01	-3.814631e+02
1.500000e-07	-2.573978e-06	-5.780941e-09	-1.730243e+01	-3.807492e+02
1.600000e-07	-2.559285e-06	-5.765992e-09	-1.720366e+01	-3.799687e+02
1.700000e-07	-2.543003e-06	-5.846212e-09	-1.709421e+01	-3.789925e+02
1.800000e-07	-2.525382e-06	-5.740431e-09	-1.697576e+01	-3.777455e+02
1.900000e-07	-2.507457e-06	-5.691358e-09	-1.685527e+01	-3.762502e+02
2.000000e-07	-2.488821e-06	-5.769364e-09	-1.673000e+01	-3.746154e+02
2.100000e-07	-2.469047e-06	-5.684388e-09	-1.659708e+01	-3.729743e+02
2.200000e-07	-2.448699e-06	-5.571201e-09	-1.646030e+01	-3.714075e+02
2.300000e-07	-2.427881e-06	-5.673190e-09	-1.632035e+01	-3.698995e+02
2.400000e-07	-2.406055e-06	-5.683805e-09	-1.617364e+01	-3.683539e+02
2.500000e-07	-2.383123e-06	-5.538795e-09	-1.601949e+01	-3.666564e+02
2.600000e-07	-2.359428e-06	-5.512039e-09	-1.586021e+01	-3.647447e+02
2.700000e-07	-2.335212e-06	-5.537889e-09	-1.569743e+01	-3.626400e+02
2.800000e-07	-2.310443e-06	-5.491398e-09	-1.553093e+01	-3.604242e+02
2.900000e-07	-2.284578e-06	-5.459718e-09	-1.535706e+01	-3.581808e+02
3.000000e-07	-2.257278e-06	-5.415345e-09	-1.517355e+01	-3.559393e+02
3.100000e-07	-2.229121e-06	-5.352465e-09	-1.498428e+01	-3.536606e+02
3.200000e-07	-2.200498e-06	-5.370867e-09	-1.479187e+01	-3.512677e+02
3.300000e-07	-2.171155e-06	-5.328411e-09	-1.459463e+01	-3.487008e+02
3.400000e-07	-2.140995e-06	-5.244735e-09	-1.439189e+01	-3.459583e+02
3.500000e-07	-2.109995e-06	-5.217609e-09	-1.418351e+01	-3.430997e+02
3.600000e-07	-2.078231e-06	-5.168999e-09	-1.396999e+01	-3.402110e+02
3.700000e-07	-2.046053e-06	-5.118429e-09	-1.375368e+01	-3.373564e+02
3.800000e-07	-2.013492e-06	-5.123762e-09	-1.353481e+01	-3.345446e+02
3.900000e-07	-1.980014e-06	-5.053684e-09	-1.330977e+01	-3.317261e+02
4.000000e-07	-1.945315e-06	-4.955866e-09	-1.307652e+01	-3.288200e+02
4.100000e-07	-1.909690e-06	-4.970913e-09	-1.283705e+01	-3.257516e+02
4.200000e-07	-1.873513e-06	-4.948599e-09	-1.259386e+01	-3.224835e+02
4.300000e-07	-1.836854e-06	-4.850335e-09	-1.234744e+01	-3.190287e+02
4.400000e-07	-1.799486e-06	-4.772940e-09	-1.209625e+01	-3.154432e+02
4.500000e-07	-1.761481e-06	-4.731129e-09	-1.184078e+01	-3.118038e+02
4.600000e-07	-1.722958e-06	-4.692371e-09	-1.158183e+01	-3.081772e+02
4.700000e-07	-1.683798e-06	-4.652945e-09	-1.131859e+01	-3.045914e+02
4.800000e-07	-1.643999e-06	-4.585071e-09	-1.105106e+01	-3.010192e+02
4.900000e-07	-1.603791e-06	-4.510876e-09	-1.078078e+01	-2.973840e+02
5.000000e-07	-1.563332e-06	-4.473174e-09	-1.050881e+01	-2.935902e+02
5.100000e-07	-1.522434e-06	-4.423101e-09	-1.023389e+01	-2.895689e+02
5.200000e-07	-1.480680e-06	-4.344156e-09	-9.953217e+00	-2.853160e+02
5.300000e-07	-1.437876e-06	-4.256585e-09	-9.665484e+00	-2.809003e+02
5.400000e-07	-1.394295e-06	-4.194909e-09	-9.372528e+00	-2.764329e+02
5.500000e-07	-1.350274e-06	-4.149238e-09	-9.076619e+00	-2.720098e+02
5.600000e-07	-1.305928e-06	-4.094398e-09	-8.778520e+00	-2.676585e+02
5.700000e-07	-1.261250e-06	-4.013534e-09	-8.478194e+00	-2.633209e+02
5.800000e-07	-1.216179e-06	-3.929358e-09	-8.175222e+00	-2.588827e+02
5.900000e-07	-1.170673e-06	-3.867045e-09	-7.869333e+00	-2.542351e+02
6.000000e-07	-1.124708e-06	-3.804087e-09	-7.560350e+00	-2.493331e+02
6.100000e-07	-1.078357e-06	-3.728108e-09	-7.248780e+00	-2.442162e+02
6.200000e-07	-1.031654e-06	-3.634827e-09	-6.934837e+00	-2.389828e+02
6.300000e-07	-9.845011e-07	-3.551841e-09	-6.617873e+00	-2.337340e+02
6.400000e-07	-9.369944e-07	-3.488118e-09	-6.298530e+00	-2.285210e+02
6.500000e-07	-8.892319e-07	-3.421719e-09	-5.977468e+00	-2.233249e+02
6.600000e-07	-8.412389e-07	-3.329169e-09	-5.654856e+00	-2.180759e+02
6.700000e-07	-7.930633e-07	-3.231122e-09	-5.331017e+00	-2.126946e+02
6.800000e-07	-7.446949e-07	-3.154459e-09	-5.005882e+00	-2.071292e+02
6.900000e-07	-6.961096e-07	-3.082384e-09	-4.679289e+00	-2.013705e+02
7.000000e-07	-6.473098e-07	-2.993320e-09	-4.351254e+00	-1.954420e+02
7.100000e-07	-5.981141e-07	-2.884986e-09	-4.020558e+00	-1.893796e+02
7.200000e-07	-5.484801e-07	-2.785293e-09	-3.686915e+00	-1.832149e+02
7.300000e-07	-4.984863e-07	-2.700011e-09	-3.350853e+00	-1.769714e+02
7.400000e-07	-4.482250e-07	-2.613229e-09	-3.012994e+00	-1.706652e+02
7.500000e-07	-3.977420e-07	-2.511307e-09	-2.673645e+00	-1.643061e+02
7.600000e-07	-3.469326e-07	-2.404411e-09	-2.332101e+00	-1.578918e+02
7.700000e-07	-2.958593e-07	-2.307406e-09	-1.988783e+00	-1.514015e+02
7.800000e-07	-2.446474e-07	-2.215422e-09	-1.644534e+00	-1.447973e+02
7.900000e-07	-1.934011e-07	-2.115015e-09	-1.300053e+00	-1.380373e+02
8.000000e-07	-1.420881e-07	-1.999073e-09	-9.551247e-01	-1.310956e+02
8.100000e-07	-9.064723e-08	-1.884813e-09	-6.093359e-01	-1.239776e+02
8.200000e-07	-3.906119e-08	-1.780414e-09	-2.625716e-01	-1.167200e+02
8.300000e-07	1.252880e-08	-1.678052e-09	8.421932e-02	-1.093734e+02
8.400000e-07	6.400828e-08	-1.563882e-09	4.302673e-01	-1.019778e+02
8.500000e-07	1.154928e-07	-1.441691e-09	7.763494e-01	-9.454426e+01
8.600000e-07	1.669330e-07	-1.324535e-09	1.122133e+00	-8.705133e+01
8.700000e-07	2.182251e-07	-1.214794e-09	1.466922e+00	-7.945794e+01
8.800000e-07	2.693580e-07	-1.101579e-09	1.810640e+00	-7.172308e+01
8.900000e-07	3.203223e-07	-9.745335e-10	2.153225e+00	-6.382256e+01
9.000000e-07	3.710526e-07	-8.462647e-10	2.494237e+00	-5.575588e+01
9.100000e-07	4.215232e-07	-7.248700e-10	2.833503e+00	-4.754302e+01
9.200000e-07	4.716496e-07	-6.043782e-10	3.170456e+00	-3.921524e+01
9.300000e-07	5.213834e-07	-4.729297e-10	3.504769e+00	-3.080456e+01
9.400000e-07	5.708092e-07	-3.350962e-10	3.837013e+00	-2.233504e+01
9.500000e-07	6.199554e-07	-2.037631e-10	4.167376e+00	-1.381736e+01
9.600000e-07	6.688093e-07	-8.054452e-11	4.495774e+00	-5.247266e+00
9.700000e-07	7.173579e-07	4.471814e-11	4.822121e+00	3.391206e+00
9.800000e-07	7.656931e-07	1.816685e-10	5.147033e+00	1.211863e+01
9.900000e-07	8.139198e-07	3.221622e-10	5.471216e+00	2.095148e+01
1.000000e-06	8.620045e-07	4.583220e-10	5.794444e+00	2.989568e+01
1.010000e-06	9.098993e-07	5.915331e-10	6.116395e+00	3.894464e+01
1.020000e-06	9.574802e-07	7.308622e-10	6.436237e+00	4.808152e+01
1.030000e-06	1.004606e-06	8.756879e-10	6.753019e+00	5.728236e+01
1.040000e-06	1.051298e-06	1.017319e-09	7.066886e+00	6.651763e+01
1.050000e-06	1.097586e-06	1.152806e-09	7.378035e+00	7.575302e+01
1.060000e-06	1.143518e-06	1.289088e-09	7.686792e+00	8.495328e+01
1.070000e-06	1.189041e-06	1.433694e-09	7.992803e+00	9.409227e+01
1.080000e-06	1.234145e-06	1.578609e-09	8.295991e+00	1.031669e+02
1.090000e-06	1.278850e-06	1.715844e-09	8.596505e+00	1.122057e+02
1.100000e-06	1.323233e-06	1.847578e-09	8.894850e+00	1.212616e+02
1.110000e-06	1.367440e-06	1.984465e-09	9.192012e+00	1.303863e+02
1.120000e-06	1.411399e-06	2.128034e-09	9.487502e+00	1.395941e+02
1.130000e-06	1.454793e-06	2.271531e-09	9.779199e+00	1.488374e+02
1.140000e-06	1.497234e-06	2.409746e-09	1.006449e+01	1.580106e+02
1.150000e-06	1.538672e-06	2.543943e-09	1.034304e+01	1.669884e+02
1.160000e-06	1.579411e-06	2.679905e-09	1.061689e+01	1.756810e+02
1.170000e-06	1.619732e-06	2.814081e-09	1.088793e+01	1.840791e+02
1.180000e-06	1.659683e-06	2.941317e-09	1.115649e+01	1.922586e+02
1.190000e-06	1.699114e-06	3.060465e-09	1.142154e+01	2.003420e+02
1.200000e-06	1.737928e-06	3.179447e-09	1.168245e+01	2.084321e+02
1.210000e-06	1.776174e-06	3.305135e-09	1.193955e+01	2.165546e+02
1.220000e-06	1.813756e-06	3.431460e-09	1.219217e+01	2.246399e+02
1.230000e-06	1.850660e-06	3.551581e-09	1.244024e+01	2.325547e+02
1.240000e-06	1.887122e-06	3.665043e-09	1.268534e+01	2.401657e+02
1.250000e-06	1.923187e-06	3.775276e-09	1.292777e+01	2.474025e+02
1.260000e-06	1.958616e-06	3.884135e-09	1.316593e+01	2.542864e+02
1.270000e-06	1.993070e-06	3.987524e-09	1.339753e+01	2.609139e+02
1.280000e-06	2.026413e-06	4.082879e-09	1.362166e+01	2.674045e+02
1.290000e-06	2.058949e-06	4.176710e-09	1.384037e+01	2.738408e+02
1.300000e-06	2.090945e-06	4.273854e-09	1.405546e+01	2.802307e+02
1.310000e-06	2.122316e-06	4.372795e-09	1.426633e+01	2.865071e+02
1.320000e-06	2.152980e-06	4.465990e-09	1.447245e+01	2.925631e+02
1.330000e-06	2.182855e-06	4.550122e-09	1.467328e+01	2.983039e+02
1.340000e-06	2.211950e-06	4.628584e-09	1.486885e+01	3.036903e+02
1.350000e-06	2.240456e-06	4.705784e-09	1.506048e+01	3.087550e+02
1.360000e-06	2.268445e-06	4.782449e-09	1.524862e+01	3.135851e+02
1.370000e-06	2.295528e-06	4.853505e-09	1.543067e+01	3.182802e+02
1.380000e-06	2.321262e-06	4.919664e-09	1.560366e+01	3.229064e+02
1.390000e-06	2.345945e-06	4.987431e-09	1.576958e+01	3.274686e+02
1.400000e-06	2.369950e-06	5.058710e-09	1.593094e+01	3.319144e+02
1.410000e-06	2.393136e-06	5.125741e-09	1.608679e+01	3.361654e+02
1.420000e-06	2.415503e-06	5.183703e-09	1.623715e+01	3.401596e+02
1.430000e-06	2.437067e-06	5.235769e-09	1.638210e+01	3.438814e+02
1.440000e-06	2.457861e-06	5.287624e-09	1.652188e+01	3.473633e+02
1.450000e-06	2.478106e-06	5.339670e-09	1.665797e+01	3.506615e+02
1.460000e-06	2.497594e-06	5.387992e-09	1.678897e+01	3.538216e+02
1.470000e-06	2.516097e-06	5.432715e-09	1.691335e+01	3.568566e+02
1.480000e-06	2.533688e-06	5.476555e-09	1.703160e+01	3.597504e+02
1.490000e-06	2.550349e-06	5.520813e-09	1.714359e+01	3.624800e+02
1.500000e-06	2.565915e-06	5.562853e-09	1.724823e+01	3.650396e+02
1.510000e-06	2.580476e-06	5.598397e-09	1.734611e+01	3.674472e+02
1.520000e-06	2.594119e-06	5.628111e-09	1.743782e+01	3.697292e+02
1.530000e-06	2.606796e-06	5.658323e-09	1.752303e+01	3.718953e+02
1.540000e-06	2.618506e-06	5.689933e-09	1.760175e+01	3.739244e+02
1.550000e-06	2.628950e-06	5.719664e-09	1.767195e+01	3.757755e+02
1.560000e-06	2.638125e-06	5.745557e-09	1.773363e+01	3.774166e+02
1.570000e-06	2.646434e-06	5.769020e-09	1.778948e+01	3.788535e+02
1.580000e-06	2.653944e-06	5.791889e-09	1.783996e+01	3.801342e+02
1.590000e-06	2.660538e-06	5.811067e-09	1.788429e+01	3.813258e+02
1.600000e-06	2.666179e-06	5.825798e-09	1.792221e+01	3.824748e+02
1.610000e-06	2.670967e-06	5.837902e-09	1.795440e+01	3.835792e+02
1.620000e-06	2.675075e-06	5.850574e-09	1.798201e+01	3.845901e+02
1.630000e-06	2.678231e-06	5.865337e-09	1.800322e+01	3.854419e+02
1.640000e-06	2.680044e-06	5.877927e-09	1.801541e+01	3.860923e+02
1.650000e-06	2.680779e-06	5.886022e-09	1.802035e+01	3.865454e+02
1.660000e-06	2.680730e-06	5.891835e-09	1.802002e+01	3.868461e+02
1.670000e-06	2.679840e-06	5.895511e-09	1.801404e+01	3.870520e+02
1.680000e-06	2.678097e-06	5.896851e-09	1.800232e+01	3.872033e+02
1.690000e-06	2.675507e-06	5.897032e-09	1.798491e+01	3.873087e+02
1.700000e-06	2.672173e-06	5.895057e-09	1.796250e+01	3.873517e+02
1.710000e-06	2.668180e-06	5.892951e-09	1.793566e+01	3.873058e+02
1.720000e-06	2.663216e-06	5.897082e-09	1.790229e+01	3.871456e+02
1.730000e-06	2.657011e-06	5.910984e-09	1.786058e+01	3.868487e+02
1.740000e-06	2.649794e-06	5.878219e-09	1.781207e+01	3.863946e+02
1.750000e-06	2.641552e-06	5.815405e-09	1.775667e+01	3.857712e+02
1.760000e-06	2.631870e-06	5.848569e-09	1.769158e+01	3.849917e+02
1.770000e-06	2.621025e-06	5.912933e-09	1.761868e+01	3.841072e+02
1.780000e-06	2.610122e-06	5.881188e-09	1.754539e+01	3.832006e+02
1.790000e-06	2.599038e-06	5.764375e-09	1.747089e+01	3.823526e+02
1.800000e-06	2.586144e-06	5.797126e-09	1.738421e+01	3.815952e+02
1.810000e-06	2.571353e-06	5.855055e-09	1.728478e+01	3.808812e+02
1.820000e-06	2.556122e-06	5.765469e-09	1.718240e+01	3.800959e+02
1.830000e-06	2.540392e-06	5.750175e-09	1.707666e+01	3.791110e+02
1.840000e-06	2.523306e-06	5.813118e-09	1.696181e+01	3.778543e+02
1.850000e-06	2.505371e-06	5.731115e-09	1.684125e+01	3.763518e+02
1.860000e-06	2.487090e-06	5.651413e-09	1.671836e+01	3.747148e+02
1.870000e-06	2.467952e-06	5.778591e-09	1.658972e+01	3.730756e+02
1.880000e-06	2.447896e-06	5.728706e-09	1.645490e+01	3.715119e+02
1.890000e-06	2.427003e-06	5.534890e-09	1.631446e+01	3.700046e+02
1.900000e-06	2.404806e-06	5.614878e-09	1.616525e+01	3.684555e+02
1.910000e-06	2.381516e-06	5.690548e-09	1.600869e+01	3.667512e+02
1.920000e-06	2.357622e-06	5.553781e-09	1.584807e+01	3.648318e+02
1.930000e-06	2.332878e-06	5.529516e-09	1.568174e+01	3.627216e+02
1.940000e-06	2.307323e-06	5.526148e-09	1.550996e+01	3.605038e+02
1.950000e-06	2.281113e-06	5.448123e-09	1.533377e+01	3.582604e+02
1.960000e-06	2.254049e-06	5.468962e-09	1.515185e+01	3.560188e+02
1.970000e-06	2.226423e-06	5.425935e-09	1.496614e+01	3.537375e+02
1.980000e-06	2.198131e-06	5.316476e-09	1.477597e+01	3.513393e+02
1.990000e-06	2.168371e-06	5.347391e-09	1.457591e+01	3.487659e+02
2.000000e-06	2.137418e-06	5.311917e-09	1.436784e+01	3.460181e+02
2.010000e-06	2.105974e-06	5.218173e-09	1.415648e+01	3.431570e+02
2.020000e-06	2.073855e-06	5.239156e-09	1.394057e+01	3.402688e+02
2.030000e-06	2.040978e-06	5.154079e-09	1.371957e+01	3.374161e+02
2.040000e-06	2.007512e-06	5.063393e-09	1.349461e+01	3.346053e+02
2.050000e-06	1.973408e-06	5.121437e-09	1.326536e+01	3.317853e+02
2.060000e-06	1.938643e-06	5.057305e-09	1.303167e+01	3.288747e+02
2.070000e-06	1.903339e-06	4.924004e-09	1.279436e+01	3.257996e+02
2.080000e-06	1.867582e-06	4.918795e-09	1.255400e+01	3.225244e+02
2.090000e-06	1.831219e-06	4.897096e-09	1.230956e+01	3.190639e+02
2.100000e-06	1.793696e-06	4.839135e-09	1.205733e+01	3.154753e+02
2.110000e-06	1.754983e-06	4.783072e-09	1.179709e+01	3.118354e+02
2.120000e-06	1.715717e-06	4.689215e-09	1.153315e+01	3.082102e+02
2.130000e-06	1.676141e-06	4.647559e-09	1.126712e+01	3.046259e+02
2.140000e-06	1.636106e-06	4.620589e-09	1.099800e+01	3.010531e+02
2.150000e-06	1.595385e-06	4.544215e-09	1.072427e+01	2.974140e+02
2.160000e-06	1.554059e-06	4.471170e-09	1.044647e+01	2.936130e+02
2.170000e-06	1.512356e-06	4.419162e-09	1.016615e+01	2.895832e+02
2.180000e-06	1.470134e-06	4.370081e-09	9.882323e+00	2.853230e+02
2.190000e-06	1.427312e-06	4.310782e-09	9.594473e+00	2.809036e+02
2.200000e-06	1.384090e-06	4.230518e-09	9.303935e+00	2.764366e+02
2.210000e-06	1.340589e-06	4.142644e-09	9.011519e+00	2.720162e+02
2.220000e-06	1.296836e-06	4.075923e-09	8.717405e+00	2.676670e+02
2.230000e-06	1.252661e-06	4.026761e-09	8.420461e+00	2.633281e+02
2.240000e-06	1.207873e-06	3.965919e-09	8.119394e+00	2.588841e+02
2.250000e-06	1.162498e-06	3.879631e-09	7.814376e+00	2.542279e+02
2.260000e-06	1.116695e-06	3.798875e-09	7.506487e+00	2.493171e+02
2.270000e-06	1.070627e-06	3.729390e-09	7.196819e+00	2.441943e+02
2.280000e-06	1.024251e-06	3.660090e-09	6.885077e+00	2.389589e+02
2.290000e-06	9.775790e-07	3.575087e-09	6.571342e+00	2.337111e+02
2.300000e-06	9.306618e-07	3.471051e-09	6.255962e+00	2.284995e+02
2.310000e-06	8.834027e-07	3.394123e-09	5.938284e+00	2.233030e+02
2.320000e-06	8.356824e-07	3.334406e-09	5.617505e+00	2.180507e+02
2.330000e-06	7.874680e-07	3.253055e-09	5.293405e+00	2.126636e+02
2.340000e-06	7.388008e-07	3.153355e-09	4.966261e+00	2.070913e+02
2.350000e-06	6.898324e-07	3.057838e-09	4.637093e+00	2.013262e+02
2.360000e-06	6.406711e-07	2.977125e-09	4.306628e+00	1.953924e+02
2.370000e-06	5.913007e-07	2.895681e-09	3.974757e+00	1.893259e+02
2.380000e-06	5.417619e-07	2.797151e-09	3.641755e+00	1.831583e+02
2.390000e-06	4.920078e-07	2.691605e-09	3.307304e+00	1.769123e+02
2.400000e-06	4.420581e-07	2.594899e-09	2.971540e+00	1.706043e+02
2.410000e-06	3.919024e-07	2.505128e-09	2.634391e+00	1.642435e+02
2.420000e-06	3.415159e-07	2.412059e-09	2.295689e+00	1.578271e+02
2.430000e-06	2.909955e-07	2.304246e-09	1.956089e+00	1.513336e+02
2.440000e-06	2.403938e-07	2.195890e-09	1.615941e+00	1.447246e+02
2.450000e-06	1.897422e-07	2.099023e-09	1.275458e+00	1.379585e+02
2.460000e-06	1.389690e-07	2.003200e-09	9.341579e-01	1.310103e+02
2.470000e-06	8.808655e-08	1.894781e-09	5.921228e-01	1.238867e+02
2.480000e-06	3.720831e-08	1.772983e-09	2.501164e-01	1.166252e+02
2.490000e-06	-1.365535e-08	1.656152e-09	-9.179207e-02	1.092764e+02
2.500000e-06	-6.450856e-08	1.550091e-09	-4.336303e-01	1.018796e+02
2.510000e-06	-1.153604e-07	1.444245e-09	-7.754595e-01	9.444456e+01
2.520000e-06	-1.661618e-07	1.326629e-09	-1.116949e+00	8.694894e+01
2.530000e-06	-2.168348e-07	1.202912e-09	-1.457576e+00	7.935126e+01
2.540000e-06	-2.674121e-07	1.086460e-09	-1.797560e+00	7.161090e+01
2.550000e-06	-3.178597e-07	9.734635e-10	-2.136671e+00	6.370444e+01
2.560000e-06	-3.681229e-07	8.511496e-10	-2.474543e+00	5.563222e+01
2.570000e-06	-4.182651e-07	7.196768e-10	-2.811602e+00	4.741481e+01
2.580000e-06	-4.682443e-07	5.908962e-10	-3.147565e+00	3.908367e+01
2.590000e-06	-5.180125e-07	4.689628e-10	-3.482109e+00	3.067066e+01
2.600000e-06	-5.675985e-07	3.463911e-10	-3.815430e+00	2.219946e+01
2.610000e-06	-6.170013e-07	2.120497e-10	-4.147518e+00	1.368018e+01
2.620000e-06	-6.661559e-07	7.317845e-11	-4.477938e+00	5.108098e+00
2.630000e-06	-7.149530e-07	-5.890726e-11	-4.805955e+00	-3.533071e+00
2.640000e-06	-7.633981e-07	-1.869677e-10	-5.131606e+00	-1.226390e+01
2.650000e-06	-8.114364e-07	-3.195664e-10	-5.454522e+00	-2.110058e+01
2.660000e-06	-8.590152e-07	-4.596003e-10	-5.774350e+00	-3.004857e+01
2.670000e-06	-9.062103e-07	-6.004335e-10	-6.091597e+00	-3.910089e+01
2.680000e-06	-9.529060e-07	-7.361234e-10	-6.405489e+00	-4.824038e+01
2.690000e-06	-9.991499e-07	-8.708248e-10	-6.716343e+00	-5.744286e+01
2.700000e-06	-1.045175e-06	-1.014464e-09	-7.025723e+00	-6.667862e+01
2.710000e-06	-1.090992e-06	-1.162944e-09	-7.333710e+00	-7.591323e+01
2.720000e-06	-1.136563e-06	-1.304990e-09	-7.640039e+00	-8.511153e+01
2.730000e-06	-1.181849e-06	-1.438447e-09	-7.944455e+00	-9.424798e+01
2.740000e-06	-1.226714e-06	-1.571807e-09	-8.246043e+00	-1.033205e+02
2.750000e-06	-1.271075e-06	-1.711164e-09	-8.544239e+00	-1.123588e+02
2.760000e-06	-1.314980e-06	-1.853673e-09	-8.839373e+00	-1.214163e+02
2.770000e-06	-1.358570e-06	-1.993688e-09	-9.132382e+00	-1.305438e+02
2.780000e-06	-1.401960e-06	-2.131190e-09	-9.424055e+00	-1.397540e+02
2.790000e-06	-1.445014e-06	-2.272489e-09	-9.713468e+00	-1.489968e+02
2.800000e-06	-1.487532e-06	-2.415495e-09	-9.999274e+00	-1.581650e+02
2.810000e-06	-1.529469e-06	-2.552086e-09	-1.028118e+01	-1.671336e+02
2.820000e-06	-1.570904e-06	-2.679047e-09	-1.055971e+01	-1.758153e+02
2.830000e-06	-1.611826e-06	-2.801634e-09	-1.083479e+01	-1.842036e+02
2.840000e-06	-1.652117e-06	-2.926909e-09	-1.110562e+01	-1.923774e+02
2.850000e-06	-1.691882e-06	-3.055497e-09	-1.137293e+01	-2.004594e+02
2.860000e-06	-1.731280e-06	-3.181121e-09	-1.163777e+01	-2.085507e+02
2.870000e-06	-1.770192e-06	-3.301307e-09	-1.189933e+01	-2.166735e+02
2.880000e-06	-1.808355e-06	-3.422249e-09	-1.215587e+01	-2.247551e+02
2.890000e-06	-1.845537e-06	-3.544554e-09	-1.240581e+01	-2.326610e+02
2.900000e-06	-1.881726e-06	-3.662674e-09	-1.264907e+01	-2.402592e+02
2.910000e-06	-1.917298e-06	-3.772069e-09	-1.288819e+01	-2.474823e+02
2.920000e-06	-1.952416e-06	-3.873848e-09	-1.312425e+01	-2.543550e+02
2.930000e-06	-1.986851e-06	-3.974908e-09	-1.335573e+01	-2.609755e+02
2.940000e-06	-2.020575e-06	-4.077275e-09	-1.358242e+01	-2.674630e+02
2.950000e-06	-2.053615e-06	-4.177061e-09	-1.380452e+01	-2.738979e+02
2.960000e-06	-2.085896e-06	-4.273048e-09	-1.402151e+01	-2.802851e+02
2.970000e-06	-2.117550e-06	-4.367591e-09	-1.423429e+01	-2.865554e+02
2.980000e-06	-2.148645e-06	-4.461552e-09	-1.444332e+01	-2.926014e+02
2.990000e-06	-2.178884e-06	-4.551784e-09	-1.464658e+01	-2.983297e+02
3.000000e-06	-2.207963e-06	-4.634218e-09	-1.484206e+01	-3.037035e+02
3.010000e-06	-2.236028e-06	-4.709795e-09	-1.503071e+01	-3.087580e+02
3.020000e-06	-2.263476e-06	-4.784216e-09	-1.521521e+01	-3.135816e+02
3.030000e-06	-2.290218e-06	-4.858412e-09	-1.539498e+01	-3.182732e+02
3.040000e-06	-2.316131e-06	-4.931996e-09	-1.556917e+01	-3.228973e+02
3.050000e-06	-2.341265e-06	-5.001139e-09	-1.573812e+01	-3.274564e+02
3.060000e-06	-2.365535e-06	-5.065321e-09	-1.590126e+01	-3.318965e+02
3.070000e-06	-2.389140e-06	-5.129586e-09	-1.605994e+01	-3.361391e+02
3.080000e-06	-2.412207e-06	-5.193919e-09	-1.621499e+01	-3.401234e+02
3.090000e-06	-2.434200e-06	-5.253279e-09	-1.636283e+01	-3.438356e+02
3.100000e-06	-2.454802e-06	-5.305509e-09	-1.650132e+01	-3.473099e+02
3.110000e-06	-2.474509e-06	-5.355896e-09	-1.663379e+01	-3.506024e+02
3.120000e-06	-2.493608e-06	-5.406675e-09	-1.676218e+01	-3.537579e+02
3.130000e-06	-2.511881e-06	-5.455050e-09	-1.688501e+01	-3.567881e+02
3.140000e-06	-2.529283e-06	-5.496237e-09	-1.700199e+01	-3.596763e+02
3.150000e-06	-2.545834e-06	-5.532643e-09	-1.711324e+01	-3.623996e+02
3.160000e-06	-2.561655e-06	-5.570430e-09	-1.721959e+01	-3.649532e+02
3.170000e-06	-2.576709e-06	-5.612074e-09	-1.732079e+01	-3.673558e+02
3.180000e-06	-2.590567e-06	-5.651213e-09	-1.741394e+01	-3.696336e+02
3.190000e-06	-2.603078e-06	-5.682953e-09	-1.749804e+01	-3.717951e+02
3.200000e-06	-2.614452e-06	-5.711880e-09	-1.757450e+01	-3.738185e+02
3.210000e-06	-2.624844e-06	-5.741932e-09	-1.764435e+01	-3.756624e+02
3.220000e-06	-2.634381e-06	-5.768621e-09	-1.770846e+01	-3.772958e+02
3.230000e-06	-2.643104e-06	-5.786672e-09	-1.776710e+01	-3.787258e+02
3.240000e-06	-2.650996e-06	-5.800724e-09	-1.782015e+01	-3.800021e+02
3.250000e-06	-2.658067e-06	-5.818735e-09	-1.786768e+01	-3.811915e+02
3.260000e-06	-2.664007e-06	-5.841891e-09	-1.790761e+01	-3.823391e+02
3.270000e-06	-2.668669e-06	-5.863231e-09	-1.793895e+01	-3.834412e+02
3.280000e-06	-2.672422e-06	-5.876988e-09	-1.796417e+01	-3.844473e+02
3.290000e-06	-2.675451e-06	-5.886504e-09	-1.798454e+01	-3.852923e+02
3.300000e-06	-2.677610e-06	-5.898074e-09	-1.799905e+01	-3.859351e+02
3.310000e-06	-2.678846e-06	-5.906692e-09	-1.800735e+01	-3.863817e+02
