# Temperatura_=_20.0
# Concentracion g/m^3_=_10000.0
# C_Vs_to_Am_M_A/Vsm_=_65563218390.804596
# pendiente_HvsI_1/m_=_3716.3
# ordenada_HvsI_A/m_=_1297.0
# frecuencia_Hz_=_301290.4343896592

Tiempo_(s)	Campo_(V.s)	Magnetizacion_(V.s)	Campo_(kA/m)	Magnetizacion_(A/m)
0.000000e+00	-2.683460e-06	-5.904410e-09	-1.800878e+01	-3.866024e+02
1.000000e-08	-2.683066e-06	-5.906373e-09	-1.800614e+01	-3.867908e+02
2.000000e-08	-2.681976e-06	-5.908230e-09	-1.799882e+01	-3.869338e+02
3.000000e-08	-2.679754e-06	-5.911716e-09	-1.798391e+01	-3.870170e+02
4.000000e-08	-2.676268e-06	-5.915702e-09	-1.796051e+01	-3.870253e+02
5.000000e-08	-2.671915e-06	-5.915397e-09	-1.793130e+01	-3.869637e+02
6.000000e-08	-2.666892e-06	-5.908803e-09	-1.789759e+01	-3.868475e+02
7.000000e-08	-2.661063e-06	-5.897280e-09	-1.785847e+01	-3.866675e+02
8.000000e-08	-2.654235e-06	-5.911011e-09	-1.781265e+01	-3.863663e+02
9.000000e-08	-2.646340e-06	-5.916721e-09	-1.775967e+01	-3.858560e+02
1.000000e-07	-2.637291e-06	-5.893519e-09	-1.769894e+01	-3.850815e+02
1.100000e-07	-2.627189e-06	-5.825278e-09	-1.763114e+01	-3.840877e+02
1.200000e-07	-2.616253e-06	-5.843119e-09	-1.755775e+01	-3.830365e+02
1.300000e-07	-2.604343e-06	-5.895971e-09	-1.747782e+01	-3.821443e+02
1.400000e-07	-2.591322e-06	-5.801478e-09	-1.739044e+01	-3.815637e+02
1.500000e-07	-2.577468e-06	-5.802241e-09	-1.729746e+01	-3.812784e+02
1.600000e-07	-2.562690e-06	-5.830562e-09	-1.719829e+01	-3.810851e+02
1.700000e-07	-2.546312e-06	-5.843549e-09	-1.708837e+01	-3.806833e+02
1.800000e-07	-2.528713e-06	-5.768544e-09	-1.697027e+01	-3.798289e+02
1.900000e-07	-2.510769e-06	-5.778380e-09	-1.684985e+01	-3.784601e+02
2.000000e-07	-2.492092e-06	-5.797583e-09	-1.672450e+01	-3.767204e+02
2.100000e-07	-2.472274e-06	-5.661758e-09	-1.659151e+01	-3.748655e+02
2.200000e-07	-2.451843e-06	-5.697081e-09	-1.645439e+01	-3.731149e+02
2.300000e-07	-2.430882e-06	-5.721781e-09	-1.631372e+01	-3.715390e+02
2.400000e-07	-2.408965e-06	-5.629639e-09	-1.616663e+01	-3.700486e+02
2.500000e-07	-2.386028e-06	-5.597803e-09	-1.601270e+01	-3.684792e+02
2.600000e-07	-2.362315e-06	-5.610658e-09	-1.585356e+01	-3.667070e+02
2.700000e-07	-2.338027e-06	-5.547358e-09	-1.569057e+01	-3.647154e+02
2.800000e-07	-2.313089e-06	-5.536988e-09	-1.552321e+01	-3.625760e+02
2.900000e-07	-2.287010e-06	-5.500199e-09	-1.534819e+01	-3.603693e+02
3.000000e-07	-2.259625e-06	-5.450260e-09	-1.516441e+01	-3.581118e+02
3.100000e-07	-2.231407e-06	-5.427201e-09	-1.497504e+01	-3.557459e+02
3.200000e-07	-2.202665e-06	-5.410917e-09	-1.478215e+01	-3.531957e+02
3.300000e-07	-2.173292e-06	-5.336766e-09	-1.458503e+01	-3.504434e+02
3.400000e-07	-2.143125e-06	-5.285560e-09	-1.438258e+01	-3.475644e+02
3.500000e-07	-2.112065e-06	-5.267313e-09	-1.417413e+01	-3.446896e+02
3.600000e-07	-2.080205e-06	-5.208281e-09	-1.396032e+01	-3.419207e+02
3.700000e-07	-2.047901e-06	-5.195114e-09	-1.374352e+01	-3.392568e+02
3.800000e-07	-2.015154e-06	-5.136068e-09	-1.352376e+01	-3.365863e+02
3.900000e-07	-1.981474e-06	-5.087125e-09	-1.329773e+01	-3.337513e+02
4.000000e-07	-1.946627e-06	-5.029112e-09	-1.306387e+01	-3.306424e+02
4.100000e-07	-1.910911e-06	-5.000432e-09	-1.282418e+01	-3.272633e+02
4.200000e-07	-1.874652e-06	-4.944531e-09	-1.258085e+01	-3.237249e+02
4.300000e-07	-1.837826e-06	-4.875908e-09	-1.233371e+01	-3.201772e+02
4.400000e-07	-1.800309e-06	-4.821628e-09	-1.208193e+01	-3.167232e+02
4.500000e-07	-1.762230e-06	-4.773926e-09	-1.182638e+01	-3.133683e+02
4.600000e-07	-1.723638e-06	-4.741868e-09	-1.156739e+01	-3.100274e+02
4.700000e-07	-1.684352e-06	-4.672623e-09	-1.130373e+01	-3.065792e+02
4.800000e-07	-1.644437e-06	-4.619556e-09	-1.103587e+01	-3.029274e+02
4.900000e-07	-1.604176e-06	-4.552984e-09	-1.076568e+01	-2.990377e+02
5.000000e-07	-1.563628e-06	-4.508507e-09	-1.049355e+01	-2.949390e+02
5.100000e-07	-1.522495e-06	-4.436747e-09	-1.021751e+01	-2.906987e+02
5.200000e-07	-1.480488e-06	-4.358731e-09	-9.935599e+00	-2.863923e+02
5.300000e-07	-1.437554e-06	-4.289272e-09	-9.647466e+00	-2.820804e+02
5.400000e-07	-1.393864e-06	-4.233796e-09	-9.354264e+00	-2.777932e+02
5.500000e-07	-1.349725e-06	-4.183200e-09	-9.058043e+00	-2.735219e+02
5.600000e-07	-1.305286e-06	-4.106964e-09	-8.759812e+00	-2.692173e+02
5.700000e-07	-1.260510e-06	-4.040973e-09	-8.459317e+00	-2.648021e+02
5.800000e-07	-1.215322e-06	-3.964124e-09	-8.156063e+00	-2.602003e+02
5.900000e-07	-1.169712e-06	-3.898071e-09	-7.849969e+00	-2.553734e+02
6.000000e-07	-1.123703e-06	-3.817231e-09	-7.541204e+00	-2.503445e+02
6.100000e-07	-1.077254e-06	-3.739158e-09	-7.229486e+00	-2.451933e+02
6.200000e-07	-1.030385e-06	-3.657290e-09	-6.914942e+00	-2.400178e+02
6.300000e-07	-9.831298e-07	-3.584160e-09	-6.597813e+00	-2.348840e+02
6.400000e-07	-9.355392e-07	-3.517872e-09	-6.278431e+00	-2.297898e+02
6.500000e-07	-8.876563e-07	-3.434427e-09	-5.957088e+00	-2.246682e+02
6.600000e-07	-8.395233e-07	-3.349185e-09	-5.634066e+00	-2.194241e+02
6.700000e-07	-7.911898e-07	-3.260513e-09	-5.309699e+00	-2.139836e+02
6.800000e-07	-7.426584e-07	-3.186045e-09	-4.984003e+00	-2.083255e+02
6.900000e-07	-6.939875e-07	-3.097606e-09	-4.657371e+00	-2.024789e+02
7.000000e-07	-6.450810e-07	-3.003028e-09	-4.329157e+00	-1.964953e+02
7.100000e-07	-5.957849e-07	-2.903086e-09	-3.998330e+00	-1.904173e+02
7.200000e-07	-5.461041e-07	-2.809756e-09	-3.664921e+00	-1.842645e+02
7.300000e-07	-4.960818e-07	-2.720206e-09	-3.329220e+00	-1.780406e+02
7.400000e-07	-4.457450e-07	-2.623255e-09	-2.991408e+00	-1.717484e+02
7.500000e-07	-3.950982e-07	-2.526206e-09	-2.651515e+00	-1.653952e+02
7.600000e-07	-3.440959e-07	-2.425636e-09	-2.309238e+00	-1.589826e+02
7.700000e-07	-2.928756e-07	-2.332085e-09	-1.965497e+00	-1.524903e+02
7.800000e-07	-2.416105e-07	-2.229740e-09	-1.621455e+00	-1.458716e+02
7.900000e-07	-1.902370e-07	-2.124273e-09	-1.276686e+00	-1.390713e+02
8.000000e-07	-1.387707e-07	-2.011255e-09	-9.312942e-01	-1.320572e+02
8.100000e-07	-8.721252e-08	-1.902802e-09	-5.852858e-01	-1.248459e+02
8.200000e-07	-3.554238e-08	-1.796528e-09	-2.385260e-01	-1.175018e+02
8.300000e-07	1.615349e-08	-1.683291e-09	1.084065e-01	-1.101067e+02
8.400000e-07	6.778671e-08	-1.567595e-09	4.549186e-01	-1.027162e+02
8.500000e-07	1.193380e-07	-1.449899e-09	8.008809e-01	-9.532833e+01
8.600000e-07	1.708716e-07	-1.339047e-09	1.146725e+00	-8.788379e+01
8.700000e-07	2.222504e-07	-1.222896e-09	1.491529e+00	-8.029670e+01
8.800000e-07	2.734324e-07	-1.103759e-09	1.835013e+00	-7.249796e+01
8.900000e-07	3.245043e-07	-9.776977e-10	2.177758e+00	-6.446724e+01
9.000000e-07	3.753701e-07	-8.542027e-10	2.519120e+00	-5.623851e+01
9.100000e-07	4.259268e-07	-7.312386e-10	2.858407e+00	-4.787978e+01
9.200000e-07	4.761102e-07	-6.022756e-10	3.195190e+00	-3.946092e+01
9.300000e-07	5.258986e-07	-4.694429e-10	3.529321e+00	-3.102586e+01
9.400000e-07	5.753835e-07	-3.364934e-10	3.861416e+00	-2.258029e+01
9.500000e-07	6.245812e-07	-2.094142e-10	4.191583e+00	-1.409605e+01
9.600000e-07	6.734614e-07	-7.914741e-11	4.519619e+00	-5.527339e+00
9.700000e-07	7.220720e-07	5.345455e-11	4.845847e+00	3.169252e+00
9.800000e-07	7.705151e-07	1.913823e-10	5.170950e+00	1.201747e+01
9.900000e-07	8.188279e-07	3.274817e-10	5.495178e+00	2.101237e+01
1.000000e-06	8.669847e-07	4.635759e-10	5.818360e+00	3.012236e+01
1.010000e-06	9.149417e-07	6.019920e-10	6.140201e+00	3.930148e+01
1.020000e-06	9.625450e-07	7.430979e-10	6.459668e+00	4.850681e+01
1.030000e-06	1.009677e-06	8.853233e-10	6.775975e+00	5.771241e+01
1.040000e-06	1.056383e-06	1.024715e-09	7.089419e+00	6.691266e+01
1.050000e-06	1.102736e-06	1.165327e-09	7.400495e+00	7.611411e+01
1.060000e-06	1.148701e-06	1.305233e-09	7.708965e+00	8.532229e+01
1.070000e-06	1.194286e-06	1.448374e-09	8.014887e+00	9.453369e+01
1.080000e-06	1.239456e-06	1.587782e-09	8.318028e+00	1.037387e+02
1.090000e-06	1.284176e-06	1.725489e-09	8.618147e+00	1.129323e+02
1.100000e-06	1.328595e-06	1.865498e-09	8.916242e+00	1.221220e+02
1.110000e-06	1.372832e-06	2.008422e-09	9.213117e+00	1.313223e+02
1.120000e-06	1.416749e-06	2.151266e-09	9.507846e+00	1.405360e+02
1.130000e-06	1.460080e-06	2.291157e-09	9.798643e+00	1.497349e+02
1.140000e-06	1.502523e-06	2.431307e-09	1.008348e+01	1.588543e+02
1.150000e-06	1.544018e-06	2.567824e-09	1.036195e+01	1.678124e+02
1.160000e-06	1.584798e-06	2.702783e-09	1.063563e+01	1.765465e+02
1.170000e-06	1.625149e-06	2.833156e-09	1.090642e+01	1.850450e+02
1.180000e-06	1.665146e-06	2.960725e-09	1.117484e+01	1.933546e+02
1.190000e-06	1.704609e-06	3.084933e-09	1.143968e+01	2.015548e+02
1.200000e-06	1.743482e-06	3.208240e-09	1.170056e+01	2.097112e+02
1.210000e-06	1.781767e-06	3.333434e-09	1.195749e+01	2.178351e+02
1.220000e-06	1.819366e-06	3.456686e-09	1.220982e+01	2.258712e+02
1.230000e-06	1.856282e-06	3.577126e-09	1.245756e+01	2.337213e+02
1.240000e-06	1.892757e-06	3.692119e-09	1.270235e+01	2.412905e+02
1.250000e-06	1.928826e-06	3.801325e-09	1.294441e+01	2.485309e+02
1.260000e-06	1.964171e-06	3.906012e-09	1.318161e+01	2.554601e+02
1.270000e-06	1.998505e-06	4.008584e-09	1.341203e+01	2.621488e+02
1.280000e-06	2.031788e-06	4.107916e-09	1.363539e+01	2.686847e+02
1.290000e-06	2.064334e-06	4.206601e-09	1.385381e+01	2.751322e+02
1.300000e-06	2.096363e-06	4.304495e-09	1.406875e+01	2.815045e+02
1.310000e-06	2.127696e-06	4.399463e-09	1.427903e+01	2.877587e+02
1.320000e-06	2.158312e-06	4.491127e-09	1.448450e+01	2.938137e+02
1.330000e-06	2.188225e-06	4.577851e-09	1.468524e+01	2.995825e+02
1.340000e-06	2.217357e-06	4.658995e-09	1.488075e+01	3.050081e+02
1.350000e-06	2.245894e-06	4.735989e-09	1.507226e+01	3.100890e+02
1.360000e-06	2.273877e-06	4.809492e-09	1.526006e+01	3.148823e+02
1.370000e-06	2.300899e-06	4.878772e-09	1.544140e+01	3.194823e+02
1.380000e-06	2.326656e-06	4.946619e-09	1.561425e+01	3.239807e+02
1.390000e-06	2.351384e-06	5.012938e-09	1.578021e+01	3.284272e+02
1.400000e-06	2.375319e-06	5.078577e-09	1.594083e+01	3.328087e+02
1.410000e-06	2.398477e-06	5.143306e-09	1.609625e+01	3.370600e+02
1.420000e-06	2.420889e-06	5.204263e-09	1.624666e+01	3.410989e+02
1.430000e-06	2.442441e-06	5.261398e-09	1.639130e+01	3.448676e+02
1.440000e-06	2.463220e-06	5.313904e-09	1.653074e+01	3.483572e+02
1.450000e-06	2.483404e-06	5.362719e-09	1.666620e+01	3.516035e+02
1.460000e-06	2.502812e-06	5.407905e-09	1.679644e+01	3.546612e+02
1.470000e-06	2.521243e-06	5.450705e-09	1.692014e+01	3.575748e+02
1.480000e-06	2.538798e-06	5.492171e-09	1.703795e+01	3.603656e+02
1.490000e-06	2.555452e-06	5.531784e-09	1.714971e+01	3.630361e+02
1.500000e-06	2.571015e-06	5.570648e-09	1.725416e+01	3.655836e+02
1.510000e-06	2.585569e-06	5.608359e-09	1.735183e+01	3.680072e+02
1.520000e-06	2.599181e-06	5.643689e-09	1.744318e+01	3.703007e+02
1.530000e-06	2.611873e-06	5.676411e-09	1.752835e+01	3.724428e+02
1.540000e-06	2.623533e-06	5.705404e-09	1.760661e+01	3.743974e+02
1.550000e-06	2.633882e-06	5.730106e-09	1.767606e+01	3.761321e+02
1.560000e-06	2.643012e-06	5.752968e-09	1.773733e+01	3.776461e+02
1.570000e-06	2.651265e-06	5.774914e-09	1.779272e+01	3.789853e+02
1.580000e-06	2.658713e-06	5.795712e-09	1.784270e+01	3.802272e+02
1.590000e-06	2.665246e-06	5.813281e-09	1.788654e+01	3.814413e+02
1.600000e-06	2.670832e-06	5.828401e-09	1.792404e+01	3.826461e+02
1.610000e-06	2.675625e-06	5.843522e-09	1.795620e+01	3.837952e+02
1.620000e-06	2.679690e-06	5.859889e-09	1.798348e+01	3.848026e+02
1.630000e-06	2.682712e-06	5.874389e-09	1.800376e+01	3.855947e+02
1.640000e-06	2.684454e-06	5.883747e-09	1.801545e+01	3.861526e+02
1.650000e-06	2.685184e-06	5.888988e-09	1.802035e+01	3.865195e+02
1.660000e-06	2.685097e-06	5.892779e-09	1.801977e+01	3.867679e+02
1.670000e-06	2.684152e-06	5.894185e-09	1.801343e+01	3.869547e+02
1.680000e-06	2.682338e-06	5.894501e-09	1.800125e+01	3.870960e+02
1.690000e-06	2.679665e-06	5.894163e-09	1.798331e+01	3.871768e+02
1.700000e-06	2.676313e-06	5.893806e-09	1.796082e+01	3.871825e+02
1.710000e-06	2.672286e-06	5.894806e-09	1.793379e+01	3.871188e+02
1.720000e-06	2.667234e-06	5.899555e-09	1.789989e+01	3.870009e+02
1.730000e-06	2.660985e-06	5.899245e-09	1.785795e+01	3.868180e+02
1.740000e-06	2.653757e-06	5.866371e-09	1.780944e+01	3.865109e+02
1.750000e-06	2.645447e-06	5.842942e-09	1.775367e+01	3.859918e+02
1.760000e-06	2.635652e-06	5.902294e-09	1.768794e+01	3.852081e+02
1.770000e-06	2.624793e-06	5.858854e-09	1.761506e+01	3.842089e+02
1.780000e-06	2.613894e-06	5.834454e-09	1.754192e+01	3.831597e+02
1.790000e-06	2.602640e-06	5.801011e-09	1.746640e+01	3.822770e+02
1.800000e-06	2.589619e-06	5.821062e-09	1.737901e+01	3.817084e+02
1.810000e-06	2.574897e-06	5.813891e-09	1.728021e+01	3.814310e+02
1.820000e-06	2.559637e-06	5.775791e-09	1.717780e+01	3.812357e+02
1.830000e-06	2.543700e-06	5.855125e-09	1.707084e+01	3.808212e+02
1.840000e-06	2.526469e-06	5.778223e-09	1.695521e+01	3.799483e+02
1.850000e-06	2.508568e-06	5.716294e-09	1.683508e+01	3.785629e+02
1.860000e-06	2.490262e-06	5.766398e-09	1.671222e+01	3.768145e+02
1.870000e-06	2.471015e-06	5.761244e-09	1.658306e+01	3.749603e+02
1.880000e-06	2.450894e-06	5.652692e-09	1.644802e+01	3.732159e+02
1.890000e-06	2.429799e-06	5.636989e-09	1.630645e+01	3.716455e+02
1.900000e-06	2.407384e-06	5.674287e-09	1.615602e+01	3.701552e+02
1.910000e-06	2.384037e-06	5.624208e-09	1.599934e+01	3.685803e+02
1.920000e-06	2.360041e-06	5.574328e-09	1.583830e+01	3.667999e+02
1.930000e-06	2.335175e-06	5.592331e-09	1.567143e+01	3.648016e+02
1.940000e-06	2.309537e-06	5.522579e-09	1.549937e+01	3.626588e+02
1.950000e-06	2.283161e-06	5.490803e-09	1.532236e+01	3.604505e+02
1.960000e-06	2.256031e-06	5.481976e-09	1.514029e+01	3.581907e+02
1.970000e-06	2.228362e-06	5.404140e-09	1.495460e+01	3.558195e+02
1.980000e-06	2.199808e-06	5.386753e-09	1.476297e+01	3.532618e+02
1.990000e-06	2.169892e-06	5.361917e-09	1.456221e+01	3.505033e+02
2.000000e-06	2.138956e-06	5.297541e-09	1.435460e+01	3.476222e+02
2.010000e-06	2.107470e-06	5.252391e-09	1.414330e+01	3.447500e+02
2.020000e-06	2.075269e-06	5.224893e-09	1.392719e+01	3.419857e+02
2.030000e-06	2.042301e-06	5.154835e-09	1.370594e+01	3.393241e+02
2.040000e-06	2.008747e-06	5.131454e-09	1.348076e+01	3.366506e+02
2.050000e-06	1.974537e-06	5.106756e-09	1.325118e+01	3.338073e+02
2.060000e-06	1.939699e-06	5.040060e-09	1.301738e+01	3.306880e+02
2.070000e-06	1.904342e-06	4.990350e-09	1.278009e+01	3.273008e+02
2.080000e-06	1.868509e-06	4.929170e-09	1.253962e+01	3.237597e+02
2.090000e-06	1.831930e-06	4.896348e-09	1.229413e+01	3.202142e+02
2.100000e-06	1.794172e-06	4.844371e-09	1.204074e+01	3.167644e+02
2.110000e-06	1.755380e-06	4.775561e-09	1.178041e+01	3.134119e+02
2.120000e-06	1.716089e-06	4.722898e-09	1.151673e+01	3.100695e+02
2.130000e-06	1.676468e-06	4.678924e-09	1.125082e+01	3.066154e+02
2.140000e-06	1.636299e-06	4.628351e-09	1.098125e+01	3.029553e+02
2.150000e-06	1.595456e-06	4.557457e-09	1.070715e+01	2.990575e+02
2.160000e-06	1.554063e-06	4.490698e-09	1.042936e+01	2.949526e+02
2.170000e-06	1.512238e-06	4.437833e-09	1.014867e+01	2.907087e+02
2.180000e-06	1.469836e-06	4.383636e-09	9.864115e+00	2.864013e+02
2.190000e-06	1.426895e-06	4.302817e-09	9.575935e+00	2.820901e+02
2.200000e-06	1.383670e-06	4.240110e-09	9.285847e+00	2.778040e+02
2.210000e-06	1.340208e-06	4.170299e-09	8.994178e+00	2.735327e+02
2.220000e-06	1.296393e-06	4.102667e-09	8.700133e+00	2.692256e+02
2.230000e-06	1.252022e-06	4.038675e-09	8.402359e+00	2.648051e+02
2.240000e-06	1.207019e-06	3.966598e-09	8.100342e+00	2.601957e+02
2.250000e-06	1.161579e-06	3.898605e-09	7.795392e+00	2.553609e+02
2.260000e-06	1.115781e-06	3.816235e-09	7.488042e+00	2.503261e+02
2.270000e-06	1.069632e-06	3.741379e-09	7.178329e+00	2.451724e+02
2.280000e-06	1.023209e-06	3.663064e-09	6.866783e+00	2.399978e+02
2.290000e-06	9.765351e-07	3.579076e-09	6.553556e+00	2.348659e+02
2.300000e-06	9.295697e-07	3.494430e-09	6.238370e+00	2.297724e+02
2.310000e-06	8.822144e-07	3.421247e-09	5.920567e+00	2.246482e+02
2.320000e-06	8.342983e-07	3.344890e-09	5.599000e+00	2.193982e+02
2.330000e-06	7.858349e-07	3.259554e-09	5.273761e+00	2.139500e+02
2.340000e-06	7.370530e-07	3.169219e-09	4.946384e+00	2.082845e+02
2.350000e-06	6.880395e-07	3.079705e-09	4.617453e+00	2.024322e+02
2.360000e-06	6.387925e-07	2.995653e-09	4.286956e+00	1.964447e+02
2.370000e-06	5.893168e-07	2.901682e-09	3.954922e+00	1.903640e+02
2.380000e-06	5.396566e-07	2.809007e-09	3.621652e+00	1.842087e+02
2.390000e-06	4.898137e-07	2.710731e-09	3.287155e+00	1.779824e+02
2.400000e-06	4.397572e-07	2.615442e-09	2.951224e+00	1.716880e+02
2.410000e-06	3.895081e-07	2.519914e-09	2.614000e+00	1.653328e+02
2.420000e-06	3.390652e-07	2.420804e-09	2.275477e+00	1.589180e+02
2.430000e-06	2.884510e-07	2.321063e-09	1.935803e+00	1.524222e+02
2.440000e-06	2.377466e-07	2.218523e-09	1.595525e+00	1.457981e+02
2.450000e-06	1.869677e-07	2.118664e-09	1.254746e+00	1.389905e+02
2.460000e-06	1.360952e-07	2.012195e-09	9.133388e-01	1.319689e+02
2.470000e-06	8.514997e-08	1.903218e-09	5.714440e-01	1.247516e+02
2.480000e-06	3.418757e-08	1.789636e-09	2.294338e-01	1.174044e+02
2.490000e-06	-1.678356e-08	1.676458e-09	-1.126350e-01	1.100089e+02
2.500000e-06	-6.775050e-08	1.564033e-09	-4.546756e-01	1.026190e+02
2.510000e-06	-1.186538e-07	1.453208e-09	-7.962895e-01	9.523051e+01
2.520000e-06	-1.694824e-07	1.341632e-09	-1.137402e+00	8.778249e+01
2.530000e-06	-2.202426e-07	1.225331e-09	-1.478054e+00	8.018891e+01
2.540000e-06	-2.709204e-07	1.107898e-09	-1.818155e+00	7.238199e+01
2.550000e-06	-3.215116e-07	9.851088e-10	-2.157674e+00	6.434343e+01
2.560000e-06	-3.719444e-07	8.591492e-10	-2.496130e+00	5.610888e+01
2.570000e-06	-4.221488e-07	7.284627e-10	-2.833053e+00	4.774700e+01
2.580000e-06	-4.721725e-07	6.004728e-10	-3.168763e+00	3.932711e+01
2.590000e-06	-5.220709e-07	4.742663e-10	-3.503633e+00	3.089191e+01
2.600000e-06	-5.717969e-07	3.481885e-10	-3.837346e+00	2.244571e+01
2.610000e-06	-6.212791e-07	2.195276e-10	-4.169422e+00	1.395939e+01
2.620000e-06	-6.705337e-07	8.834026e-11	-4.499971e+00	5.386887e+00
2.630000e-06	-7.195546e-07	-4.299479e-11	-4.828952e+00	-3.314764e+00
2.640000e-06	-7.681965e-07	-1.790009e-10	-5.155390e+00	-1.216838e+01
2.650000e-06	-8.164019e-07	-3.174282e-10	-5.478898e+00	-2.116797e+01
2.660000e-06	-8.641884e-07	-4.592003e-10	-5.799594e+00	-3.028114e+01
2.670000e-06	-9.113876e-07	-5.988943e-10	-6.116349e+00	-3.946177e+01
2.680000e-06	-9.580499e-07	-7.374046e-10	-6.429501e+00	-4.866733e+01
2.690000e-06	-1.004375e-06	-8.765468e-10	-6.740394e+00	-5.787262e+01
2.700000e-06	-1.050414e-06	-1.018602e-09	-7.049360e+00	-6.707267e+01
2.710000e-06	-1.096235e-06	-1.160319e-09	-7.356869e+00	-7.627420e+01
2.720000e-06	-1.141812e-06	-1.299011e-09	-7.662732e+00	-8.548252e+01
2.730000e-06	-1.187090e-06	-1.439102e-09	-7.966595e+00	-9.469375e+01
2.740000e-06	-1.232021e-06	-1.579439e-09	-8.268130e+00	-1.038983e+02
2.750000e-06	-1.276462e-06	-1.720654e-09	-8.566374e+00	-1.130915e+02
2.760000e-06	-1.320391e-06	-1.860216e-09	-8.861180e+00	-1.222812e+02
2.770000e-06	-1.363959e-06	-2.000841e-09	-9.153567e+00	-1.314819e+02
2.780000e-06	-1.407298e-06	-2.141126e-09	-9.444419e+00	-1.406957e+02
2.790000e-06	-1.450375e-06	-2.279191e-09	-9.733513e+00	-1.498930e+02
2.800000e-06	-1.492967e-06	-2.415492e-09	-1.001935e+01	-1.590079e+02
2.810000e-06	-1.534933e-06	-2.550924e-09	-1.030098e+01	-1.679588e+02
2.820000e-06	-1.576386e-06	-2.685275e-09	-1.057917e+01	-1.766842e+02
2.830000e-06	-1.617326e-06	-2.814679e-09	-1.085393e+01	-1.851747e+02
2.840000e-06	-1.657647e-06	-2.940703e-09	-1.112452e+01	-1.934789e+02
2.850000e-06	-1.697424e-06	-3.065264e-09	-1.139146e+01	-2.016765e+02
2.860000e-06	-1.736813e-06	-3.190411e-09	-1.165580e+01	-2.098319e+02
2.870000e-06	-1.775756e-06	-3.313480e-09	-1.191715e+01	-2.179539e+02
2.880000e-06	-1.813889e-06	-3.434581e-09	-1.217306e+01	-2.259850e+02
2.890000e-06	-1.851008e-06	-3.553506e-09	-1.242217e+01	-2.338264e+02
2.900000e-06	-1.887251e-06	-3.669659e-09	-1.266540e+01	-2.413843e+02
2.910000e-06	-1.922842e-06	-3.782167e-09	-1.290425e+01	-2.486127e+02
2.920000e-06	-1.957906e-06	-3.888241e-09	-1.313957e+01	-2.555318e+02
2.930000e-06	-1.992343e-06	-3.989702e-09	-1.337068e+01	-2.622134e+02
2.940000e-06	-2.026080e-06	-4.088320e-09	-1.359709e+01	-2.687453e+02
2.950000e-06	-2.059118e-06	-4.186098e-09	-1.381880e+01	-2.751901e+02
2.960000e-06	-2.091387e-06	-4.283642e-09	-1.403536e+01	-2.815591e+02
2.970000e-06	-2.123014e-06	-4.380092e-09	-1.424761e+01	-2.878077e+02
2.980000e-06	-2.154105e-06	-4.473063e-09	-1.445626e+01	-2.938537e+02
2.990000e-06	-2.184344e-06	-4.561469e-09	-1.465920e+01	-2.996108e+02
3.000000e-06	-2.213437e-06	-4.644559e-09	-1.485444e+01	-3.050237e+02
3.010000e-06	-2.241531e-06	-4.722924e-09	-1.504298e+01	-3.100930e+02
3.020000e-06	-2.268930e-06	-4.796527e-09	-1.522685e+01	-3.148775e+02
3.030000e-06	-2.295682e-06	-4.866155e-09	-1.540639e+01	-3.194723e+02
3.040000e-06	-2.321655e-06	-4.936702e-09	-1.558069e+01	-3.239682e+02
3.050000e-06	-2.346786e-06	-5.006566e-09	-1.574935e+01	-3.284129e+02
3.060000e-06	-2.371090e-06	-5.073500e-09	-1.591245e+01	-3.327911e+02
3.070000e-06	-2.394703e-06	-5.137947e-09	-1.607093e+01	-3.370361e+02
3.080000e-06	-2.417686e-06	-5.200157e-09	-1.622516e+01	-3.410659e+02
3.090000e-06	-2.439620e-06	-5.258296e-09	-1.637236e+01	-3.448244e+02
3.100000e-06	-2.460286e-06	-5.311468e-09	-1.651105e+01	-3.483044e+02
3.110000e-06	-2.480048e-06	-5.362560e-09	-1.664368e+01	-3.515429e+02
3.120000e-06	-2.499052e-06	-5.410499e-09	-1.677121e+01	-3.545947e+02
3.130000e-06	-2.517224e-06	-5.456141e-09	-1.689317e+01	-3.575036e+02
3.140000e-06	-2.534607e-06	-5.499320e-09	-1.700982e+01	-3.602900e+02
3.150000e-06	-2.551175e-06	-5.540359e-09	-1.712101e+01	-3.629560e+02
3.160000e-06	-2.566945e-06	-5.579316e-09	-1.722685e+01	-3.654991e+02
3.170000e-06	-2.581891e-06	-5.617219e-09	-1.732715e+01	-3.679181e+02
3.180000e-06	-2.595678e-06	-5.652499e-09	-1.741967e+01	-3.702065e+02
3.190000e-06	-2.608143e-06	-5.683444e-09	-1.750332e+01	-3.723425e+02
3.200000e-06	-2.619449e-06	-5.712795e-09	-1.757920e+01	-3.742896e+02
3.210000e-06	-2.629795e-06	-5.740589e-09	-1.764863e+01	-3.760161e+02
3.220000e-06	-2.639317e-06	-5.765204e-09	-1.771254e+01	-3.775227e+02
3.230000e-06	-2.647955e-06	-5.783879e-09	-1.777051e+01	-3.788568e+02
3.240000e-06	-2.655778e-06	-5.801314e-09	-1.782301e+01	-3.800967e+02
3.250000e-06	-2.662818e-06	-5.821730e-09	-1.787025e+01	-3.813104e+02
3.260000e-06	-2.668729e-06	-5.843102e-09	-1.790992e+01	-3.825143e+02
3.270000e-06	-2.673375e-06	-5.861037e-09	-1.794110e+01	-3.836598e+02
3.280000e-06	-2.677067e-06	-5.873880e-09	-1.796588e+01	-3.846605e+02
3.290000e-06	-2.679977e-06	-5.884579e-09	-1.798540e+01	-3.854440e+02
3.300000e-06	-2.682013e-06	-5.894656e-09	-1.799907e+01	-3.859939e+02
3.310000e-06	-2.683164e-06	-5.901856e-09	-1.800680e+01	-3.863552e+02
