# Temperatura_=_20.0
# Concentracion g/m^3_=_10000.0
# C_Vs_to_Am_M_A/Vsm_=_65563218390.804596
# pendiente_HvsI_1/m_=_3716.3
# ordenada_HvsI_A/m_=_1297.0
# frecuencia_Hz_=_301360.98913879885

Tiempo_(s)	Campo_(V.s)	Magnetizacion_(V.s)	Campo_(kA/m)	Magnetizacion_(A/m)
0.000000e+00	-7.609536e-06	-1.109228e-08	-5.323237e+01	-7.262635e+02
1.000000e-08	-7.605787e-06	-1.108953e-08	-5.320614e+01	-7.261520e+02
2.000000e-08	-7.599590e-06	-1.108315e-08	-5.316279e+01	-7.260074e+02
3.000000e-08	-7.590968e-06	-1.108054e-08	-5.310247e+01	-7.257504e+02
4.000000e-08	-7.579668e-06	-1.107774e-08	-5.302343e+01	-7.253183e+02
5.000000e-08	-7.565536e-06	-1.106999e-08	-5.292456e+01	-7.247132e+02
6.000000e-08	-7.548584e-06	-1.105301e-08	-5.280598e+01	-7.240076e+02
7.000000e-08	-7.529267e-06	-1.103100e-08	-5.267085e+01	-7.232972e+02
8.000000e-08	-7.507665e-06	-1.103981e-08	-5.251974e+01	-7.226334e+02
9.000000e-08	-7.483166e-06	-1.106849e-08	-5.234835e+01	-7.219831e+02
1.000000e-07	-7.455557e-06	-1.103643e-08	-5.215521e+01	-7.212471e+02
1.100000e-07	-7.425166e-06	-1.099594e-08	-5.194261e+01	-7.203274e+02
1.200000e-07	-7.392218e-06	-1.099362e-08	-5.171212e+01	-7.191988e+02
1.300000e-07	-7.356844e-06	-1.097004e-08	-5.146467e+01	-7.179336e+02
1.400000e-07	-7.319499e-06	-1.090070e-08	-5.120342e+01	-7.166612e+02
1.500000e-07	-7.280100e-06	-1.094524e-08	-5.092780e+01	-7.154876e+02
1.600000e-07	-7.237966e-06	-1.092044e-08	-5.063306e+01	-7.144255e+02
1.700000e-07	-7.193207e-06	-1.083896e-08	-5.031995e+01	-7.133805e+02
1.800000e-07	-7.145917e-06	-1.090362e-08	-4.998913e+01	-7.121996e+02
1.900000e-07	-7.095767e-06	-1.084413e-08	-4.963831e+01	-7.107494e+02
2.000000e-07	-7.042823e-06	-1.081214e-08	-4.926794e+01	-7.089772e+02
2.100000e-07	-6.987243e-06	-1.078950e-08	-4.887913e+01	-7.069214e+02
2.200000e-07	-6.929052e-06	-1.072576e-08	-4.847205e+01	-7.046746e+02
2.300000e-07	-6.868297e-06	-1.072768e-08	-4.804704e+01	-7.023288e+02
2.400000e-07	-6.805152e-06	-1.067554e-08	-4.760532e+01	-6.999364e+02
2.500000e-07	-6.739558e-06	-1.065086e-08	-4.714645e+01	-6.975017e+02
2.600000e-07	-6.671423e-06	-1.061706e-08	-4.666982e+01	-6.949979e+02
2.700000e-07	-6.600872e-06	-1.056928e-08	-4.617628e+01	-6.923886e+02
2.800000e-07	-6.527890e-06	-1.052866e-08	-4.566573e+01	-6.896419e+02
2.900000e-07	-6.452369e-06	-1.046638e-08	-4.513743e+01	-6.867347e+02
3.000000e-07	-6.374208e-06	-1.043113e-08	-4.459065e+01	-6.836547e+02
3.100000e-07	-6.293382e-06	-1.036920e-08	-4.402524e+01	-6.804043e+02
3.200000e-07	-6.210335e-06	-1.033884e-08	-4.344428e+01	-6.770021e+02
3.300000e-07	-6.125432e-06	-1.029597e-08	-4.285035e+01	-6.734747e+02
3.400000e-07	-6.038585e-06	-1.022653e-08	-4.224281e+01	-6.698397e+02
3.500000e-07	-5.949615e-06	-1.016804e-08	-4.162042e+01	-6.660891e+02
3.600000e-07	-5.858441e-06	-1.009706e-08	-4.098262e+01	-6.621880e+02
3.700000e-07	-5.765152e-06	-1.003620e-08	-4.033002e+01	-6.580943e+02
3.800000e-07	-5.669844e-06	-9.968418e-09	-3.966329e+01	-6.537861e+02
3.900000e-07	-5.572478e-06	-9.915006e-09	-3.898216e+01	-6.492775e+02
4.000000e-07	-5.473053e-06	-9.848144e-09	-3.828664e+01	-6.446065e+02
4.100000e-07	-5.371725e-06	-9.778507e-09	-3.757781e+01	-6.398008e+02
4.200000e-07	-5.268504e-06	-9.697649e-09	-3.685573e+01	-6.348472e+02
4.300000e-07	-5.163344e-06	-9.602961e-09	-3.612008e+01	-6.296897e+02
4.400000e-07	-5.056276e-06	-9.509120e-09	-3.537108e+01	-6.242629e+02
4.500000e-07	-4.947332e-06	-9.419319e-09	-3.460897e+01	-6.185378e+02
4.600000e-07	-4.836628e-06	-9.341636e-09	-3.383454e+01	-6.125452e+02
4.700000e-07	-4.724215e-06	-9.260021e-09	-3.304816e+01	-6.063551e+02
4.800000e-07	-4.609948e-06	-9.171481e-09	-3.224880e+01	-6.000218e+02
4.900000e-07	-4.493765e-06	-9.065849e-09	-3.143605e+01	-5.935336e+02
5.000000e-07	-4.375824e-06	-8.954476e-09	-3.061100e+01	-5.868066e+02
5.100000e-07	-4.256359e-06	-8.833181e-09	-2.977528e+01	-5.797331e+02
5.200000e-07	-4.135434e-06	-8.708831e-09	-2.892935e+01	-5.722528e+02
5.300000e-07	-4.012979e-06	-8.587585e-09	-2.807272e+01	-5.643976e+02
5.400000e-07	-3.889048e-06	-8.473181e-09	-2.720577e+01	-5.562730e+02
5.500000e-07	-3.763760e-06	-8.360597e-09	-2.632931e+01	-5.479844e+02
5.600000e-07	-3.637201e-06	-8.237394e-09	-2.544398e+01	-5.395552e+02
5.700000e-07	-3.509382e-06	-8.101737e-09	-2.454982e+01	-5.308961e+02
5.800000e-07	-3.380311e-06	-7.952149e-09	-2.364691e+01	-5.218476e+02
5.900000e-07	-3.250012e-06	-7.797633e-09	-2.273540e+01	-5.122735e+02
6.000000e-07	-3.118493e-06	-7.636896e-09	-2.181536e+01	-5.021428e+02
6.100000e-07	-2.985780e-06	-7.475474e-09	-2.088697e+01	-4.915464e+02
6.200000e-07	-2.851992e-06	-7.311846e-09	-1.995106e+01	-4.806349e+02
6.300000e-07	-2.717277e-06	-7.147714e-09	-1.900866e+01	-4.695194e+02
6.400000e-07	-2.581618e-06	-6.979110e-09	-1.805966e+01	-4.581953e+02
6.500000e-07	-2.445005e-06	-6.800663e-09	-1.710398e+01	-4.465392e+02
6.600000e-07	-2.307452e-06	-6.609994e-09	-1.614174e+01	-4.343752e+02
6.700000e-07	-2.168978e-06	-6.409318e-09	-1.517305e+01	-4.215673e+02
6.800000e-07	-2.029647e-06	-6.201736e-09	-1.419836e+01	-4.080803e+02
6.900000e-07	-1.889402e-06	-5.985745e-09	-1.321727e+01	-3.939759e+02
7.000000e-07	-1.748264e-06	-5.765315e-09	-1.222995e+01	-3.793535e+02
7.100000e-07	-1.606384e-06	-5.536364e-09	-1.123743e+01	-3.642783e+02
7.200000e-07	-1.463902e-06	-5.300507e-09	-1.024070e+01	-3.487387e+02
7.300000e-07	-1.320953e-06	-5.055198e-09	-9.240702e+00	-3.326529e+02
7.400000e-07	-1.177525e-06	-4.799015e-09	-8.237354e+00	-3.159108e+02
7.500000e-07	-1.033622e-06	-4.530600e-09	-7.230686e+00	-2.984190e+02
7.600000e-07	-8.893307e-07	-4.250185e-09	-6.221297e+00	-2.801238e+02
7.700000e-07	-7.447199e-07	-3.958504e-09	-5.209674e+00	-2.610045e+02
7.800000e-07	-5.998782e-07	-3.654203e-09	-4.196437e+00	-2.410497e+02
7.900000e-07	-4.548512e-07	-3.336607e-09	-3.181903e+00	-2.202360e+02
8.000000e-07	-3.096530e-07	-3.004625e-09	-2.166172e+00	-1.985198e+02
8.100000e-07	-1.643173e-07	-2.658726e-09	-1.149478e+00	-1.758418e+02
8.200000e-07	-1.890963e-08	-2.295383e-09	-1.322820e-01	-1.521369e+02
8.300000e-07	1.264874e-07	-1.916722e-09	8.848402e-01	-1.273431e+02
8.400000e-07	2.718737e-07	-1.520653e-09	1.901887e+00	-1.014065e+02
8.500000e-07	4.171802e-07	-1.107247e-09	2.918376e+00	-7.428765e+01
8.600000e-07	5.622114e-07	-6.748260e-10	3.932939e+00	-4.596838e+01
8.700000e-07	7.069561e-07	-2.227862e-10	4.945498e+00	-1.646328e+01
8.800000e-07	8.514470e-07	2.458156e-10	5.956282e+00	1.416721e+01
8.900000e-07	9.956454e-07	7.303118e-10	6.965019e+00	4.580164e+01
9.000000e-07	1.139474e-06	1.225134e-09	7.971172e+00	7.824251e+01
9.100000e-07	1.282834e-06	1.726745e-09	8.974041e+00	1.112060e+02
9.200000e-07	1.425709e-06	2.229911e-09	9.973519e+00	1.443255e+02
9.300000e-07	1.568042e-06	2.731477e-09	1.096921e+01	1.771782e+02
9.400000e-07	1.709796e-06	3.222227e-09	1.196084e+01	2.093345e+02
9.500000e-07	1.850894e-06	3.695078e-09	1.294789e+01	2.404195e+02
9.600000e-07	1.991184e-06	4.146417e-09	1.392929e+01	2.701616e+02
9.700000e-07	2.130572e-06	4.573543e-09	1.490438e+01	2.984097e+02
9.800000e-07	2.269103e-06	4.977682e-09	1.587347e+01	3.251099e+02
9.900000e-07	2.406819e-06	5.357661e-09	1.683686e+01	3.502594e+02
1.000000e-06	2.543665e-06	5.715893e-09	1.779416e+01	3.738638e+02
1.010000e-06	2.679558e-06	6.051264e-09	1.874480e+01	3.959213e+02
1.020000e-06	2.814424e-06	6.364080e-09	1.968825e+01	4.164398e+02
1.030000e-06	2.948311e-06	6.654004e-09	2.062485e+01	4.354680e+02
1.040000e-06	3.081241e-06	6.920963e-09	2.155476e+01	4.531137e+02
1.050000e-06	3.212973e-06	7.169312e-09	2.247629e+01	4.695320e+02
1.060000e-06	3.343454e-06	7.402356e-09	2.338907e+01	4.848873e+02
1.070000e-06	3.472796e-06	7.618835e-09	2.429388e+01	4.993104e+02
1.080000e-06	3.600921e-06	7.822627e-09	2.519018e+01	5.128754e+02
1.090000e-06	3.727821e-06	8.016434e-09	2.607791e+01	5.256078e+02
1.100000e-06	3.853458e-06	8.198395e-09	2.695680e+01	5.375150e+02
1.110000e-06	3.977696e-06	8.368118e-09	2.782590e+01	5.486180e+02
1.120000e-06	4.100467e-06	8.524327e-09	2.868474e+01	5.589679e+02
1.130000e-06	4.221810e-06	8.669577e-09	2.953360e+01	5.686422e+02
1.140000e-06	4.341667e-06	8.807244e-09	3.037205e+01	5.777293e+02
1.150000e-06	4.459938e-06	8.939906e-09	3.119941e+01	5.863131e+02
1.160000e-06	4.576511e-06	9.066908e-09	3.201490e+01	5.944633e+02
1.170000e-06	4.691266e-06	9.187476e-09	3.281766e+01	6.022300e+02
1.180000e-06	4.804183e-06	9.301260e-09	3.360758e+01	6.096384e+02
1.190000e-06	4.915298e-06	9.409046e-09	3.438488e+01	6.166863e+02
1.200000e-06	5.024794e-06	9.511571e-09	3.515085e+01	6.233486e+02
1.210000e-06	5.132566e-06	9.607371e-09	3.590477e+01	6.295957e+02
1.220000e-06	5.238398e-06	9.696632e-09	3.664512e+01	6.354206e+02
1.230000e-06	5.342303e-06	9.779611e-09	3.737198e+01	6.408597e+02
1.240000e-06	5.444345e-06	9.858688e-09	3.808581e+01	6.459926e+02
1.250000e-06	5.544428e-06	9.935448e-09	3.878594e+01	6.509148e+02
1.260000e-06	5.642425e-06	1.000816e-08	3.947148e+01	6.556962e+02
1.270000e-06	5.738346e-06	1.007734e-08	4.014250e+01	6.603510e+02
1.280000e-06	5.832253e-06	1.014327e-08	4.079942e+01	6.648358e+02
1.290000e-06	5.924164e-06	1.020727e-08	4.144238e+01	6.690816e+02
1.300000e-06	6.013963e-06	1.026857e-08	4.207057e+01	6.730376e+02
1.310000e-06	6.101605e-06	1.032429e-08	4.268367e+01	6.767036e+02
1.320000e-06	6.187186e-06	1.037678e-08	4.328235e+01	6.801302e+02
1.330000e-06	6.270706e-06	1.042774e-08	4.386661e+01	6.833925e+02
1.340000e-06	6.352000e-06	1.047527e-08	4.443530e+01	6.865532e+02
1.350000e-06	6.431000e-06	1.052003e-08	4.498794e+01	6.896390e+02
1.360000e-06	6.507643e-06	1.056338e-08	4.552409e+01	6.926385e+02
1.370000e-06	6.581805e-06	1.060526e-08	4.604289e+01	6.955176e+02
1.380000e-06	6.653456e-06	1.064629e-08	4.654413e+01	6.982388e+02
1.390000e-06	6.722768e-06	1.068466e-08	4.702900e+01	7.007735e+02
1.400000e-06	6.789760e-06	1.071935e-08	4.749764e+01	7.031082e+02
1.410000e-06	6.854282e-06	1.075031e-08	4.794900e+01	7.052477e+02
1.420000e-06	6.916433e-06	1.077871e-08	4.838378e+01	7.072179e+02
1.430000e-06	6.976250e-06	1.080714e-08	4.880223e+01	7.090652e+02
1.440000e-06	7.033509e-06	1.083423e-08	4.920278e+01	7.108435e+02
1.450000e-06	7.088195e-06	1.085988e-08	4.958533e+01	7.125907e+02
1.460000e-06	7.140153e-06	1.088479e-08	4.994881e+01	7.143065e+02
1.470000e-06	7.189186e-06	1.090852e-08	5.029182e+01	7.159468e+02
1.480000e-06	7.235562e-06	1.093074e-08	5.061624e+01	7.174448e+02
1.490000e-06	7.279457e-06	1.095123e-08	5.092331e+01	7.187508e+02
1.500000e-06	7.320720e-06	1.096782e-08	5.121196e+01	7.198648e+02
1.510000e-06	7.359341e-06	1.098299e-08	5.148214e+01	7.208405e+02
1.520000e-06	7.395495e-06	1.099904e-08	5.173505e+01	7.217551e+02
1.530000e-06	7.429044e-06	1.101294e-08	5.196974e+01	7.226628e+02
1.540000e-06	7.459910e-06	1.102352e-08	5.218566e+01	7.235646e+02
1.550000e-06	7.488294e-06	1.103310e-08	5.238423e+01	7.244131e+02
1.560000e-06	7.513977e-06	1.104318e-08	5.256388e+01	7.251501e+02
1.570000e-06	7.536845e-06	1.105346e-08	5.272386e+01	7.257468e+02
1.580000e-06	7.557265e-06	1.106144e-08	5.286671e+01	7.262200e+02
1.590000e-06	7.575177e-06	1.106711e-08	5.299201e+01	7.266118e+02
1.600000e-06	7.590261e-06	1.107117e-08	5.309753e+01	7.269519e+02
1.610000e-06	7.602360e-06	1.107470e-08	5.318217e+01	7.272327e+02
1.620000e-06	7.611461e-06	1.107742e-08	5.324583e+01	7.274188e+02
1.630000e-06	7.617854e-06	1.107868e-08	5.329056e+01	7.274816e+02
1.640000e-06	7.621684e-06	1.107885e-08	5.331735e+01	7.274322e+02
1.650000e-06	7.622806e-06	1.107963e-08	5.332520e+01	7.273209e+02
1.660000e-06	7.621332e-06	1.107895e-08	5.331489e+01	7.272025e+02
1.670000e-06	7.617397e-06	1.107351e-08	5.328736e+01	7.270903e+02
1.680000e-06	7.610857e-06	1.107014e-08	5.324161e+01	7.269375e+02
1.690000e-06	7.601815e-06	1.106388e-08	5.317836e+01	7.266638e+02
1.700000e-06	7.590262e-06	1.105585e-08	5.309754e+01	7.262114e+02
1.710000e-06	7.576002e-06	1.104912e-08	5.299778e+01	7.255910e+02
1.720000e-06	7.559297e-06	1.105232e-08	5.288092e+01	7.248804e+02
1.730000e-06	7.540403e-06	1.105358e-08	5.274875e+01	7.241737e+02
1.740000e-06	7.518752e-06	1.098552e-08	5.259729e+01	7.235143e+02
1.750000e-06	7.493479e-06	1.097795e-08	5.242049e+01	7.228601e+02
1.760000e-06	7.464601e-06	1.099367e-08	5.221848e+01	7.221081e+02
1.770000e-06	7.432928e-06	1.096606e-08	5.199691e+01	7.211654e+02
1.780000e-06	7.399244e-06	1.096948e-08	5.176128e+01	7.200170e+02
1.790000e-06	7.363954e-06	1.099600e-08	5.151440e+01	7.187443e+02
1.800000e-06	7.326857e-06	1.088032e-08	5.125489e+01	7.174785e+02
1.810000e-06	7.287069e-06	1.091480e-08	5.097656e+01	7.163181e+02
1.820000e-06	7.244690e-06	1.094198e-08	5.068010e+01	7.152638e+02
1.830000e-06	7.200015e-06	1.085360e-08	5.036757e+01	7.142117e+02
1.840000e-06	7.152473e-06	1.091927e-08	5.003500e+01	7.130071e+02
1.850000e-06	7.102161e-06	1.079718e-08	4.968304e+01	7.115231e+02
1.860000e-06	7.048950e-06	1.081673e-08	4.931080e+01	7.097171e+02
1.870000e-06	6.993013e-06	1.083177e-08	4.891950e+01	7.076358e+02
1.880000e-06	6.934786e-06	1.072610e-08	4.851217e+01	7.053743e+02
1.890000e-06	6.873805e-06	1.075302e-08	4.808558e+01	7.030218e+02
1.900000e-06	6.810222e-06	1.064311e-08	4.764078e+01	7.006252e+02
1.910000e-06	6.744290e-06	1.064367e-08	4.717956e+01	6.981846e+02
1.920000e-06	6.675910e-06	1.060981e-08	4.670121e+01	6.956710e+02
1.930000e-06	6.605017e-06	1.053422e-08	4.620527e+01	6.930482e+02
1.940000e-06	6.531596e-06	1.054333e-08	4.569166e+01	6.902852e+02
1.950000e-06	6.455727e-06	1.045018e-08	4.516092e+01	6.873596e+02
1.960000e-06	6.377202e-06	1.047936e-08	4.461160e+01	6.842608e+02
1.970000e-06	6.296327e-06	1.037571e-08	4.404584e+01	6.809929e+02
1.980000e-06	6.213402e-06	1.030737e-08	4.346574e+01	6.775758e+02
1.990000e-06	6.128247e-06	1.026154e-08	4.287004e+01	6.740362e+02
2.000000e-06	6.040825e-06	1.018858e-08	4.225848e+01	6.703896e+02
2.010000e-06	5.951234e-06	1.018638e-08	4.163175e+01	6.666247e+02
2.020000e-06	5.859642e-06	1.009000e-08	4.099102e+01	6.627048e+02
2.030000e-06	5.765873e-06	1.005992e-08	4.033506e+01	6.585883e+02
2.040000e-06	5.669959e-06	9.964527e-09	3.966410e+01	6.542572e+02
2.050000e-06	5.572164e-06	9.906135e-09	3.897997e+01	6.497291e+02
2.060000e-06	5.472477e-06	9.821270e-09	3.828261e+01	6.450427e+02
2.070000e-06	5.370766e-06	9.728050e-09	3.757109e+01	6.402225e+02
2.080000e-06	5.266979e-06	9.674784e-09	3.684505e+01	6.352501e+02
2.090000e-06	5.161326e-06	9.594597e-09	3.610596e+01	6.300665e+02
2.100000e-06	5.054000e-06	9.551189e-09	3.535516e+01	6.246080e+02
2.110000e-06	4.944961e-06	9.438832e-09	3.459238e+01	6.188515e+02
2.120000e-06	4.834094e-06	9.340680e-09	3.381681e+01	6.128340e+02
2.130000e-06	4.721457e-06	9.227334e-09	3.302887e+01	6.066267e+02
2.140000e-06	4.606972e-06	9.136004e-09	3.222799e+01	6.002786e+02
2.150000e-06	4.490589e-06	9.043073e-09	3.141383e+01	5.937696e+02
2.160000e-06	4.372323e-06	8.938541e-09	3.058651e+01	5.870103e+02
2.170000e-06	4.252315e-06	8.844744e-09	2.974699e+01	5.798945e+02
2.180000e-06	4.130849e-06	8.735963e-09	2.889728e+01	5.723707e+02
2.190000e-06	4.008028e-06	8.626923e-09	2.803809e+01	5.644806e+02
2.200000e-06	3.883860e-06	8.485947e-09	2.716947e+01	5.563341e+02
2.210000e-06	3.758259e-06	8.347880e-09	2.629083e+01	5.480311e+02
2.220000e-06	3.631238e-06	8.216248e-09	2.540226e+01	5.395833e+02
2.230000e-06	3.502850e-06	8.093084e-09	2.450412e+01	5.308904e+02
2.240000e-06	3.373283e-06	7.961664e-09	2.359774e+01	5.217906e+02
2.250000e-06	3.242625e-06	7.817162e-09	2.268373e+01	5.121559e+02
2.260000e-06	3.110818e-06	7.665648e-09	2.176167e+01	5.019690e+02
2.270000e-06	2.977891e-06	7.508801e-09	2.083178e+01	4.913313e+02
2.280000e-06	2.843907e-06	7.341501e-09	1.989450e+01	4.803941e+02
2.290000e-06	2.708900e-06	7.163040e-09	1.895006e+01	4.692586e+02
2.300000e-06	2.572845e-06	6.981634e-09	1.799829e+01	4.579064e+02
2.310000e-06	2.435872e-06	6.808081e-09	1.704010e+01	4.462042e+02
2.320000e-06	2.298070e-06	6.630731e-09	1.607610e+01	4.339761e+02
2.330000e-06	2.159391e-06	6.439788e-09	1.510598e+01	4.210950e+02
2.340000e-06	2.019888e-06	6.232598e-09	1.413009e+01	4.075374e+02
2.350000e-06	1.879604e-06	6.014439e-09	1.314874e+01	3.933726e+02
2.360000e-06	1.738591e-06	5.793863e-09	1.216228e+01	3.786996e+02
2.370000e-06	1.596932e-06	5.561304e-09	1.117131e+01	3.635765e+02
2.380000e-06	1.454633e-06	5.320998e-09	1.017586e+01	3.479830e+02
2.390000e-06	1.311788e-06	5.072127e-09	9.176592e+00	3.318321e+02
2.400000e-06	1.168510e-06	4.821026e-09	8.174288e+00	3.150134e+02
2.410000e-06	1.024763e-06	4.557862e-09	7.168710e+00	2.974372e+02
2.420000e-06	8.805755e-07	4.275788e-09	6.160050e+00	2.790542e+02
2.430000e-06	7.360371e-07	3.977921e-09	5.148934e+00	2.598457e+02
2.440000e-06	5.912679e-07	3.668331e-09	4.136203e+00	2.398002e+02
2.450000e-06	4.463777e-07	3.354529e-09	3.122627e+00	2.188921e+02
2.460000e-06	3.013506e-07	3.025735e-09	2.108093e+00	1.970758e+02
2.470000e-06	1.561991e-07	2.678663e-09	1.092688e+00	1.742907e+02
2.480000e-06	1.099867e-08	2.313025e-09	7.694099e-02	1.504719e+02
2.490000e-06	-1.342214e-07	1.934767e-09	-9.389433e-01	1.255578e+02
2.500000e-06	-2.793635e-07	1.541420e-09	-1.954282e+00	9.949598e+01
2.510000e-06	-4.243593e-07	1.126174e-09	-2.968597e+00	7.224872e+01
2.520000e-06	-5.692060e-07	6.892533e-10	-3.981870e+00	4.380085e+01
2.530000e-06	-7.138889e-07	2.368156e-10	-4.993996e+00	1.417117e+01
2.540000e-06	-8.583878e-07	-2.263887e-10	-6.004836e+00	-1.657406e+01
2.550000e-06	-1.002561e-06	-7.072169e-10	-7.013396e+00	-4.830597e+01
2.560000e-06	-1.146272e-06	-1.202826e-09	-8.018724e+00	-8.081813e+01
2.570000e-06	-1.289475e-06	-1.710994e-09	-9.020498e+00	-1.138173e+02
2.580000e-06	-1.432078e-06	-2.218528e-09	-1.001808e+01	-1.469292e+02
2.590000e-06	-1.574111e-06	-2.717463e-09	-1.101167e+01	-1.797275e+02
2.600000e-06	-1.715651e-06	-3.207906e-09	-1.200180e+01	-2.117857e+02
2.610000e-06	-1.856532e-06	-3.682940e-09	-1.298733e+01	-2.427378e+02
2.620000e-06	-1.996601e-06	-4.137926e-09	-1.396718e+01	-2.723252e+02
2.630000e-06	-2.135830e-06	-4.567058e-09	-1.494116e+01	-3.004088e+02
2.640000e-06	-2.274253e-06	-4.972669e-09	-1.590949e+01	-3.269427e+02
2.650000e-06	-2.411918e-06	-5.355021e-09	-1.687253e+01	-3.519268e+02
2.660000e-06	-2.548772e-06	-5.714500e-09	-1.782989e+01	-3.753657e+02
2.670000e-06	-2.684668e-06	-6.050889e-09	-1.878054e+01	-3.972576e+02
2.680000e-06	-2.819447e-06	-6.362337e-09	-1.972339e+01	-4.176133e+02
2.690000e-06	-2.953173e-06	-6.652280e-09	-2.065887e+01	-4.364873e+02
2.700000e-06	-3.085929e-06	-6.921780e-09	-2.158756e+01	-4.539937e+02
2.710000e-06	-3.217580e-06	-7.172518e-09	-2.250852e+01	-4.702907e+02
2.720000e-06	-3.348106e-06	-7.406687e-09	-2.342161e+01	-4.855409e+02
2.730000e-06	-3.477522e-06	-7.625292e-09	-2.432694e+01	-4.998697e+02
2.740000e-06	-3.605783e-06	-7.830320e-09	-2.522419e+01	-5.133450e+02
2.750000e-06	-3.732776e-06	-8.024224e-09	-2.611257e+01	-5.259888e+02
2.760000e-06	-3.858388e-06	-8.209510e-09	-2.699128e+01	-5.378085e+02
2.770000e-06	-3.982607e-06	-8.382484e-09	-2.786025e+01	-5.488280e+02
2.780000e-06	-4.105400e-06	-8.539566e-09	-2.871925e+01	-5.591016e+02
2.790000e-06	-4.226771e-06	-8.684473e-09	-2.956830e+01	-5.687089e+02
2.800000e-06	-4.346550e-06	-8.822221e-09	-3.040621e+01	-5.777384e+02
2.810000e-06	-4.464589e-06	-8.952278e-09	-3.123195e+01	-5.862729e+02
2.820000e-06	-4.580866e-06	-9.071155e-09	-3.204536e+01	-5.943802e+02
2.830000e-06	-4.695244e-06	-9.182965e-09	-3.284549e+01	-6.021079e+02
2.840000e-06	-4.807655e-06	-9.294931e-09	-3.363186e+01	-6.094784e+02
2.850000e-06	-4.918245e-06	-9.406218e-09	-3.440549e+01	-6.164866e+02
2.860000e-06	-5.027143e-06	-9.510569e-09	-3.516729e+01	-6.231058e+02
2.870000e-06	-5.134358e-06	-9.603877e-09	-3.591731e+01	-6.293076e+02
2.880000e-06	-5.239866e-06	-9.687734e-09	-3.665538e+01	-6.350887e+02
2.890000e-06	-5.343477e-06	-9.767384e-09	-3.738020e+01	-6.404907e+02
2.900000e-06	-5.445092e-06	-9.845621e-09	-3.809104e+01	-6.455968e+02
2.910000e-06	-5.544709e-06	-9.921642e-09	-3.878791e+01	-6.505015e+02
2.920000e-06	-5.642434e-06	-9.994702e-09	-3.947154e+01	-6.552700e+02
2.930000e-06	-5.738313e-06	-1.006487e-08	-4.014226e+01	-6.599096e+02
2.940000e-06	-5.832130e-06	-1.013432e-08	-4.079856e+01	-6.643723e+02
2.950000e-06	-5.923802e-06	-1.020141e-08	-4.143985e+01	-6.685889e+02
2.960000e-06	-6.013460e-06	-1.026168e-08	-4.206705e+01	-6.725130e+02
2.970000e-06	-6.101058e-06	-1.031576e-08	-4.267984e+01	-6.761503e+02
2.980000e-06	-6.186408e-06	-1.036707e-08	-4.327691e+01	-6.795558e+02
2.990000e-06	-6.269538e-06	-1.041791e-08	-4.385844e+01	-6.828049e+02
3.000000e-06	-6.350611e-06	-1.046730e-08	-4.442558e+01	-6.859572e+02
3.010000e-06	-6.429424e-06	-1.051353e-08	-4.497692e+01	-6.890350e+02
3.020000e-06	-6.505608e-06	-1.055987e-08	-4.550986e+01	-6.920236e+02
3.030000e-06	-6.579298e-06	-1.060783e-08	-4.602536e+01	-6.948877e+02
3.040000e-06	-6.650719e-06	-1.065139e-08	-4.652498e+01	-6.975902e+02
3.050000e-06	-6.719780e-06	-1.068874e-08	-4.700810e+01	-7.001040e+02
3.060000e-06	-6.786356e-06	-1.072284e-08	-4.747383e+01	-7.024173e+02
3.070000e-06	-6.850513e-06	-1.075619e-08	-4.792264e+01	-7.045371e+02
3.080000e-06	-6.912256e-06	-1.078811e-08	-4.835456e+01	-7.064919e+02
3.090000e-06	-6.971462e-06	-1.081810e-08	-4.876874e+01	-7.083295e+02
3.100000e-06	-7.028176e-06	-1.084392e-08	-4.916548e+01	-7.101032e+02
3.110000e-06	-7.082308e-06	-1.086858e-08	-4.954416e+01	-7.118481e+02
3.120000e-06	-7.133645e-06	-1.089477e-08	-4.990329e+01	-7.135588e+02
3.130000e-06	-7.181989e-06	-1.091942e-08	-5.024147e+01	-7.151871e+02
3.140000e-06	-7.227588e-06	-1.094095e-08	-5.056046e+01	-7.166665e+02
3.150000e-06	-7.270933e-06	-1.096033e-08	-5.086368e+01	-7.179510e+02
3.160000e-06	-7.311972e-06	-1.097865e-08	-5.115076e+01	-7.190470e+02
3.170000e-06	-7.350499e-06	-1.099512e-08	-5.142028e+01	-7.200127e+02
3.180000e-06	-7.386418e-06	-1.100866e-08	-5.167155e+01	-7.209248e+02
3.190000e-06	-7.419783e-06	-1.102009e-08	-5.190495e+01	-7.218331e+02
3.200000e-06	-7.450516e-06	-1.103413e-08	-5.211994e+01	-7.227321e+02
3.210000e-06	-7.478529e-06	-1.104792e-08	-5.231591e+01	-7.235715e+02
3.220000e-06	-7.503974e-06	-1.106087e-08	-5.249391e+01	-7.242941e+02
3.230000e-06	-7.526818e-06	-1.107235e-08	-5.265372e+01	-7.248762e+02
3.240000e-06	-7.546945e-06	-1.107986e-08	-5.279452e+01	-7.253387e+02
3.250000e-06	-7.564473e-06	-1.108441e-08	-5.291713e+01	-7.257243e+02
3.260000e-06	-7.579234e-06	-1.108911e-08	-5.302040e+01	-7.260593e+02
3.270000e-06	-7.590983e-06	-1.109242e-08	-5.310258e+01	-7.263320e+02
3.280000e-06	-7.599946e-06	-1.109343e-08	-5.316528e+01	-7.265059e+02
3.290000e-06	-7.606198e-06	-1.109427e-08	-5.320902e+01	-7.265555e+02
3.300000e-06	-7.609780e-06	-1.109526e-08	-5.323408e+01	-7.264967e+02
3.310000e-06	-7.610852e-06	-1.109423e-08	-5.324157e+01	-7.263826e+02
