# Temperatura_=_20.0
# Concentracion g/m^3_=_10000.0
# C_Vs_to_Am_M_A/Vsm_=_65563218390.804596
# pendiente_HvsI_1/m_=_3716.3
# ordenada_HvsI_A/m_=_1297.0
# frecuencia_Hz_=_301361.6676230489

Tiempo_(s)	Campo_(V.s)	Magnetizacion_(V.s)	Campo_(kA/m)	Magnetizacion_(A/m)
0.000000e+00	-7.588599e-06	-1.111539e-08	-5.323123e+01	-7.274179e+02
1.000000e-08	-7.584515e-06	-1.111032e-08	-5.320258e+01	-7.273287e+02
2.000000e-08	-7.578042e-06	-1.110524e-08	-5.315717e+01	-7.272368e+02
3.000000e-08	-7.569153e-06	-1.110320e-08	-5.309482e+01	-7.270194e+02
4.000000e-08	-7.557611e-06	-1.109775e-08	-5.301385e+01	-7.265780e+02
5.000000e-08	-7.543175e-06	-1.108546e-08	-5.291259e+01	-7.259061e+02
6.000000e-08	-7.525927e-06	-1.106237e-08	-5.279161e+01	-7.250975e+02
7.000000e-08	-7.506400e-06	-1.104034e-08	-5.265463e+01	-7.242855e+02
8.000000e-08	-7.484553e-06	-1.107747e-08	-5.250138e+01	-7.235509e+02
9.000000e-08	-7.459739e-06	-1.108836e-08	-5.232732e+01	-7.228630e+02
1.000000e-07	-7.431857e-06	-1.104086e-08	-5.213174e+01	-7.220956e+02
1.100000e-07	-7.401281e-06	-1.101569e-08	-5.191726e+01	-7.211118e+02
1.200000e-07	-7.368141e-06	-1.101427e-08	-5.168479e+01	-7.198599e+02
1.300000e-07	-7.332595e-06	-1.095340e-08	-5.143545e+01	-7.184167e+02
1.400000e-07	-7.295168e-06	-1.091105e-08	-5.117292e+01	-7.169454e+02
1.500000e-07	-7.255565e-06	-1.098151e-08	-5.089512e+01	-7.155930e+02
1.600000e-07	-7.213173e-06	-1.087834e-08	-5.059775e+01	-7.143944e+02
1.700000e-07	-7.168286e-06	-1.086864e-08	-5.028288e+01	-7.132431e+02
1.800000e-07	-7.120837e-06	-1.092195e-08	-4.995005e+01	-7.119486e+02
1.900000e-07	-7.070482e-06	-1.084280e-08	-4.959683e+01	-7.103429e+02
2.000000e-07	-7.017357e-06	-1.083566e-08	-4.922417e+01	-7.083708e+02
2.100000e-07	-6.961683e-06	-1.077026e-08	-4.883364e+01	-7.061115e+02
2.200000e-07	-6.903447e-06	-1.074030e-08	-4.842514e+01	-7.037241e+02
2.300000e-07	-6.842608e-06	-1.071993e-08	-4.799837e+01	-7.013540e+02
2.400000e-07	-6.779336e-06	-1.067100e-08	-4.755455e+01	-6.990581e+02
2.500000e-07	-6.713648e-06	-1.066451e-08	-4.709377e+01	-6.967845e+02
2.600000e-07	-6.645456e-06	-1.061339e-08	-4.661542e+01	-6.944128e+02
2.700000e-07	-6.574863e-06	-1.057353e-08	-4.612024e+01	-6.918218e+02
2.800000e-07	-6.501817e-06	-1.053126e-08	-4.560785e+01	-6.889480e+02
2.900000e-07	-6.426237e-06	-1.047666e-08	-4.507768e+01	-6.858077e+02
3.000000e-07	-6.347972e-06	-1.041609e-08	-4.452868e+01	-6.824795e+02
3.100000e-07	-6.267057e-06	-1.035566e-08	-4.396109e+01	-6.790629e+02
3.200000e-07	-6.184001e-06	-1.033859e-08	-4.337849e+01	-6.756319e+02
3.300000e-07	-6.099064e-06	-1.027885e-08	-4.278269e+01	-6.722032e+02
3.400000e-07	-6.012241e-06	-1.022475e-08	-4.217365e+01	-6.687270e+02
3.500000e-07	-5.923328e-06	-1.016230e-08	-4.154996e+01	-6.651055e+02
3.600000e-07	-5.832160e-06	-1.009122e-08	-4.091046e+01	-6.612329e+02
3.700000e-07	-5.738881e-06	-1.003127e-08	-4.025613e+01	-6.570419e+02
3.800000e-07	-5.643550e-06	-9.962434e-09	-3.958743e+01	-6.525368e+02
3.900000e-07	-5.546114e-06	-9.902727e-09	-3.890395e+01	-6.477921e+02
4.000000e-07	-5.446662e-06	-9.827991e-09	-3.820633e+01	-6.429143e+02
4.100000e-07	-5.345386e-06	-9.763515e-09	-3.749591e+01	-6.379836e+02
4.200000e-07	-5.242257e-06	-9.682255e-09	-3.677250e+01	-6.330078e+02
4.300000e-07	-5.137171e-06	-9.590764e-09	-3.603536e+01	-6.279162e+02
4.400000e-07	-5.030144e-06	-9.494293e-09	-3.528460e+01	-6.225983e+02
4.500000e-07	-4.921225e-06	-9.404965e-09	-3.452058e+01	-6.169643e+02
4.600000e-07	-4.810621e-06	-9.329750e-09	-3.374473e+01	-6.109897e+02
4.700000e-07	-4.698357e-06	-9.242993e-09	-3.295724e+01	-6.047169e+02
4.800000e-07	-4.584188e-06	-9.148659e-09	-3.215639e+01	-5.982150e+02
4.900000e-07	-4.468081e-06	-9.037919e-09	-3.134194e+01	-5.915289e+02
5.000000e-07	-4.350243e-06	-8.927822e-09	-3.051535e+01	-5.846520e+02
5.100000e-07	-4.230836e-06	-8.810171e-09	-2.967775e+01	-5.775394e+02
5.200000e-07	-4.109995e-06	-8.689856e-09	-2.883010e+01	-5.701470e+02
5.300000e-07	-3.987707e-06	-8.569160e-09	-2.797229e+01	-5.624635e+02
5.400000e-07	-3.863948e-06	-8.454428e-09	-2.710417e+01	-5.545081e+02
5.500000e-07	-3.738820e-06	-8.343021e-09	-2.622644e+01	-5.462963e+02
5.600000e-07	-3.612468e-06	-8.214884e-09	-2.534013e+01	-5.378024e+02
5.700000e-07	-3.484894e-06	-8.072093e-09	-2.444524e+01	-5.289518e+02
5.800000e-07	-3.356045e-06	-7.918667e-09	-2.354142e+01	-5.196564e+02
5.900000e-07	-3.225960e-06	-7.768944e-09	-2.262892e+01	-5.098702e+02
6.000000e-07	-3.094628e-06	-7.613347e-09	-2.170768e+01	-4.996260e+02
6.100000e-07	-2.962155e-06	-7.451569e-09	-2.077842e+01	-4.890213e+02
6.200000e-07	-2.828674e-06	-7.283591e-09	-1.984210e+01	-4.781581e+02
6.300000e-07	-2.694231e-06	-7.113339e-09	-1.889904e+01	-4.670715e+02
6.400000e-07	-2.558804e-06	-6.940828e-09	-1.794906e+01	-4.556959e+02
6.500000e-07	-2.422424e-06	-6.756685e-09	-1.699241e+01	-4.438902e+02
6.600000e-07	-2.285207e-06	-6.562299e-09	-1.602988e+01	-4.315083e+02
6.700000e-07	-2.147131e-06	-6.360403e-09	-1.506133e+01	-4.184709e+02
6.800000e-07	-2.008006e-06	-6.155533e-09	-1.408542e+01	-4.047947e+02
6.900000e-07	-1.867931e-06	-5.942992e-09	-1.310285e+01	-3.905643e+02
7.000000e-07	-1.727172e-06	-5.722465e-09	-1.211547e+01	-3.758672e+02
7.100000e-07	-1.585789e-06	-5.488839e-09	-1.112373e+01	-3.607337e+02
7.200000e-07	-1.443837e-06	-5.245950e-09	-1.012798e+01	-3.451141e+02
7.300000e-07	-1.301336e-06	-4.997315e-09	-9.128394e+00	-3.289018e+02
7.400000e-07	-1.158346e-06	-4.739231e-09	-8.125373e+00	-3.119797e+02
7.500000e-07	-1.014866e-06	-4.469271e-09	-7.118910e+00	-2.942619e+02
7.600000e-07	-8.709155e-07	-4.184732e-09	-6.109151e+00	-2.757083e+02
7.700000e-07	-7.266449e-07	-3.889582e-09	-5.097146e+00	-2.563127e+02
7.800000e-07	-5.821241e-07	-3.583808e-09	-4.083386e+00	-2.360786e+02
7.900000e-07	-4.373589e-07	-3.264703e-09	-3.067911e+00	-2.149977e+02
8.000000e-07	-2.923830e-07	-2.927411e-09	-2.050959e+00	-1.930387e+02
8.100000e-07	-1.472786e-07	-2.572784e-09	-1.033105e+00	-1.701471e+02
8.200000e-07	-2.108303e-09	-2.203176e-09	-1.478897e-02	-1.462481e+02
8.300000e-07	1.430679e-07	-1.820812e-09	1.003568e+00	-1.212554e+02
8.400000e-07	2.880837e-07	-1.423358e-09	2.020801e+00	-9.508419e+01
8.500000e-07	4.329891e-07	-1.006436e-09	3.037259e+00	-6.767118e+01
8.600000e-07	5.778024e-07	-5.696469e-10	4.053071e+00	-3.899662e+01
8.700000e-07	7.222829e-07	-1.132423e-10	5.066549e+00	-9.101523e+00
8.800000e-07	8.663247e-07	3.600121e-10	6.076949e+00	2.190513e+01
8.900000e-07	1.009965e-06	8.501864e-10	7.084532e+00	5.384779e+01
9.000000e-07	1.153272e-06	1.352604e-09	8.089777e+00	8.648863e+01
9.100000e-07	1.296159e-06	1.859131e-09	9.092079e+00	1.195306e+02
9.200000e-07	1.438516e-06	2.363135e-09	1.009066e+01	1.526222e+02
9.300000e-07	1.580280e-06	2.860150e-09	1.108508e+01	1.853737e+02
9.400000e-07	1.721464e-06	3.346716e-09	1.207543e+01	2.173901e+02
9.500000e-07	1.862121e-06	3.817315e-09	1.306209e+01	2.483176e+02
9.600000e-07	2.002103e-06	4.266753e-09	1.404401e+01	2.778866e+02
9.700000e-07	2.141125e-06	4.691285e-09	1.501920e+01	3.059316e+02
9.800000e-07	2.279114e-06	5.091938e-09	1.598714e+01	3.323802e+02
9.900000e-07	2.416233e-06	5.468921e-09	1.694898e+01	3.572185e+02
1.000000e-06	2.552517e-06	5.821383e-09	1.790497e+01	3.804571e+02
1.010000e-06	2.687884e-06	6.148957e-09	1.885452e+01	4.021159e+02
1.020000e-06	2.822289e-06	6.454142e-09	1.979732e+01	4.222338e+02
1.030000e-06	2.955701e-06	6.738007e-09	2.073315e+01	4.408883e+02
1.040000e-06	3.088166e-06	7.002457e-09	2.166235e+01	4.582035e+02
1.050000e-06	3.219536e-06	7.247176e-09	2.258386e+01	4.743333e+02
1.060000e-06	3.349581e-06	7.474647e-09	2.349608e+01	4.894264e+02
1.070000e-06	3.478361e-06	7.686415e-09	2.439942e+01	5.035928e+02
1.080000e-06	3.605992e-06	7.886996e-09	2.529470e+01	5.168929e+02
1.090000e-06	3.732447e-06	8.077919e-09	2.618174e+01	5.293534e+02
1.100000e-06	3.857668e-06	8.254244e-09	2.706012e+01	5.409976e+02
1.110000e-06	3.981517e-06	8.418608e-09	2.792887e+01	5.518690e+02
1.120000e-06	4.103796e-06	8.572288e-09	2.878662e+01	5.620350e+02
1.130000e-06	4.224544e-06	8.718134e-09	2.963362e+01	5.715727e+02
1.140000e-06	4.343865e-06	8.857503e-09	3.047061e+01	5.805523e+02
1.150000e-06	4.461676e-06	8.989059e-09	3.129701e+01	5.890293e+02
1.160000e-06	4.577788e-06	9.111597e-09	3.211149e+01	5.970499e+02
1.170000e-06	4.691950e-06	9.227609e-09	3.291230e+01	6.046583e+02
1.180000e-06	4.804276e-06	9.339144e-09	3.370023e+01	6.118953e+02
1.190000e-06	4.914967e-06	9.445279e-09	3.447668e+01	6.187877e+02
1.200000e-06	5.024033e-06	9.544244e-09	3.524174e+01	6.253373e+02
1.210000e-06	5.131333e-06	9.638132e-09	3.599441e+01	6.315232e+02
1.220000e-06	5.236658e-06	9.727635e-09	3.673323e+01	6.373225e+02
1.230000e-06	5.340033e-06	9.812670e-09	3.745836e+01	6.427380e+02
1.240000e-06	5.441582e-06	9.892025e-09	3.817069e+01	6.478145e+02
1.250000e-06	5.541251e-06	9.965179e-09	3.886983e+01	6.526309e+02
1.260000e-06	5.638768e-06	1.003364e-08	3.955388e+01	6.572697e+02
1.270000e-06	5.734163e-06	1.009963e-08	4.022304e+01	6.617832e+02
1.280000e-06	5.827639e-06	1.016533e-08	4.087874e+01	6.661760e+02
1.290000e-06	5.919120e-06	1.022858e-08	4.152045e+01	6.704129e+02
1.300000e-06	6.008448e-06	1.028994e-08	4.214705e+01	6.744459e+02
1.310000e-06	6.095608e-06	1.034944e-08	4.275845e+01	6.782402e+02
1.320000e-06	6.180726e-06	1.040566e-08	4.335552e+01	6.817873e+02
1.330000e-06	6.263725e-06	1.045597e-08	4.393773e+01	6.851014e+02
1.340000e-06	6.344461e-06	1.049995e-08	4.450405e+01	6.882092e+02
1.350000e-06	6.422965e-06	1.054068e-08	4.505473e+01	6.911429e+02
1.360000e-06	6.499086e-06	1.058155e-08	4.558869e+01	6.939386e+02
1.370000e-06	6.572651e-06	1.062314e-08	4.610472e+01	6.966332e+02
1.380000e-06	6.643743e-06	1.066345e-08	4.660341e+01	6.992542e+02
1.390000e-06	6.712592e-06	1.070181e-08	4.708636e+01	7.018041e+02
1.400000e-06	6.779031e-06	1.073796e-08	4.755240e+01	7.042521e+02
1.410000e-06	6.842995e-06	1.077264e-08	4.800109e+01	7.065439e+02
1.420000e-06	6.904725e-06	1.080407e-08	4.843410e+01	7.086309e+02
1.430000e-06	6.964043e-06	1.083202e-08	4.885020e+01	7.105033e+02
1.440000e-06	7.020819e-06	1.085599e-08	4.924846e+01	7.122032e+02
1.450000e-06	7.075101e-06	1.087707e-08	4.962922e+01	7.138082e+02
1.460000e-06	7.126564e-06	1.089966e-08	4.999022e+01	7.153906e+02
1.470000e-06	7.175109e-06	1.092462e-08	5.033074e+01	7.169788e+02
1.480000e-06	7.221087e-06	1.094962e-08	5.065326e+01	7.185441e+02
1.490000e-06	7.264555e-06	1.097219e-08	5.095817e+01	7.200217e+02
1.500000e-06	7.305387e-06	1.099329e-08	5.124460e+01	7.213498e+02
1.510000e-06	7.343665e-06	1.101254e-08	5.151311e+01	7.225002e+02
1.520000e-06	7.379451e-06	1.102846e-08	5.176413e+01	7.234843e+02
1.530000e-06	7.412594e-06	1.104043e-08	5.199661e+01	7.243343e+02
1.540000e-06	7.443124e-06	1.104949e-08	5.221077e+01	7.250807e+02
1.550000e-06	7.471097e-06	1.105854e-08	5.240699e+01	7.257428e+02
1.560000e-06	7.496348e-06	1.106824e-08	5.258412e+01	7.263353e+02
1.570000e-06	7.518872e-06	1.107670e-08	5.274212e+01	7.268791e+02
1.580000e-06	7.538971e-06	1.108309e-08	5.288311e+01	7.273979e+02
1.590000e-06	7.556553e-06	1.109077e-08	5.300643e+01	7.278990e+02
1.600000e-06	7.571267e-06	1.109895e-08	5.310964e+01	7.283534e+02
1.610000e-06	7.582971e-06	1.110415e-08	5.319175e+01	7.286990e+02
1.620000e-06	7.591690e-06	1.110493e-08	5.325291e+01	7.288731e+02
1.630000e-06	7.597714e-06	1.110371e-08	5.329516e+01	7.288573e+02
1.640000e-06	7.601180e-06	1.110321e-08	5.331947e+01	7.287027e+02
1.650000e-06	7.601996e-06	1.110442e-08	5.332520e+01	7.285082e+02
1.660000e-06	7.600251e-06	1.109735e-08	5.331296e+01	7.283613e+02
1.670000e-06	7.596048e-06	1.109021e-08	5.328348e+01	7.282764e+02
1.680000e-06	7.589241e-06	1.108857e-08	5.323573e+01	7.281770e+02
1.690000e-06	7.579894e-06	1.108770e-08	5.317016e+01	7.279389e+02
1.700000e-06	7.567985e-06	1.108422e-08	5.308662e+01	7.274710e+02
1.710000e-06	7.553389e-06	1.108168e-08	5.298424e+01	7.267783e+02
1.720000e-06	7.536406e-06	1.109203e-08	5.286511e+01	7.259630e+02
1.730000e-06	7.517273e-06	1.105374e-08	5.273090e+01	7.251569e+02
1.740000e-06	7.495377e-06	1.099465e-08	5.257731e+01	7.244307e+02
1.750000e-06	7.469836e-06	1.100609e-08	5.239815e+01	7.237412e+02
1.760000e-06	7.440701e-06	1.100256e-08	5.219377e+01	7.229562e+02
1.770000e-06	7.408878e-06	1.097443e-08	5.197055e+01	7.219437e+02
1.780000e-06	7.375090e-06	1.102790e-08	5.173354e+01	7.206653e+02
1.790000e-06	7.339690e-06	1.097904e-08	5.148522e+01	7.192104e+02
1.800000e-06	7.302381e-06	1.088031e-08	5.122351e+01	7.177459e+02
1.810000e-06	7.262329e-06	1.097315e-08	5.094256e+01	7.164107e+02
1.820000e-06	7.219777e-06	1.089582e-08	5.064407e+01	7.152243e+02
1.830000e-06	7.174929e-06	1.088146e-08	5.032948e+01	7.140672e+02
1.840000e-06	7.127218e-06	1.088953e-08	4.999480e+01	7.127458e+02
1.850000e-06	7.076746e-06	1.076414e-08	4.964076e+01	7.111008e+02
1.860000e-06	7.023349e-06	1.084577e-08	4.926620e+01	7.090918e+02
1.870000e-06	6.967233e-06	1.077268e-08	4.887257e+01	7.068104e+02
1.880000e-06	6.908823e-06	1.074115e-08	4.846284e+01	7.044188e+02
1.890000e-06	6.847680e-06	1.072174e-08	4.803395e+01	7.020558e+02
1.900000e-06	6.783988e-06	1.061027e-08	4.758717e+01	6.997662e+02
1.910000e-06	6.717963e-06	1.065708e-08	4.712404e+01	6.974883e+02
1.920000e-06	6.649510e-06	1.057279e-08	4.664386e+01	6.950981e+02
1.930000e-06	6.578504e-06	1.054009e-08	4.614578e+01	6.924782e+02
1.940000e-06	6.504997e-06	1.049829e-08	4.563015e+01	6.895736e+02
1.950000e-06	6.429082e-06	1.045426e-08	4.509764e+01	6.864084e+02
1.960000e-06	6.350506e-06	1.045963e-08	4.454646e+01	6.830659e+02
1.970000e-06	6.269579e-06	1.033624e-08	4.397879e+01	6.796448e+02
1.980000e-06	6.186607e-06	1.030484e-08	4.339677e+01	6.762142e+02
1.990000e-06	6.101436e-06	1.021610e-08	4.279932e+01	6.727837e+02
2.000000e-06	6.014008e-06	1.019289e-08	4.218605e+01	6.692970e+02
2.010000e-06	5.924421e-06	1.015726e-08	4.155763e+01	6.656532e+02
2.020000e-06	5.832793e-06	1.007759e-08	4.091489e+01	6.617484e+02
2.030000e-06	5.738983e-06	1.003394e-08	4.025685e+01	6.575219e+02
2.040000e-06	5.643098e-06	9.936096e-09	3.958425e+01	6.529864e+02
2.050000e-06	5.545416e-06	9.890735e-09	3.889905e+01	6.482221e+02
2.060000e-06	5.445860e-06	9.781288e-09	3.820070e+01	6.433356e+02
2.070000e-06	5.344188e-06	9.705285e-09	3.748751e+01	6.384010e+02
2.080000e-06	5.240437e-06	9.631986e-09	3.675973e+01	6.334172e+02
2.090000e-06	5.134880e-06	9.574064e-09	3.601929e+01	6.283066e+02
2.100000e-06	5.027633e-06	9.517893e-09	3.526699e+01	6.229580e+02
2.110000e-06	4.918685e-06	9.407549e-09	3.450276e+01	6.172871e+02
2.120000e-06	4.807888e-06	9.309404e-09	3.372557e+01	6.112775e+02
2.130000e-06	4.695275e-06	9.196526e-09	3.293562e+01	6.049766e+02
2.140000e-06	4.580854e-06	9.112878e-09	3.213300e+01	5.984534e+02
2.150000e-06	4.464579e-06	9.011888e-09	3.131737e+01	5.917479e+02
2.160000e-06	4.346440e-06	8.906514e-09	3.048868e+01	5.848481e+02
2.170000e-06	4.226582e-06	8.802490e-09	2.964791e+01	5.777070e+02
2.180000e-06	4.105285e-06	8.701075e-09	2.879706e+01	5.702831e+02
2.190000e-06	3.982604e-06	8.592685e-09	2.793650e+01	5.625691e+02
2.200000e-06	3.858558e-06	8.456818e-09	2.706636e+01	5.545857e+02
2.210000e-06	3.733106e-06	8.316595e-09	2.618637e+01	5.463457e+02
2.220000e-06	3.606212e-06	8.187043e-09	2.529625e+01	5.378176e+02
2.230000e-06	3.478009e-06	8.065554e-09	2.439695e+01	5.289231e+02
2.240000e-06	3.348678e-06	7.930636e-09	2.348974e+01	5.195759e+02
2.250000e-06	3.218213e-06	7.775294e-09	2.257458e+01	5.097374e+02
2.260000e-06	3.086612e-06	7.615000e-09	2.165145e+01	4.994490e+02
2.270000e-06	2.953917e-06	7.461199e-09	2.072064e+01	4.888122e+02
2.280000e-06	2.820179e-06	7.301305e-09	1.978251e+01	4.779249e+02
2.290000e-06	2.685322e-06	7.128006e-09	1.883654e+01	4.668120e+02
2.300000e-06	2.549426e-06	6.946853e-09	1.788328e+01	4.553977e+02
2.310000e-06	2.412710e-06	6.773817e-09	1.692427e+01	4.435363e+02
2.320000e-06	2.275221e-06	6.594328e-09	1.595984e+01	4.310862e+02
2.330000e-06	2.136922e-06	6.396288e-09	1.498972e+01	4.179777e+02
2.340000e-06	1.997786e-06	6.178461e-09	1.401373e+01	4.042373e+02
2.350000e-06	1.857905e-06	5.954991e-09	1.303252e+01	3.899531e+02
2.360000e-06	1.717354e-06	5.735094e-09	1.204660e+01	3.752090e+02
2.370000e-06	1.576139e-06	5.508329e-09	1.105604e+01	3.600269e+02
2.380000e-06	1.434229e-06	5.269081e-09	1.006059e+01	3.443493e+02
2.390000e-06	1.291672e-06	5.018327e-09	9.060606e+00	3.280660e+02
2.400000e-06	1.148573e-06	4.764226e-09	8.056818e+00	3.110618e+02
2.410000e-06	1.004999e-06	4.496910e-09	7.049701e+00	2.932555e+02
2.420000e-06	8.610672e-07	4.208997e-09	6.040069e+00	2.746113e+02
2.430000e-06	7.168913e-07	3.903503e-09	5.028728e+00	2.551256e+02
2.440000e-06	5.725351e-07	3.589741e-09	4.016122e+00	2.348014e+02
2.450000e-06	4.280470e-07	3.274554e-09	3.002592e+00	2.136280e+02
2.460000e-06	2.834045e-07	2.945803e-09	1.987978e+00	1.915720e+02
2.470000e-06	1.386441e-07	2.597432e-09	9.725373e-01	1.685761e+02
2.480000e-06	-6.135594e-09	2.229881e-09	-4.303893e-02	1.445640e+02
2.490000e-06	-1.508843e-07	1.848394e-09	-1.058398e+00	1.194487e+02
2.500000e-06	-2.955232e-07	1.450897e-09	-2.072986e+00	9.314667e+01
2.510000e-06	-4.400792e-07	1.029861e-09	-3.086993e+00	6.559828e+01
2.520000e-06	-5.845219e-07	5.836231e-10	-4.100205e+00	3.678962e+01
2.530000e-06	-7.287902e-07	1.229995e-10	-5.112195e+00	6.768808e+00
2.540000e-06	-8.728370e-07	-3.447336e-10	-6.122630e+00	-2.434785e+01
2.550000e-06	-1.016565e-06	-8.258533e-10	-7.130829e+00	-5.637796e+01
2.560000e-06	-1.159957e-06	-1.322356e-09	-8.136669e+00	-8.907720e+01
2.570000e-06	-1.302832e-06	-1.830522e-09	-9.138883e+00	-1.221423e+02
2.580000e-06	-1.445023e-06	-2.337286e-09	-1.013630e+01	-1.552168e+02
2.590000e-06	-1.586624e-06	-2.835739e-09	-1.112959e+01	-1.879083e+02
2.600000e-06	-1.727621e-06	-3.324723e-09	-1.211863e+01	-2.198239e+02
2.610000e-06	-1.867833e-06	-3.798383e-09	-1.310216e+01	-2.506172e+02
2.620000e-06	-2.007196e-06	-4.248935e-09	-1.407974e+01	-2.800292e+02
2.630000e-06	-2.145819e-06	-4.675159e-09	-1.505213e+01	-3.079055e+02
2.640000e-06	-2.283762e-06	-5.077496e-09	-1.601975e+01	-3.341817e+02
2.650000e-06	-2.420926e-06	-5.455921e-09	-1.698190e+01	-3.588481e+02
2.660000e-06	-2.557296e-06	-5.810695e-09	-1.793849e+01	-3.819165e+02
2.670000e-06	-2.692803e-06	-6.140562e-09	-1.888902e+01	-4.034080e+02
2.680000e-06	-2.827185e-06	-6.446111e-09	-1.983166e+01	-4.233648e+02
2.690000e-06	-2.960383e-06	-6.729224e-09	-2.076600e+01	-4.418693e+02
2.700000e-06	-3.092489e-06	-6.992727e-09	-2.169267e+01	-4.590501e+02
2.710000e-06	-3.223619e-06	-7.238466e-09	-2.261250e+01	-4.750623e+02
2.720000e-06	-3.353724e-06	-7.469311e-09	-2.352514e+01	-4.900519e+02
2.730000e-06	-3.482650e-06	-7.686055e-09	-2.442951e+01	-5.041236e+02
2.740000e-06	-3.610448e-06	-7.888121e-09	-2.532596e+01	-5.173330e+02
2.750000e-06	-3.736953e-06	-8.077813e-09	-2.621335e+01	-5.297049e+02
2.760000e-06	-3.861983e-06	-8.257720e-09	-2.709039e+01	-5.412640e+02
2.770000e-06	-3.985713e-06	-8.424279e-09	-2.795831e+01	-5.520565e+02
2.780000e-06	-4.108076e-06	-8.576133e-09	-2.881664e+01	-5.621516e+02
2.790000e-06	-4.228899e-06	-8.717775e-09	-2.966417e+01	-5.716266e+02
2.800000e-06	-4.348169e-06	-8.853710e-09	-3.050081e+01	-5.805501e+02
2.810000e-06	-4.465675e-06	-8.983343e-09	-3.132506e+01	-5.889763e+02
2.820000e-06	-4.581341e-06	-9.102219e-09	-3.213642e+01	-5.969508e+02
2.830000e-06	-4.695164e-06	-9.213804e-09	-3.293484e+01	-6.045178e+02
2.840000e-06	-4.807045e-06	-9.325889e-09	-3.371965e+01	-6.117171e+02
2.850000e-06	-4.917108e-06	-9.434424e-09	-3.449170e+01	-6.185734e+02
2.860000e-06	-5.025522e-06	-9.533066e-09	-3.525219e+01	-6.250855e+02
2.870000e-06	-5.132315e-06	-9.623952e-09	-3.600130e+01	-6.312310e+02
2.880000e-06	-5.237435e-06	-9.707943e-09	-3.673867e+01	-6.369886e+02
2.890000e-06	-5.340611e-06	-9.788945e-09	-3.746242e+01	-6.423651e+02
2.900000e-06	-5.441682e-06	-9.867147e-09	-3.817140e+01	-6.474098e+02
2.910000e-06	-5.540868e-06	-9.941198e-09	-3.886715e+01	-6.522036e+02
2.920000e-06	-5.638234e-06	-1.001325e-08	-3.955014e+01	-6.568275e+02
2.930000e-06	-5.733610e-06	-1.008380e-08	-4.021916e+01	-6.613290e+02
2.940000e-06	-5.826862e-06	-1.015311e-08	-4.087329e+01	-6.657074e+02
2.950000e-06	-5.918070e-06	-1.021880e-08	-4.151308e+01	-6.699249e+02
2.960000e-06	-6.007336e-06	-1.027837e-08	-4.213925e+01	-6.739337e+02
2.970000e-06	-6.094442e-06	-1.033257e-08	-4.275027e+01	-6.777017e+02
2.980000e-06	-6.179295e-06	-1.038614e-08	-4.334548e+01	-6.812230e+02
2.990000e-06	-6.262022e-06	-1.043876e-08	-4.392577e+01	-6.845138e+02
3.000000e-06	-6.342663e-06	-1.048712e-08	-4.449144e+01	-6.876015e+02
3.010000e-06	-6.420878e-06	-1.053157e-08	-4.504009e+01	-6.905189e+02
3.020000e-06	-6.496445e-06	-1.057689e-08	-4.557017e+01	-6.933022e+02
3.030000e-06	-6.569653e-06	-1.062315e-08	-4.608370e+01	-6.959881e+02
3.040000e-06	-6.640548e-06	-1.066555e-08	-4.658100e+01	-6.986021e+02
3.050000e-06	-6.709006e-06	-1.070100e-08	-4.706120e+01	-7.011434e+02
3.060000e-06	-6.775089e-06	-1.073400e-08	-4.752475e+01	-7.035776e+02
3.070000e-06	-6.838835e-06	-1.076757e-08	-4.797191e+01	-7.058495e+02
3.080000e-06	-6.900112e-06	-1.080049e-08	-4.840174e+01	-7.079133e+02
3.090000e-06	-6.958840e-06	-1.083085e-08	-4.881370e+01	-7.097645e+02
3.100000e-06	-7.015109e-06	-1.085699e-08	-4.920841e+01	-7.114504e+02
3.110000e-06	-7.068782e-06	-1.088290e-08	-4.958490e+01	-7.130503e+02
3.120000e-06	-7.119619e-06	-1.090888e-08	-4.994150e+01	-7.146332e+02
3.130000e-06	-7.167459e-06	-1.093450e-08	-5.027709e+01	-7.162214e+02
3.140000e-06	-7.212656e-06	-1.095833e-08	-5.059412e+01	-7.177809e+02
3.150000e-06	-7.255677e-06	-1.097883e-08	-5.089590e+01	-7.192452e+02
3.160000e-06	-7.296382e-06	-1.099932e-08	-5.118143e+01	-7.205550e+02
3.170000e-06	-7.334539e-06	-1.101715e-08	-5.144908e+01	-7.216867e+02
3.180000e-06	-7.370104e-06	-1.102908e-08	-5.169856e+01	-7.226549e+02
3.190000e-06	-7.403158e-06	-1.103896e-08	-5.193042e+01	-7.234927e+02
3.200000e-06	-7.433548e-06	-1.105004e-08	-5.214360e+01	-7.242296e+02
3.210000e-06	-7.461185e-06	-1.106252e-08	-5.233746e+01	-7.248836e+02
3.220000e-06	-7.486276e-06	-1.107539e-08	-5.251347e+01	-7.254700e+02
3.230000e-06	-7.508765e-06	-1.108749e-08	-5.267122e+01	-7.260103e+02
3.240000e-06	-7.528570e-06	-1.109640e-08	-5.281014e+01	-7.265276e+02
3.250000e-06	-7.545793e-06	-1.110419e-08	-5.293096e+01	-7.270259e+02
3.260000e-06	-7.560164e-06	-1.110938e-08	-5.303176e+01	-7.274722e+02
3.270000e-06	-7.571548e-06	-1.110996e-08	-5.311162e+01	-7.278022e+02
3.280000e-06	-7.580249e-06	-1.110858e-08	-5.317265e+01	-7.279559e+02
3.290000e-06	-7.586224e-06	-1.110849e-08	-5.321456e+01	-7.279218e+02
3.300000e-06	-7.589485e-06	-1.111004e-08	-5.323744e+01	-7.277580e+02
3.310000e-06	-7.590257e-06	-1.111205e-08	-5.324286e+01	-7.275655e+02
