# Temperatura_=_20.0
# Concentracion g/m^3_=_10000.0
# C_Vs_to_Am_M_A/Vsm_=_65563218390.804596
# pendiente_HvsI_1/m_=_3716.3
# ordenada_HvsI_A/m_=_1297.0
# frecuencia_Hz_=_301363.0543328301

Tiempo_(s)	Campo_(V.s)	Magnetizacion_(V.s)	Campo_(kA/m)	Magnetizacion_(A/m)
0.000000e+00	-7.699355e-06	-1.114783e-08	-5.323416e+01	-7.296490e+02
1.000000e-08	-7.695444e-06	-1.114583e-08	-5.320712e+01	-7.296042e+02
2.000000e-08	-7.689096e-06	-1.114035e-08	-5.316323e+01	-7.295229e+02
3.000000e-08	-7.680209e-06	-1.113763e-08	-5.310178e+01	-7.293084e+02
4.000000e-08	-7.668628e-06	-1.113546e-08	-5.302171e+01	-7.288960e+02
5.000000e-08	-7.654201e-06	-1.112844e-08	-5.292196e+01	-7.282916e+02
6.000000e-08	-7.636996e-06	-1.111289e-08	-5.280300e+01	-7.275624e+02
7.000000e-08	-7.617512e-06	-1.109903e-08	-5.266829e+01	-7.267893e+02
8.000000e-08	-7.595643e-06	-1.111527e-08	-5.251709e+01	-7.260157e+02
9.000000e-08	-7.570711e-06	-1.111192e-08	-5.234470e+01	-7.252277e+02
1.000000e-07	-7.542626e-06	-1.107659e-08	-5.215052e+01	-7.243772e+02
1.100000e-07	-7.511824e-06	-1.105478e-08	-5.193755e+01	-7.234268e+02
1.200000e-07	-7.478361e-06	-1.104896e-08	-5.170618e+01	-7.223823e+02
1.300000e-07	-7.442417e-06	-1.102108e-08	-5.145767e+01	-7.212871e+02
1.400000e-07	-7.404531e-06	-1.097426e-08	-5.119572e+01	-7.201857e+02
1.500000e-07	-7.364414e-06	-1.099018e-08	-5.091834e+01	-7.190831e+02
1.600000e-07	-7.321531e-06	-1.095403e-08	-5.062185e+01	-7.179312e+02
1.700000e-07	-7.276121e-06	-1.092406e-08	-5.030787e+01	-7.166511e+02
1.800000e-07	-7.228059e-06	-1.093687e-08	-4.997557e+01	-7.151745e+02
1.900000e-07	-7.177031e-06	-1.088923e-08	-4.962276e+01	-7.134759e+02
2.000000e-07	-7.123286e-06	-1.085083e-08	-4.925116e+01	-7.115750e+02
2.100000e-07	-7.066957e-06	-1.080782e-08	-4.886169e+01	-7.095141e+02
2.200000e-07	-7.008017e-06	-1.078512e-08	-4.845418e+01	-7.073308e+02
2.300000e-07	-6.946545e-06	-1.075513e-08	-4.802915e+01	-7.050448e+02
2.400000e-07	-6.882567e-06	-1.071042e-08	-4.758680e+01	-7.026637e+02
2.500000e-07	-6.816009e-06	-1.069364e-08	-4.712661e+01	-7.001939e+02
2.600000e-07	-6.746937e-06	-1.065452e-08	-4.664904e+01	-6.976426e+02
2.700000e-07	-6.675461e-06	-1.061890e-08	-4.615485e+01	-6.950065e+02
2.800000e-07	-6.601464e-06	-1.057406e-08	-4.564322e+01	-6.922599e+02
2.900000e-07	-6.524819e-06	-1.051042e-08	-4.511329e+01	-6.893595e+02
3.000000e-07	-6.445439e-06	-1.045375e-08	-4.456445e+01	-6.862684e+02
3.100000e-07	-6.363571e-06	-1.041508e-08	-4.399841e+01	-6.829849e+02
3.200000e-07	-6.279667e-06	-1.038173e-08	-4.341828e+01	-6.795507e+02
3.300000e-07	-6.193764e-06	-1.032107e-08	-4.282434e+01	-6.760258e+02
3.400000e-07	-6.105731e-06	-1.026972e-08	-4.221567e+01	-6.724423e+02
3.500000e-07	-6.015567e-06	-1.021030e-08	-4.159227e+01	-6.687701e+02
3.600000e-07	-5.923255e-06	-1.014866e-08	-4.095401e+01	-6.649226e+02
3.700000e-07	-5.828794e-06	-1.008027e-08	-4.030090e+01	-6.608056e+02
3.800000e-07	-5.732166e-06	-1.000454e-08	-3.963280e+01	-6.563792e+02
3.900000e-07	-5.633435e-06	-9.942064e-09	-3.895017e+01	-6.516900e+02
4.000000e-07	-5.532704e-06	-9.877828e-09	-3.825370e+01	-6.468463e+02
4.100000e-07	-5.430070e-06	-9.811807e-09	-3.754408e+01	-6.419500e+02
4.200000e-07	-5.325465e-06	-9.726264e-09	-3.682083e+01	-6.370270e+02
4.300000e-07	-5.218885e-06	-9.638614e-09	-3.608393e+01	-6.320038e+02
4.400000e-07	-5.110445e-06	-9.552338e-09	-3.533416e+01	-6.267470e+02
4.500000e-07	-5.000161e-06	-9.472364e-09	-3.457164e+01	-6.211407e+02
4.600000e-07	-4.887998e-06	-9.388434e-09	-3.379614e+01	-6.151508e+02
4.700000e-07	-4.773974e-06	-9.291653e-09	-3.300776e+01	-6.088360e+02
4.800000e-07	-4.658145e-06	-9.195443e-09	-3.220691e+01	-6.023004e+02
4.900000e-07	-4.540477e-06	-9.094202e-09	-3.139334e+01	-5.956225e+02
5.000000e-07	-4.421127e-06	-8.989507e-09	-3.056814e+01	-5.888076e+02
5.100000e-07	-4.300098e-06	-8.870396e-09	-2.973133e+01	-5.817916e+02
5.200000e-07	-4.177531e-06	-8.747903e-09	-2.888390e+01	-5.744874e+02
5.300000e-07	-4.053573e-06	-8.630281e-09	-2.802684e+01	-5.668360e+02
5.400000e-07	-3.928153e-06	-8.519076e-09	-2.715967e+01	-5.588282e+02
5.500000e-07	-3.801461e-06	-8.399733e-09	-2.628371e+01	-5.504855e+02
5.600000e-07	-3.673409e-06	-8.263571e-09	-2.539834e+01	-5.418237e+02
5.700000e-07	-3.543867e-06	-8.121738e-09	-2.450267e+01	-5.328291e+02
5.800000e-07	-3.413037e-06	-7.975731e-09	-2.359810e+01	-5.234683e+02
5.900000e-07	-3.281098e-06	-7.828710e-09	-2.268586e+01	-5.137194e+02
6.000000e-07	-3.148003e-06	-7.670652e-09	-2.176563e+01	-5.035970e+02
6.100000e-07	-3.013793e-06	-7.505571e-09	-2.083769e+01	-4.931463e+02
6.200000e-07	-2.878530e-06	-7.340134e-09	-1.990246e+01	-4.824056e+02
6.300000e-07	-2.742031e-06	-7.176311e-09	-1.895869e+01	-4.713644e+02
6.400000e-07	-2.604434e-06	-7.005533e-09	-1.800734e+01	-4.599475e+02
6.500000e-07	-2.465933e-06	-6.819781e-09	-1.704972e+01	-4.480426e+02
6.600000e-07	-2.326572e-06	-6.625581e-09	-1.608616e+01	-4.355550e+02
6.700000e-07	-2.186308e-06	-6.426851e-09	-1.511636e+01	-4.224547e+02
6.800000e-07	-2.044984e-06	-6.220754e-09	-1.413923e+01	-4.087850e+02
6.900000e-07	-1.902620e-06	-6.001031e-09	-1.315492e+01	-3.946259e+02
7.000000e-07	-1.759526e-06	-5.775480e-09	-1.216555e+01	-3.800342e+02
7.100000e-07	-1.615926e-06	-5.544201e-09	-1.117268e+01	-3.649978e+02
7.200000e-07	-1.471811e-06	-5.308242e-09	-1.017626e+01	-3.494301e+02
7.300000e-07	-1.327153e-06	-5.063197e-09	-9.176080e+00	-3.332056e+02
7.400000e-07	-1.181965e-06	-4.804041e-09	-8.172232e+00	-3.162124e+02
7.500000e-07	-1.036404e-06	-4.533949e-09	-7.165806e+00	-2.983917e+02
7.600000e-07	-8.905866e-07	-4.251480e-09	-6.157610e+00	-2.797422e+02
7.700000e-07	-7.445310e-07	-3.955631e-09	-5.147767e+00	-2.602924e+02
7.800000e-07	-5.982098e-07	-3.644593e-09	-4.136086e+00	-2.400594e+02
7.900000e-07	-4.516570e-07	-3.320524e-09	-3.122805e+00	-2.190171e+02
8.000000e-07	-3.049442e-07	-2.982923e-09	-2.108416e+00	-1.970903e+02
8.100000e-07	-1.581438e-07	-2.630523e-09	-1.093423e+00	-1.741715e+02
8.200000e-07	-1.131097e-08	-2.261708e-09	-7.820523e-02	-1.501513e+02
8.300000e-07	1.355570e-07	-1.876731e-09	9.372558e-01	-1.249448e+02
8.400000e-07	2.824215e-07	-1.475842e-09	1.952692e+00	-9.850495e+01
8.500000e-07	4.291377e-07	-1.056588e-09	2.967104e+00	-7.082204e+01
8.600000e-07	5.755840e-07	-6.169878e-10	3.979649e+00	-4.191545e+01
8.700000e-07	7.218295e-07	-1.558759e-10	4.990806e+00	-1.182898e+01
8.800000e-07	8.678847e-07	3.250262e-10	6.000647e+00	1.936198e+01
8.900000e-07	1.013703e-06	8.200332e-10	7.008849e+00	5.153014e+01
9.000000e-07	1.159173e-06	1.323152e-09	8.014642e+00	8.447071e+01
9.100000e-07	1.304211e-06	1.830211e-09	9.017454e+00	1.178853e+02
9.200000e-07	1.448791e-06	2.338312e-09	1.001710e+01	1.513898e+02
9.300000e-07	1.592815e-06	2.843322e-09	1.101290e+01	1.845513e+02
9.400000e-07	1.736256e-06	3.335999e-09	1.200466e+01	2.169459e+02
9.500000e-07	1.879111e-06	3.810331e-09	1.299237e+01	2.482161e+02
9.600000e-07	2.021208e-06	4.265588e-09	1.397485e+01	2.781057e+02
9.700000e-07	2.162338e-06	4.698542e-09	1.495063e+01	3.064616e+02
9.800000e-07	2.302610e-06	5.106411e-09	1.592049e+01	3.332077e+02
9.900000e-07	2.442098e-06	5.485711e-09	1.688492e+01	3.583107e+02
1.000000e-06	2.580652e-06	5.836980e-09	1.784290e+01	3.817600e+02
1.010000e-06	2.718278e-06	6.165621e-09	1.879446e+01	4.035694e+02
1.020000e-06	2.854881e-06	6.474938e-09	1.973895e+01	4.237938e+02
1.030000e-06	2.990346e-06	6.761755e-09	2.067557e+01	4.425404e+02
1.040000e-06	3.124745e-06	7.026011e-09	2.160482e+01	4.599608e+02
1.050000e-06	3.257984e-06	7.270655e-09	2.252605e+01	4.762210e+02
1.060000e-06	3.389959e-06	7.500982e-09	2.343854e+01	4.914639e+02
1.070000e-06	3.520789e-06	7.716289e-09	2.434311e+01	5.057842e+02
1.080000e-06	3.650501e-06	7.918046e-09	2.523995e+01	5.192283e+02
1.090000e-06	3.778820e-06	8.109310e-09	2.612716e+01	5.318147e+02
1.100000e-06	3.905728e-06	8.288881e-09	2.700462e+01	5.435625e+02
1.110000e-06	4.031333e-06	8.457807e-09	2.787306e+01	5.545112e+02
1.120000e-06	4.155474e-06	8.613832e-09	2.873139e+01	5.647237e+02
1.130000e-06	4.278184e-06	8.758213e-09	2.957982e+01	5.742776e+02
1.140000e-06	4.399397e-06	8.893814e-09	3.041790e+01	5.832532e+02
1.150000e-06	4.518939e-06	9.025373e-09	3.124442e+01	5.917254e+02
1.160000e-06	4.636808e-06	9.151158e-09	3.205938e+01	5.997585e+02
1.170000e-06	4.752909e-06	9.269751e-09	3.286212e+01	6.074016e+02
1.180000e-06	4.867153e-06	9.381900e-09	3.365202e+01	6.146818e+02
1.190000e-06	4.979549e-06	9.487587e-09	3.442913e+01	6.215998e+02
1.200000e-06	5.090173e-06	9.587178e-09	3.519400e+01	6.281351e+02
1.210000e-06	5.199013e-06	9.680538e-09	3.594653e+01	6.342639e+02
1.220000e-06	5.306065e-06	9.767127e-09	3.668670e+01	6.399830e+02
1.230000e-06	5.411235e-06	9.847846e-09	3.741385e+01	6.453270e+02
1.240000e-06	5.514375e-06	9.925136e-09	3.812698e+01	6.503674e+02
1.250000e-06	5.615483e-06	1.000006e-08	3.882605e+01	6.551906e+02
1.260000e-06	5.714560e-06	1.007115e-08	3.951108e+01	6.598659e+02
1.270000e-06	5.811564e-06	1.013832e-08	4.018177e+01	6.644203e+02
1.280000e-06	5.906515e-06	1.020527e-08	4.083828e+01	6.688333e+02
1.290000e-06	5.999426e-06	1.027046e-08	4.148067e+01	6.730533e+02
1.300000e-06	6.090219e-06	1.033123e-08	4.210842e+01	6.770261e+02
1.310000e-06	6.178836e-06	1.038558e-08	4.272113e+01	6.807217e+02
1.320000e-06	6.265291e-06	1.043540e-08	4.331889e+01	6.841477e+02
1.330000e-06	6.349666e-06	1.048417e-08	4.390226e+01	6.873471e+02
1.340000e-06	6.431842e-06	1.053181e-08	4.447044e+01	6.903835e+02
1.350000e-06	6.511610e-06	1.057624e-08	4.502196e+01	6.933198e+02
1.360000e-06	6.588898e-06	1.061798e-08	4.555634e+01	6.961967e+02
1.370000e-06	6.663762e-06	1.065939e-08	4.607396e+01	6.990179e+02
1.380000e-06	6.736166e-06	1.070074e-08	4.657457e+01	7.017478e+02
1.390000e-06	6.806140e-06	1.074008e-08	4.705837e+01	7.043248e+02
1.400000e-06	6.873725e-06	1.077307e-08	4.752566e+01	7.066906e+02
1.410000e-06	6.938835e-06	1.080251e-08	4.797584e+01	7.088206e+02
1.420000e-06	7.001539e-06	1.083156e-08	4.840939e+01	7.107416e+02
1.430000e-06	7.061864e-06	1.086006e-08	4.882648e+01	7.125235e+02
1.440000e-06	7.119718e-06	1.088711e-08	4.922649e+01	7.142450e+02
1.450000e-06	7.174998e-06	1.091066e-08	4.960870e+01	7.159532e+02
1.460000e-06	7.227445e-06	1.093202e-08	4.997132e+01	7.176396e+02
1.470000e-06	7.276915e-06	1.095536e-08	5.031337e+01	7.192485e+02
1.480000e-06	7.323620e-06	1.097878e-08	5.063629e+01	7.207145e+02
1.490000e-06	7.367792e-06	1.099919e-08	5.094170e+01	7.220039e+02
1.500000e-06	7.409334e-06	1.101540e-08	5.122893e+01	7.231343e+02
1.510000e-06	7.448254e-06	1.103045e-08	5.149802e+01	7.241587e+02
1.520000e-06	7.484683e-06	1.104760e-08	5.174989e+01	7.251284e+02
1.530000e-06	7.518444e-06	1.106197e-08	5.198332e+01	7.260599e+02
1.540000e-06	7.549531e-06	1.107012e-08	5.219826e+01	7.269306e+02
1.550000e-06	7.578124e-06	1.107748e-08	5.239595e+01	7.277041e+02
1.560000e-06	7.604002e-06	1.108868e-08	5.257488e+01	7.283644e+02
1.570000e-06	7.627033e-06	1.110135e-08	5.273412e+01	7.289312e+02
1.580000e-06	7.647493e-06	1.111119e-08	5.287558e+01	7.294438e+02
1.590000e-06	7.665361e-06	1.111886e-08	5.299912e+01	7.299248e+02
1.600000e-06	7.680411e-06	1.112592e-08	5.310318e+01	7.303553e+02
1.610000e-06	7.692488e-06	1.113115e-08	5.318668e+01	7.306818e+02
1.620000e-06	7.701609e-06	1.113191e-08	5.324974e+01	7.308541e+02
1.630000e-06	7.707988e-06	1.113012e-08	5.329385e+01	7.308680e+02
1.640000e-06	7.711641e-06	1.112877e-08	5.331910e+01	7.307777e+02
1.650000e-06	7.712522e-06	1.112934e-08	5.332520e+01	7.306668e+02
1.660000e-06	7.710805e-06	1.112784e-08	5.331333e+01	7.305935e+02
1.670000e-06	7.706630e-06	1.112480e-08	5.328446e+01	7.305490e+02
1.680000e-06	7.699867e-06	1.112223e-08	5.323770e+01	7.304579e+02
1.690000e-06	7.690568e-06	1.111736e-08	5.317340e+01	7.302241e+02
1.700000e-06	7.678633e-06	1.111137e-08	5.309089e+01	7.297894e+02
1.710000e-06	7.664002e-06	1.110517e-08	5.298972e+01	7.291676e+02
1.720000e-06	7.646996e-06	1.109848e-08	5.287214e+01	7.284301e+02
1.730000e-06	7.627737e-06	1.106719e-08	5.273898e+01	7.276558e+02
1.740000e-06	7.605618e-06	1.103311e-08	5.258605e+01	7.268821e+02
1.750000e-06	7.579873e-06	1.104003e-08	5.240804e+01	7.260898e+02
1.760000e-06	7.550570e-06	1.103664e-08	5.220545e+01	7.252297e+02
1.770000e-06	7.518494e-06	1.101117e-08	5.198367e+01	7.242680e+02
1.780000e-06	7.484425e-06	1.102083e-08	5.174811e+01	7.232155e+02
1.790000e-06	7.448687e-06	1.101915e-08	5.150101e+01	7.221178e+02
1.800000e-06	7.410902e-06	1.096131e-08	5.123976e+01	7.210169e+02
1.810000e-06	7.370326e-06	1.098293e-08	5.095922e+01	7.199121e+02
1.820000e-06	7.327288e-06	1.096436e-08	5.066165e+01	7.187503e+02
1.830000e-06	7.281919e-06	1.093351e-08	5.034796e+01	7.174517e+02
1.840000e-06	7.233631e-06	1.092804e-08	5.001409e+01	7.159517e+02
1.850000e-06	7.182529e-06	1.086374e-08	4.966077e+01	7.142297e+02
1.860000e-06	7.128508e-06	1.088323e-08	4.928726e+01	7.123093e+02
1.870000e-06	7.071833e-06	1.083612e-08	4.889540e+01	7.102337e+02
1.880000e-06	7.012800e-06	1.080736e-08	4.848724e+01	7.080387e+02
1.890000e-06	6.950975e-06	1.078860e-08	4.805978e+01	7.057422e+02
1.900000e-06	6.886604e-06	1.070811e-08	4.761471e+01	7.033511e+02
1.910000e-06	6.819765e-06	1.069931e-08	4.715258e+01	7.008722e+02
1.920000e-06	6.750320e-06	1.062425e-08	4.667243e+01	6.983123e+02
1.930000e-06	6.678378e-06	1.059217e-08	4.617501e+01	6.956659e+02
1.940000e-06	6.603948e-06	1.056799e-08	4.566040e+01	6.929049e+02
1.950000e-06	6.527030e-06	1.052408e-08	4.512858e+01	6.899853e+02
1.960000e-06	6.447515e-06	1.050368e-08	4.457881e+01	6.868728e+02
1.970000e-06	6.365700e-06	1.041961e-08	4.401313e+01	6.835704e+02
1.980000e-06	6.281687e-06	1.037208e-08	4.343225e+01	6.801237e+02
1.990000e-06	6.195312e-06	1.029596e-08	4.283505e+01	6.765917e+02
2.000000e-06	6.106714e-06	1.025514e-08	4.222247e+01	6.730013e+02
2.010000e-06	6.016013e-06	1.020156e-08	4.159535e+01	6.693150e+02
2.020000e-06	5.923205e-06	1.013806e-08	4.095367e+01	6.654425e+02
2.030000e-06	5.828195e-06	1.009364e-08	4.029676e+01	6.612928e+02
2.040000e-06	5.731141e-06	1.001293e-08	3.962572e+01	6.568344e+02
2.050000e-06	5.632173e-06	9.947904e-09	3.894144e+01	6.521228e+02
2.060000e-06	5.531137e-06	9.849996e-09	3.824287e+01	6.472694e+02
2.070000e-06	5.428020e-06	9.780902e-09	3.752991e+01	6.423707e+02
2.080000e-06	5.322993e-06	9.712856e-09	3.680374e+01	6.374420e+02
2.090000e-06	5.216167e-06	9.646718e-09	3.606513e+01	6.324004e+02
2.100000e-06	5.107532e-06	9.570193e-09	3.531402e+01	6.271106e+02
2.110000e-06	4.997054e-06	9.470432e-09	3.455016e+01	6.214629e+02
2.120000e-06	4.884744e-06	9.377860e-09	3.377364e+01	6.154340e+02
2.130000e-06	4.770572e-06	9.275610e-09	3.298424e+01	6.090903e+02
2.140000e-06	4.654404e-06	9.180513e-09	3.218104e+01	6.025367e+02
2.150000e-06	4.536324e-06	9.076271e-09	3.136463e+01	5.958452e+02
2.160000e-06	4.416473e-06	8.973737e-09	3.053596e+01	5.890126e+02
2.170000e-06	4.295052e-06	8.875648e-09	2.969645e+01	5.819696e+02
2.180000e-06	4.172174e-06	8.772590e-09	2.884685e+01	5.746301e+02
2.190000e-06	4.047730e-06	8.655883e-09	2.798643e+01	5.669401e+02
2.200000e-06	3.921868e-06	8.523070e-09	2.711621e+01	5.588951e+02
2.210000e-06	3.794666e-06	8.388601e-09	2.623672e+01	5.505178e+02
2.220000e-06	3.666082e-06	8.260400e-09	2.534768e+01	5.418214e+02
2.230000e-06	3.536252e-06	8.127233e-09	2.445002e+01	5.327892e+02
2.240000e-06	3.405237e-06	7.985313e-09	2.354417e+01	5.233873e+02
2.250000e-06	3.272888e-06	7.834429e-09	2.262909e+01	5.135968e+02
2.260000e-06	3.139343e-06	7.684419e-09	2.170575e+01	5.034367e+02
2.270000e-06	3.004764e-06	7.531764e-09	2.077526e+01	4.929535e+02
2.280000e-06	2.869149e-06	7.367413e-09	1.983760e+01	4.821823e+02
2.290000e-06	2.732421e-06	7.191006e-09	1.889225e+01	4.711053e+02
2.300000e-06	2.594639e-06	7.009842e-09	1.793961e+01	4.596415e+02
2.310000e-06	2.455959e-06	6.834127e-09	1.698076e+01	4.476778e+02
2.320000e-06	2.316311e-06	6.648448e-09	1.601522e+01	4.351245e+02
2.330000e-06	2.175737e-06	6.448114e-09	1.504327e+01	4.219599e+02
2.340000e-06	2.034332e-06	6.236458e-09	1.406559e+01	4.082338e+02
2.350000e-06	1.892214e-06	6.021587e-09	1.308297e+01	3.940265e+02
2.360000e-06	1.749491e-06	5.804261e-09	1.209616e+01	3.793891e+02
2.370000e-06	1.606168e-06	5.573643e-09	1.110521e+01	3.643009e+02
2.380000e-06	1.462216e-06	5.331891e-09	1.010992e+01	3.486690e+02
2.390000e-06	1.317636e-06	5.080766e-09	9.110275e+00	3.323666e+02
2.400000e-06	1.172550e-06	4.823607e-09	8.107138e+00	3.152864e+02
2.410000e-06	1.027103e-06	4.553371e-09	7.101501e+00	2.973760e+02
2.420000e-06	8.813969e-07	4.264378e-09	6.094072e+00	2.786391e+02
2.430000e-06	7.354820e-07	3.962750e-09	5.085201e+00	2.591051e+02
2.440000e-06	5.893820e-07	3.654009e-09	4.075050e+00	2.387875e+02
2.450000e-06	4.431482e-07	3.339480e-09	3.063974e+00	2.176547e+02
2.460000e-06	2.967525e-07	3.007088e-09	2.051778e+00	1.956269e+02
2.470000e-06	1.502193e-07	2.653986e-09	1.038632e+00	1.725950e+02
2.480000e-06	3.655550e-09	2.283225e-09	2.527486e-02	1.484511e+02
2.490000e-06	-1.429273e-07	1.900179e-09	-9.882145e-01	1.231139e+02
2.500000e-06	-2.894402e-07	1.499466e-09	-2.001221e+00	9.654065e+01
2.510000e-06	-4.358183e-07	1.074515e-09	-3.013294e+00	6.872517e+01
2.520000e-06	-5.820295e-07	6.285528e-10	-4.024214e+00	3.968952e+01
2.530000e-06	-7.280506e-07	1.681354e-10	-5.033819e+00	9.480315e+00
2.540000e-06	-8.739486e-07	-3.043146e-10	-6.042573e+00	-2.182269e+01
2.550000e-06	-1.019644e-06	-7.928930e-10	-7.049926e+00	-5.408508e+01
2.560000e-06	-1.164955e-06	-1.297539e-09	-8.054620e+00	-8.709249e+01
2.570000e-06	-1.309772e-06	-1.812701e-09	-9.055905e+00	-1.205364e+02
2.580000e-06	-1.454027e-06	-2.326156e-09	-1.005330e+01	-1.540253e+02
2.590000e-06	-1.597711e-06	-2.830869e-09	-1.104674e+01	-1.871243e+02
2.600000e-06	-1.740870e-06	-3.323669e-09	-1.203656e+01	-2.194140e+02
2.610000e-06	-1.883427e-06	-3.800720e-09	-1.302222e+01	-2.505467e+02
2.620000e-06	-2.025269e-06	-4.254467e-09	-1.400293e+01	-2.802777e+02
2.630000e-06	-2.166444e-06	-4.684037e-09	-1.497902e+01	-3.084639e+02
2.640000e-06	-2.306904e-06	-5.092886e-09	-1.595018e+01	-3.350352e+02
2.650000e-06	-2.446374e-06	-5.478660e-09	-1.691449e+01	-3.599612e+02
2.660000e-06	-2.584802e-06	-5.837032e-09	-1.787160e+01	-3.832337e+02
2.670000e-06	-2.722255e-06	-6.167212e-09	-1.882196e+01	-4.048699e+02
2.680000e-06	-2.858628e-06	-6.472026e-09	-1.976485e+01	-4.249299e+02
2.690000e-06	-2.993891e-06	-6.756410e-09	-2.070008e+01	-4.435267e+02
2.700000e-06	-3.128147e-06	-7.022451e-09	-2.162834e+01	-4.608151e+02
2.710000e-06	-3.261382e-06	-7.268725e-09	-2.254954e+01	-4.769603e+02
2.720000e-06	-3.393425e-06	-7.501348e-09	-2.346250e+01	-4.921008e+02
2.730000e-06	-3.524204e-06	-7.723178e-09	-2.436672e+01	-5.063259e+02
2.740000e-06	-3.653796e-06	-7.931178e-09	-2.526273e+01	-5.196775e+02
2.750000e-06	-3.782120e-06	-8.123877e-09	-2.614998e+01	-5.321729e+02
2.760000e-06	-3.909121e-06	-8.302638e-09	-2.702808e+01	-5.438329e+02
2.770000e-06	-4.034799e-06	-8.468976e-09	-2.789703e+01	-5.546994e+02
2.780000e-06	-4.158930e-06	-8.622888e-09	-2.875529e+01	-5.648376e+02
2.790000e-06	-4.281530e-06	-8.765870e-09	-2.960295e+01	-5.743258e+02
2.800000e-06	-4.402673e-06	-8.900781e-09	-3.044055e+01	-5.832442e+02
2.810000e-06	-4.522184e-06	-9.028234e-09	-3.126686e+01	-5.916665e+02
2.820000e-06	-4.639967e-06	-9.147065e-09	-3.208122e+01	-5.996559e+02
2.830000e-06	-4.755861e-06	-9.261156e-09	-3.288253e+01	-6.072594e+02
2.840000e-06	-4.869760e-06	-9.373226e-09	-3.367004e+01	-6.145013e+02
2.850000e-06	-4.981757e-06	-9.480465e-09	-3.444439e+01	-6.213796e+02
2.860000e-06	-5.091835e-06	-9.578478e-09	-3.520549e+01	-6.278725e+02
2.870000e-06	-5.200061e-06	-9.668344e-09	-3.595377e+01	-6.339570e+02
2.880000e-06	-5.306610e-06	-9.753168e-09	-3.669047e+01	-6.396336e+02
2.890000e-06	-5.411356e-06	-9.833510e-09	-3.741469e+01	-6.449412e+02
2.900000e-06	-5.514176e-06	-9.911073e-09	-3.812560e+01	-6.499544e+02
2.910000e-06	-5.614977e-06	-9.985804e-09	-3.882255e+01	-6.547591e+02
2.920000e-06	-5.713727e-06	-1.005849e-08	-3.950531e+01	-6.594211e+02
2.930000e-06	-5.810531e-06	-1.012820e-08	-4.017463e+01	-6.639622e+02
2.940000e-06	-5.905350e-06	-1.019591e-08	-4.083022e+01	-6.683574e+02
2.950000e-06	-5.998068e-06	-1.026109e-08	-4.147128e+01	-6.725534e+02
2.960000e-06	-6.088643e-06	-1.032111e-08	-4.209753e+01	-6.764974e+02
2.970000e-06	-6.177061e-06	-1.037654e-08	-4.270885e+01	-6.801632e+02
2.980000e-06	-6.263279e-06	-1.042868e-08	-4.330497e+01	-6.835624e+02
2.990000e-06	-6.347282e-06	-1.047859e-08	-4.388578e+01	-6.867412e+02
3.000000e-06	-6.429131e-06	-1.052563e-08	-4.445169e+01	-6.897642e+02
3.010000e-06	-6.508763e-06	-1.056966e-08	-4.500228e+01	-6.926928e+02
3.020000e-06	-6.585886e-06	-1.061308e-08	-4.553551e+01	-6.955643e+02
3.030000e-06	-6.660421e-06	-1.065908e-08	-4.605086e+01	-6.983782e+02
3.040000e-06	-6.732500e-06	-1.070473e-08	-4.654922e+01	-7.010950e+02
3.050000e-06	-6.802169e-06	-1.074482e-08	-4.703092e+01	-7.036519e+02
3.060000e-06	-6.869400e-06	-1.077907e-08	-4.749576e+01	-7.059929e+02
3.070000e-06	-6.934173e-06	-1.081034e-08	-4.794361e+01	-7.080984e+02
3.080000e-06	-6.996474e-06	-1.084024e-08	-4.837436e+01	-7.100007e+02
3.090000e-06	-7.056260e-06	-1.086809e-08	-4.878773e+01	-7.117726e+02
3.100000e-06	-7.113530e-06	-1.089365e-08	-4.918370e+01	-7.134914e+02
3.110000e-06	-7.168206e-06	-1.091947e-08	-4.956174e+01	-7.151989e+02
3.120000e-06	-7.220077e-06	-1.094631e-08	-4.992038e+01	-7.168803e+02
3.130000e-06	-7.268945e-06	-1.097188e-08	-5.025826e+01	-7.184768e+02
3.140000e-06	-7.315018e-06	-1.099380e-08	-5.057681e+01	-7.199247e+02
3.150000e-06	-7.358741e-06	-1.101319e-08	-5.087912e+01	-7.211955e+02
3.160000e-06	-7.400172e-06	-1.102974e-08	-5.116558e+01	-7.223118e+02
3.170000e-06	-7.439100e-06	-1.104577e-08	-5.143473e+01	-7.233284e+02
3.180000e-06	-7.475397e-06	-1.106060e-08	-5.168569e+01	-7.242940e+02
3.190000e-06	-7.509071e-06	-1.107509e-08	-5.191851e+01	-7.252207e+02
3.200000e-06	-7.540049e-06	-1.109129e-08	-5.213270e+01	-7.260827e+02
3.210000e-06	-7.568295e-06	-1.110452e-08	-5.232800e+01	-7.268443e+02
3.220000e-06	-7.593926e-06	-1.111451e-08	-5.250521e+01	-7.274932e+02
3.230000e-06	-7.616911e-06	-1.112177e-08	-5.266413e+01	-7.280524e+02
3.240000e-06	-7.637130e-06	-1.112620e-08	-5.280393e+01	-7.285612e+02
3.250000e-06	-7.654717e-06	-1.113024e-08	-5.292553e+01	-7.290386e+02
3.260000e-06	-7.669557e-06	-1.113675e-08	-5.302813e+01	-7.294610e+02
3.270000e-06	-7.681361e-06	-1.114346e-08	-5.310975e+01	-7.297729e+02
3.280000e-06	-7.690321e-06	-1.114732e-08	-5.317170e+01	-7.299275e+02
3.290000e-06	-7.696534e-06	-1.114819e-08	-5.321465e+01	-7.299268e+02
3.300000e-06	-7.699994e-06	-1.114743e-08	-5.323858e+01	-7.298304e+02
3.310000e-06	-7.700873e-06	-1.114608e-08	-5.324466e+01	-7.297217e+02
