# Temperatura_=_20.0
# Concentracion g/m^3_=_10000.0
# C_Vs_to_Am_M_A/Vsm_=_65563218390.804596
# pendiente_HvsI_1/m_=_3716.3
# ordenada_HvsI_A/m_=_1297.0
# frecuencia_Hz_=_301359.84021772986

Tiempo_(s)	Campo_(V.s)	Magnetizacion_(V.s)	Campo_(kA/m)	Magnetizacion_(A/m)
0.000000e+00	-7.607323e-06	-1.108357e-08	-5.323259e+01	-7.257013e+02
1.000000e-08	-7.603374e-06	-1.107961e-08	-5.320496e+01	-7.256024e+02
2.000000e-08	-7.597023e-06	-1.107544e-08	-5.316052e+01	-7.254933e+02
3.000000e-08	-7.588278e-06	-1.107403e-08	-5.309933e+01	-7.253042e+02
4.000000e-08	-7.576861e-06	-1.107044e-08	-5.301944e+01	-7.249606e+02
5.000000e-08	-7.562587e-06	-1.106001e-08	-5.291955e+01	-7.244272e+02
6.000000e-08	-7.545541e-06	-1.104532e-08	-5.280027e+01	-7.237274e+02
7.000000e-08	-7.526148e-06	-1.103481e-08	-5.266457e+01	-7.229286e+02
8.000000e-08	-7.504404e-06	-1.103481e-08	-5.251242e+01	-7.221028e+02
9.000000e-08	-7.479711e-06	-1.103401e-08	-5.233963e+01	-7.212880e+02
1.000000e-07	-7.451885e-06	-1.101685e-08	-5.214491e+01	-7.204709e+02
1.100000e-07	-7.421291e-06	-1.099680e-08	-5.193083e+01	-7.195987e+02
1.200000e-07	-7.388182e-06	-1.098487e-08	-5.169915e+01	-7.186095e+02
1.300000e-07	-7.352750e-06	-1.096067e-08	-5.145121e+01	-7.174645e+02
1.400000e-07	-7.315361e-06	-1.092868e-08	-5.118958e+01	-7.161653e+02
1.500000e-07	-7.275749e-06	-1.091790e-08	-5.091240e+01	-7.147513e+02
1.600000e-07	-7.233384e-06	-1.088720e-08	-5.061594e+01	-7.132788e+02
1.700000e-07	-7.188463e-06	-1.086405e-08	-5.030160e+01	-7.117920e+02
1.800000e-07	-7.140993e-06	-1.086055e-08	-4.996943e+01	-7.102979e+02
1.900000e-07	-7.090715e-06	-1.083069e-08	-4.961761e+01	-7.087550e+02
2.000000e-07	-7.037687e-06	-1.080022e-08	-4.924654e+01	-7.070832e+02
2.100000e-07	-6.982025e-06	-1.076503e-08	-4.885705e+01	-7.051959e+02
2.200000e-07	-6.923767e-06	-1.072820e-08	-4.844938e+01	-7.030412e+02
2.300000e-07	-6.862903e-06	-1.069501e-08	-4.802349e+01	-7.006329e+02
2.400000e-07	-6.799583e-06	-1.065723e-08	-4.758040e+01	-6.980518e+02
2.500000e-07	-6.733789e-06	-1.062577e-08	-4.712000e+01	-6.954095e+02
2.600000e-07	-6.665462e-06	-1.060125e-08	-4.664188e+01	-6.927918e+02
2.700000e-07	-6.594752e-06	-1.055726e-08	-4.614709e+01	-6.902088e+02
2.800000e-07	-6.521656e-06	-1.050902e-08	-4.563559e+01	-6.875859e+02
2.900000e-07	-6.445955e-06	-1.045960e-08	-4.510587e+01	-6.848020e+02
3.000000e-07	-6.367494e-06	-1.040124e-08	-4.455683e+01	-6.817560e+02
3.100000e-07	-6.286446e-06	-1.035656e-08	-4.398970e+01	-6.784232e+02
3.200000e-07	-6.203283e-06	-1.030819e-08	-4.340776e+01	-6.748652e+02
3.300000e-07	-6.118247e-06	-1.025628e-08	-4.281272e+01	-6.711872e+02
3.400000e-07	-6.031250e-06	-1.020211e-08	-4.220395e+01	-6.674708e+02
3.500000e-07	-5.942156e-06	-1.014704e-08	-4.158051e+01	-6.637228e+02
3.600000e-07	-5.850849e-06	-1.008486e-08	-4.094159e+01	-6.598752e+02
3.700000e-07	-5.757407e-06	-1.001070e-08	-4.028772e+01	-6.558318e+02
3.800000e-07	-5.661903e-06	-9.942606e-09	-3.961943e+01	-6.515309e+02
3.900000e-07	-5.564367e-06	-9.876187e-09	-3.893692e+01	-6.469787e+02
4.000000e-07	-5.464845e-06	-9.810355e-09	-3.824051e+01	-6.422356e+02
4.100000e-07	-5.363416e-06	-9.737069e-09	-3.753075e+01	-6.373644e+02
4.200000e-07	-5.260002e-06	-9.655949e-09	-3.680711e+01	-6.323807e+02
4.300000e-07	-5.154654e-06	-9.571636e-09	-3.606993e+01	-6.272404e+02
4.400000e-07	-5.047451e-06	-9.488427e-09	-3.531977e+01	-6.218705e+02
4.500000e-07	-4.938379e-06	-9.404563e-09	-3.455654e+01	-6.162205e+02
4.600000e-07	-4.827575e-06	-9.315634e-09	-3.378118e+01	-6.102946e+02
4.700000e-07	-4.715030e-06	-9.224294e-09	-3.299364e+01	-6.041425e+02
4.800000e-07	-4.600716e-06	-9.128821e-09	-3.219372e+01	-5.978149e+02
4.900000e-07	-4.484516e-06	-9.027657e-09	-3.138061e+01	-5.913183e+02
5.000000e-07	-4.366521e-06	-8.919085e-09	-3.055493e+01	-5.846023e+02
5.100000e-07	-4.246967e-06	-8.801637e-09	-2.971835e+01	-5.775886e+02
5.200000e-07	-4.125936e-06	-8.682127e-09	-2.887143e+01	-5.702227e+02
5.300000e-07	-4.003492e-06	-8.567858e-09	-2.801462e+01	-5.625088e+02
5.400000e-07	-3.879553e-06	-8.454539e-09	-2.714735e+01	-5.545034e+02
5.500000e-07	-3.754148e-06	-8.332494e-09	-2.626983e+01	-5.462705e+02
5.600000e-07	-3.627448e-06	-8.199201e-09	-2.538324e+01	-5.378295e+02
5.700000e-07	-3.499447e-06	-8.063167e-09	-2.448754e+01	-5.291311e+02
5.800000e-07	-3.370176e-06	-7.922640e-09	-2.358296e+01	-5.200794e+02
5.900000e-07	-3.239791e-06	-7.775412e-09	-2.267059e+01	-5.105841e+02
6.000000e-07	-3.108285e-06	-7.620201e-09	-2.175037e+01	-5.006101e+02
6.100000e-07	-2.975530e-06	-7.462496e-09	-2.082141e+01	-4.901917e+02
6.200000e-07	-2.841703e-06	-7.304619e-09	-1.988495e+01	-4.794036e+02
6.300000e-07	-2.707027e-06	-7.137374e-09	-1.894255e+01	-4.683081e+02
6.400000e-07	-2.571293e-06	-6.958533e-09	-1.799274e+01	-4.569119e+02
6.500000e-07	-2.434489e-06	-6.770911e-09	-1.703545e+01	-4.451576e+02
6.600000e-07	-2.296884e-06	-6.581067e-09	-1.607255e+01	-4.329512e+02
6.700000e-07	-2.158479e-06	-6.387748e-09	-1.510406e+01	-4.202067e+02
6.800000e-07	-2.019205e-06	-6.183887e-09	-1.412948e+01	-4.068806e+02
6.900000e-07	-1.878983e-06	-5.970411e-09	-1.314827e+01	-3.929759e+02
7.000000e-07	-1.737839e-06	-5.754617e-09	-1.216061e+01	-3.785204e+02
7.100000e-07	-1.595983e-06	-5.531449e-09	-1.116796e+01	-3.635322e+02
7.200000e-07	-1.453589e-06	-5.293670e-09	-1.017155e+01	-3.479958e+02
7.300000e-07	-1.310698e-06	-5.041459e-09	-9.171668e+00	-3.318598e+02
7.400000e-07	-1.167315e-06	-4.779825e-09	-8.168341e+00	-3.150539e+02
7.500000e-07	-1.023467e-06	-4.513537e-09	-7.161761e+00	-2.975147e+02
7.600000e-07	-8.792112e-07	-4.237550e-09	-6.152322e+00	-2.792020e+02
7.700000e-07	-7.346543e-07	-3.946628e-09	-5.140778e+00	-2.600989e+02
7.800000e-07	-5.898105e-07	-3.642973e-09	-4.127226e+00	-2.401954e+02
7.900000e-07	-4.447207e-07	-3.329628e-09	-3.111954e+00	-2.194654e+02
8.000000e-07	-2.995580e-07	-3.003314e-09	-2.096171e+00	-1.978513e+02
8.100000e-07	-1.543405e-07	-2.656537e-09	-1.080005e+00	-1.752661e+02
8.200000e-07	-8.957440e-09	-2.287425e-09	-6.268010e-02	-1.516118e+02
8.300000e-07	1.364888e-07	-1.902902e-09	9.550869e-01	-1.268069e+02
8.400000e-07	2.818766e-07	-1.507479e-09	1.972445e+00	-1.008078e+02
8.500000e-07	4.271012e-07	-1.097679e-09	2.988660e+00	-7.361441e+01
8.600000e-07	5.721118e-07	-6.665611e-10	4.003379e+00	-4.525867e+01
8.700000e-07	7.168596e-07	-2.141199e-10	5.016258e+00	-1.578936e+01
8.800000e-07	8.612475e-07	2.540323e-10	6.026620e+00	1.473197e+01
8.900000e-07	1.005332e-06	7.344580e-10	7.034855e+00	4.621348e+01
9.000000e-07	1.149048e-06	1.226744e-09	8.040516e+00	7.849904e+01
9.100000e-07	1.292263e-06	1.728302e-09	9.042671e+00	1.113371e+02
9.200000e-07	1.434940e-06	2.232432e-09	1.004106e+01	1.443746e+02
9.300000e-07	1.577115e-06	2.731684e-09	1.103593e+01	1.771889e+02
9.400000e-07	1.718832e-06	3.219770e-09	1.202761e+01	2.093472e+02
9.500000e-07	1.859948e-06	3.694499e-09	1.301507e+01	2.404719e+02
9.600000e-07	2.000185e-06	4.152037e-09	1.399639e+01	2.702830e+02
9.700000e-07	2.139473e-06	4.584763e-09	1.497106e+01	2.986060e+02
9.800000e-07	2.277916e-06	4.988420e-09	1.593982e+01	3.253507e+02
9.900000e-07	2.415510e-06	5.365637e-09	1.690265e+01	3.504829e+02
1.000000e-06	2.552245e-06	5.722388e-09	1.785946e+01	3.740058e+02
1.010000e-06	2.687986e-06	6.056315e-09	1.880931e+01	3.959575e+02
1.020000e-06	2.822661e-06	6.365493e-09	1.975170e+01	4.164142e+02
1.030000e-06	2.956437e-06	6.653926e-09	2.068780e+01	4.354837e+02
1.040000e-06	3.089238e-06	6.925894e-09	2.161709e+01	4.532847e+02
1.050000e-06	3.220897e-06	7.181395e-09	2.253838e+01	4.699206e+02
1.060000e-06	3.351338e-06	7.418210e-09	2.345114e+01	4.854643e+02
1.070000e-06	3.480532e-06	7.635632e-09	2.435518e+01	4.999639e+02
1.080000e-06	3.608522e-06	7.837896e-09	2.525080e+01	5.134670e+02
1.090000e-06	3.735283e-06	8.029241e-09	2.613781e+01	5.260427e+02
1.100000e-06	3.860783e-06	8.208826e-09	2.701601e+01	5.377852e+02
1.110000e-06	3.984946e-06	8.375585e-09	2.788485e+01	5.487952e+02
1.120000e-06	4.107658e-06	8.531594e-09	2.874353e+01	5.591518e+02
1.130000e-06	4.228922e-06	8.681668e-09	2.959208e+01	5.688982e+02
1.140000e-06	4.348627e-06	8.826107e-09	3.042972e+01	5.780525e+02
1.150000e-06	4.466729e-06	8.962064e-09	3.125615e+01	5.866357e+02
1.160000e-06	4.583205e-06	9.086861e-09	3.207119e+01	5.946962e+02
1.170000e-06	4.697802e-06	9.201626e-09	3.287309e+01	6.023098e+02
1.180000e-06	4.810528e-06	9.311283e-09	3.366189e+01	6.095516e+02
1.190000e-06	4.921547e-06	9.418725e-09	3.443876e+01	6.164609e+02
1.200000e-06	5.030930e-06	9.519635e-09	3.520417e+01	6.230246e+02
1.210000e-06	5.138625e-06	9.610815e-09	3.595777e+01	6.291972e+02
1.220000e-06	5.244413e-06	9.696982e-09	3.669803e+01	6.349450e+02
1.230000e-06	5.348227e-06	9.782183e-09	3.742447e+01	6.402894e+02
1.240000e-06	5.450150e-06	9.863825e-09	3.813768e+01	6.453156e+02
1.250000e-06	5.550131e-06	9.937074e-09	3.883730e+01	6.501399e+02
1.260000e-06	5.648037e-06	1.000497e-08	3.952240e+01	6.548520e+02
1.270000e-06	5.743816e-06	1.007289e-08	4.019262e+01	6.594705e+02
1.280000e-06	5.837604e-06	1.014045e-08	4.084891e+01	6.639367e+02
1.290000e-06	5.929466e-06	1.020312e-08	4.149171e+01	6.681543e+02
1.300000e-06	6.019110e-06	1.025918e-08	4.211900e+01	6.720489e+02
1.310000e-06	6.106545e-06	1.031251e-08	4.273083e+01	6.756149e+02
1.320000e-06	6.191968e-06	1.036489e-08	4.332859e+01	6.789215e+02
1.330000e-06	6.275329e-06	1.041583e-08	4.391190e+01	6.820793e+02
1.340000e-06	6.356433e-06	1.046171e-08	4.447943e+01	6.851861e+02
1.350000e-06	6.435146e-06	1.050457e-08	4.503023e+01	6.882839e+02
1.360000e-06	6.511485e-06	1.054929e-08	4.556442e+01	6.913454e+02
1.370000e-06	6.585350e-06	1.059319e-08	4.608129e+01	6.942944e+02
1.380000e-06	6.656797e-06	1.063330e-08	4.658125e+01	6.970454e+02
1.390000e-06	6.726024e-06	1.066810e-08	4.706567e+01	6.995439e+02
1.400000e-06	6.792869e-06	1.070081e-08	4.753342e+01	7.017892e+02
1.410000e-06	6.857181e-06	1.073396e-08	4.798344e+01	7.038335e+02
1.420000e-06	6.919154e-06	1.076528e-08	4.841711e+01	7.057596e+02
1.430000e-06	6.978756e-06	1.079391e-08	4.883417e+01	7.076459e+02
1.440000e-06	7.035835e-06	1.082010e-08	4.923359e+01	7.095335e+02
1.450000e-06	7.090366e-06	1.084657e-08	4.961516e+01	7.114089e+02
1.460000e-06	7.142100e-06	1.087206e-08	4.997718e+01	7.132120e+02
1.470000e-06	7.190900e-06	1.089558e-08	5.031866e+01	7.148670e+02
1.480000e-06	7.237068e-06	1.091672e-08	5.064172e+01	7.163226e+02
1.490000e-06	7.280737e-06	1.093443e-08	5.094730e+01	7.175808e+02
1.500000e-06	7.321757e-06	1.095202e-08	5.123433e+01	7.186960e+02
1.510000e-06	7.360207e-06	1.097119e-08	5.150339e+01	7.197447e+02
1.520000e-06	7.396199e-06	1.098944e-08	5.175524e+01	7.207819e+02
1.530000e-06	7.429532e-06	1.100448e-08	5.198850e+01	7.218109e+02
1.540000e-06	7.460231e-06	1.101555e-08	5.220331e+01	7.227852e+02
1.550000e-06	7.488431e-06	1.102642e-08	5.240065e+01	7.236416e+02
1.560000e-06	7.513893e-06	1.103708e-08	5.257882e+01	7.243429e+02
1.570000e-06	7.536569e-06	1.104450e-08	5.273749e+01	7.249010e+02
1.580000e-06	7.556789e-06	1.105016e-08	5.287898e+01	7.253664e+02
1.590000e-06	7.574447e-06	1.105818e-08	5.300255e+01	7.257913e+02
1.600000e-06	7.589195e-06	1.106722e-08	5.310574e+01	7.261923e+02
1.610000e-06	7.601011e-06	1.107282e-08	5.318843e+01	7.265397e+02
1.620000e-06	7.609920e-06	1.107388e-08	5.325077e+01	7.267809e+02
1.630000e-06	7.616131e-06	1.107348e-08	5.329423e+01	7.268816e+02
1.640000e-06	7.619720e-06	1.107416e-08	5.331935e+01	7.268538e+02
1.650000e-06	7.620557e-06	1.107455e-08	5.332520e+01	7.267526e+02
1.660000e-06	7.618858e-06	1.107205e-08	5.331332e+01	7.266399e+02
1.670000e-06	7.614750e-06	1.106827e-08	5.328457e+01	7.265420e+02
1.680000e-06	7.608062e-06	1.106791e-08	5.323777e+01	7.264280e+02
1.690000e-06	7.598830e-06	1.106592e-08	5.317317e+01	7.262254e+02
1.700000e-06	7.586995e-06	1.106071e-08	5.309035e+01	7.258620e+02
1.710000e-06	7.572428e-06	1.105402e-08	5.298841e+01	7.253085e+02
1.720000e-06	7.555484e-06	1.104841e-08	5.286985e+01	7.245942e+02
1.730000e-06	7.536421e-06	1.103346e-08	5.273646e+01	7.237892e+02
1.740000e-06	7.514559e-06	1.100936e-08	5.258348e+01	7.229635e+02
1.750000e-06	7.489060e-06	1.099319e-08	5.240505e+01	7.221498e+02
1.760000e-06	7.459976e-06	1.098263e-08	5.220153e+01	7.213297e+02
1.770000e-06	7.428110e-06	1.097058e-08	5.197855e+01	7.204476e+02
1.780000e-06	7.394255e-06	1.097305e-08	5.174165e+01	7.194428e+02
1.790000e-06	7.358850e-06	1.095791e-08	5.149390e+01	7.182802e+02
1.800000e-06	7.321554e-06	1.091742e-08	5.123292e+01	7.169662e+02
1.810000e-06	7.281517e-06	1.092173e-08	5.095275e+01	7.155431e+02
1.820000e-06	7.238932e-06	1.089656e-08	5.065476e+01	7.140672e+02
1.830000e-06	7.193973e-06	1.086077e-08	5.034016e+01	7.125800e+02
1.840000e-06	7.146196e-06	1.084251e-08	5.000584e+01	7.110834e+02
1.850000e-06	7.095697e-06	1.079228e-08	4.965247e+01	7.095308e+02
1.860000e-06	7.042309e-06	1.078296e-08	4.927888e+01	7.078396e+02
1.870000e-06	6.986192e-06	1.076262e-08	4.888620e+01	7.059250e+02
1.880000e-06	6.927790e-06	1.072414e-08	4.847753e+01	7.037410e+02
1.890000e-06	6.866707e-06	1.069506e-08	4.805010e+01	7.013092e+02
1.900000e-06	6.803046e-06	1.063186e-08	4.760463e+01	6.987160e+02
1.910000e-06	6.737001e-06	1.059184e-08	4.714248e+01	6.960732e+02
1.920000e-06	6.668478e-06	1.055554e-08	4.666299e+01	6.934601e+02
1.930000e-06	6.597456e-06	1.050764e-08	4.616601e+01	6.908775e+02
1.940000e-06	6.523847e-06	1.047710e-08	4.565092e+01	6.882433e+02
1.950000e-06	6.447791e-06	1.043984e-08	4.511872e+01	6.854350e+02
1.960000e-06	6.369208e-06	1.040662e-08	4.456883e+01	6.823577e+02
1.970000e-06	6.288269e-06	1.034610e-08	4.400245e+01	6.789964e+02
1.980000e-06	6.205168e-06	1.027473e-08	4.342095e+01	6.754201e+02
1.990000e-06	6.119875e-06	1.021505e-08	4.282411e+01	6.717350e+02
2.000000e-06	6.032388e-06	1.015624e-08	4.221192e+01	6.680163e+02
2.010000e-06	5.942755e-06	1.011295e-08	4.158471e+01	6.642617e+02
2.020000e-06	5.851097e-06	1.005742e-08	4.094332e+01	6.603974e+02
2.030000e-06	5.757300e-06	1.000027e-08	4.028697e+01	6.563282e+02
2.040000e-06	5.661419e-06	9.930415e-09	3.961604e+01	6.519986e+02
2.050000e-06	5.563609e-06	9.854016e-09	3.893161e+01	6.474224e+02
2.060000e-06	5.463835e-06	9.777998e-09	3.823344e+01	6.426630e+02
2.070000e-06	5.362035e-06	9.698182e-09	3.752109e+01	6.377799e+02
2.080000e-06	5.258245e-06	9.631335e-09	3.679481e+01	6.327822e+02
2.090000e-06	5.152589e-06	9.554989e-09	3.605548e+01	6.276207e+02
2.100000e-06	5.045167e-06	9.483933e-09	3.530379e+01	6.222223e+02
2.110000e-06	4.935999e-06	9.389996e-09	3.453988e+01	6.165413e+02
2.120000e-06	4.825067e-06	9.291647e-09	3.376363e+01	6.105882e+02
2.130000e-06	4.712335e-06	9.192426e-09	3.297479e+01	6.044152e+02
2.140000e-06	4.597739e-06	9.096663e-09	3.217289e+01	5.980700e+02
2.150000e-06	4.481274e-06	9.008308e-09	3.135792e+01	5.915531e+02
2.160000e-06	4.362921e-06	8.906943e-09	3.052974e+01	5.848088e+02
2.170000e-06	4.242838e-06	8.808054e-09	2.968946e+01	5.777590e+02
2.180000e-06	4.121352e-06	8.695776e-09	2.883935e+01	5.703543e+02
2.190000e-06	3.998464e-06	8.582709e-09	2.797944e+01	5.626057e+02
2.200000e-06	3.874112e-06	8.452676e-09	2.710928e+01	5.545731e+02
2.210000e-06	3.748439e-06	8.318931e-09	2.622988e+01	5.463180e+02
2.220000e-06	3.621383e-06	8.189301e-09	2.534080e+01	5.378528e+02
2.230000e-06	3.492929e-06	8.061923e-09	2.444193e+01	5.291214e+02
2.240000e-06	3.363373e-06	7.932849e-09	2.353536e+01	5.200257e+02
2.250000e-06	3.232756e-06	7.787231e-09	2.262136e+01	5.104793e+02
2.260000e-06	3.100874e-06	7.633236e-09	2.169851e+01	5.004548e+02
2.270000e-06	2.967844e-06	7.473217e-09	2.076763e+01	4.899928e+02
2.280000e-06	2.833868e-06	7.309108e-09	1.983012e+01	4.791694e+02
2.290000e-06	2.698811e-06	7.137642e-09	1.888505e+01	4.680424e+02
2.300000e-06	2.562661e-06	6.962463e-09	1.793234e+01	4.566115e+02
2.310000e-06	2.425649e-06	6.787360e-09	1.697359e+01	4.448133e+02
2.320000e-06	2.287890e-06	6.607375e-09	1.600962e+01	4.325526e+02
2.330000e-06	2.149292e-06	6.415714e-09	1.503977e+01	4.197469e+02
2.340000e-06	2.009752e-06	6.211390e-09	1.406333e+01	4.063577e+02
2.350000e-06	1.869424e-06	5.996388e-09	1.308138e+01	3.923924e+02
2.360000e-06	1.728479e-06	5.774219e-09	1.209511e+01	3.778793e+02
2.370000e-06	1.586850e-06	5.543288e-09	1.110405e+01	3.628336e+02
2.380000e-06	1.444615e-06	5.306264e-09	1.010876e+01	3.472359e+02
2.390000e-06	1.301921e-06	5.061441e-09	9.110252e+00	3.310313e+02
2.400000e-06	1.158691e-06	4.808362e-09	8.107994e+00	3.141495e+02
2.410000e-06	1.014930e-06	4.540492e-09	7.102018e+00	2.965287e+02
2.420000e-06	8.707239e-07	4.256617e-09	6.092931e+00	2.781316e+02
2.430000e-06	7.261778e-07	3.960203e-09	5.081463e+00	2.589433e+02
2.440000e-06	5.814072e-07	3.652514e-09	4.068424e+00	2.389528e+02
2.450000e-06	4.364867e-07	3.339188e-09	3.054336e+00	2.181312e+02
2.460000e-06	2.914175e-07	3.012581e-09	2.039207e+00	1.964175e+02
2.470000e-06	1.462378e-07	2.669609e-09	1.023306e+00	1.737222e+02
2.480000e-06	1.058221e-09	2.307527e-09	7.404952e-03	1.499478e+02
2.490000e-06	-1.441343e-07	1.929072e-09	-1.008586e+00	1.250161e+02
2.500000e-06	-2.892649e-07	1.532096e-09	-2.024144e+00	9.888824e+01
2.510000e-06	-4.342452e-07	1.113704e-09	-3.038651e+00	7.156820e+01
2.520000e-06	-5.791115e-07	6.760480e-10	-4.052360e+00	4.309048e+01
2.530000e-06	-7.238281e-07	2.243105e-10	-5.065021e+00	1.350505e+01
2.540000e-06	-8.682498e-07	-2.373842e-10	-6.075618e+00	-1.712453e+01
2.550000e-06	-1.012320e-06	-7.153999e-10	-7.083759e+00	-4.870128e+01
2.560000e-06	-1.155951e-06	-1.208322e-09	-8.088819e+00	-8.106008e+01
2.570000e-06	-1.298978e-06	-1.713955e-09	-9.089656e+00	-1.139381e+02
2.580000e-06	-1.441474e-06	-2.220790e-09	-1.008678e+01	-1.469729e+02
2.590000e-06	-1.583452e-06	-2.720446e-09	-1.108028e+01	-1.797373e+02
2.600000e-06	-1.724813e-06	-3.211627e-09	-1.206946e+01	-2.118016e+02
2.610000e-06	-1.865505e-06	-3.687747e-09	-1.305396e+01	-2.427971e+02
2.620000e-06	-2.005484e-06	-4.140268e-09	-1.403347e+01	-2.724556e+02
2.630000e-06	-2.144666e-06	-4.567134e-09	-1.500740e+01	-3.006127e+02
2.640000e-06	-2.282959e-06	-4.972925e-09	-1.597511e+01	-3.271857e+02
2.650000e-06	-2.420454e-06	-5.357818e-09	-1.693724e+01	-3.521449e+02
2.660000e-06	-2.557173e-06	-5.718214e-09	-1.789394e+01	-3.754971e+02
2.670000e-06	-2.692939e-06	-6.052412e-09	-1.884397e+01	-3.972845e+02
2.680000e-06	-2.827609e-06	-6.364230e-09	-1.978632e+01	-4.175871e+02
2.690000e-06	-2.961203e-06	-6.656095e-09	-2.072115e+01	-4.365152e+02
2.700000e-06	-3.093791e-06	-6.926656e-09	-2.164895e+01	-4.541871e+02
2.710000e-06	-3.225334e-06	-7.177355e-09	-2.256942e+01	-4.707032e+02
2.720000e-06	-3.355697e-06	-7.413238e-09	-2.348165e+01	-4.861331e+02
2.730000e-06	-3.484921e-06	-7.635498e-09	-2.438590e+01	-5.005236e+02
2.740000e-06	-3.613063e-06	-7.842108e-09	-2.528257e+01	-5.139237e+02
2.750000e-06	-3.739910e-06	-8.034643e-09	-2.617020e+01	-5.264054e+02
2.760000e-06	-3.865363e-06	-8.215351e-09	-2.704806e+01	-5.380650e+02
2.770000e-06	-3.989447e-06	-8.384142e-09	-2.791634e+01	-5.490019e+02
2.780000e-06	-4.112081e-06	-8.541803e-09	-2.877448e+01	-5.592918e+02
2.790000e-06	-4.233316e-06	-8.687772e-09	-2.962282e+01	-5.689743e+02
2.800000e-06	-4.353048e-06	-8.824054e-09	-3.046065e+01	-5.780662e+02
2.810000e-06	-4.470961e-06	-8.952028e-09	-3.128576e+01	-5.865906e+02
2.820000e-06	-4.587032e-06	-9.070532e-09	-3.209797e+01	-5.945995e+02
2.830000e-06	-4.701273e-06	-9.182645e-09	-3.289738e+01	-6.021702e+02
2.840000e-06	-4.813619e-06	-9.294153e-09	-3.368352e+01	-6.093755e+02
2.850000e-06	-4.924070e-06	-9.402600e-09	-3.445641e+01	-6.162494e+02
2.860000e-06	-5.032728e-06	-9.501326e-09	-3.521675e+01	-6.227738e+02
2.870000e-06	-5.139746e-06	-9.593063e-09	-3.596561e+01	-6.289019e+02
2.880000e-06	-5.245162e-06	-9.678644e-09	-3.670326e+01	-6.346044e+02
2.890000e-06	-5.348719e-06	-9.757910e-09	-3.742791e+01	-6.399098e+02
2.900000e-06	-5.450181e-06	-9.833014e-09	-3.813790e+01	-6.449090e+02
2.910000e-06	-5.549595e-06	-9.905005e-09	-3.883355e+01	-6.497181e+02
2.920000e-06	-5.647149e-06	-9.977241e-09	-3.951619e+01	-6.544209e+02
2.930000e-06	-5.742880e-06	-1.004973e-08	-4.018607e+01	-6.590272e+02
2.940000e-06	-5.836521e-06	-1.012021e-08	-4.084133e+01	-6.634717e+02
2.950000e-06	-5.928041e-06	-1.018585e-08	-4.148174e+01	-6.676574e+02
2.960000e-06	-6.017562e-06	-1.024594e-08	-4.210817e+01	-6.715158e+02
2.970000e-06	-6.104978e-06	-1.030005e-08	-4.271987e+01	-6.750497e+02
2.980000e-06	-6.190115e-06	-1.034980e-08	-4.331562e+01	-6.783350e+02
2.990000e-06	-6.273025e-06	-1.039729e-08	-4.389578e+01	-6.814835e+02
3.000000e-06	-6.353892e-06	-1.044252e-08	-4.446166e+01	-6.845887e+02
3.010000e-06	-6.432465e-06	-1.048774e-08	-4.501147e+01	-6.876853e+02
3.020000e-06	-6.508433e-06	-1.053676e-08	-4.554306e+01	-6.907390e+02
3.030000e-06	-6.581950e-06	-1.058796e-08	-4.605750e+01	-6.936708e+02
3.040000e-06	-6.653134e-06	-1.063354e-08	-4.655562e+01	-6.963967e+02
3.050000e-06	-6.721903e-06	-1.067048e-08	-4.703683e+01	-6.988672e+02
3.060000e-06	-6.788261e-06	-1.070227e-08	-4.750117e+01	-7.010878e+02
3.070000e-06	-6.852262e-06	-1.073145e-08	-4.794902e+01	-7.031154e+02
3.080000e-06	-6.913790e-06	-1.075807e-08	-4.837957e+01	-7.050340e+02
3.090000e-06	-6.972795e-06	-1.078382e-08	-4.879245e+01	-7.069196e+02
3.100000e-06	-7.029403e-06	-1.081230e-08	-4.918858e+01	-7.088077e+02
3.110000e-06	-7.083394e-06	-1.084375e-08	-4.956638e+01	-7.106790e+02
3.120000e-06	-7.134549e-06	-1.087439e-08	-4.992434e+01	-7.124698e+02
3.130000e-06	-7.182756e-06	-1.090143e-08	-5.026167e+01	-7.141053e+02
3.140000e-06	-7.228256e-06	-1.092413e-08	-5.058005e+01	-7.155388e+02
3.150000e-06	-7.271516e-06	-1.094242e-08	-5.088277e+01	-7.167785e+02
3.160000e-06	-7.312477e-06	-1.095768e-08	-5.116940e+01	-7.178831e+02
3.170000e-06	-7.350910e-06	-1.097121e-08	-5.143833e+01	-7.189288e+02
3.180000e-06	-7.386723e-06	-1.098335e-08	-5.168894e+01	-7.199661e+02
3.190000e-06	-7.419959e-06	-1.099781e-08	-5.192151e+01	-7.209922e+02
3.200000e-06	-7.450549e-06	-1.101571e-08	-5.213556e+01	-7.219570e+02
3.210000e-06	-7.478395e-06	-1.103308e-08	-5.233042e+01	-7.227980e+02
3.220000e-06	-7.503649e-06	-1.104718e-08	-5.250713e+01	-7.234826e+02
3.230000e-06	-7.526305e-06	-1.105740e-08	-5.266567e+01	-7.240281e+02
3.240000e-06	-7.546244e-06	-1.106300e-08	-5.280519e+01	-7.244872e+02
3.250000e-06	-7.563580e-06	-1.106633e-08	-5.292651e+01	-7.249098e+02
3.260000e-06	-7.578113e-06	-1.107076e-08	-5.302820e+01	-7.253073e+02
3.270000e-06	-7.589661e-06	-1.107583e-08	-5.310901e+01	-7.256460e+02
3.280000e-06	-7.598477e-06	-1.107959e-08	-5.317070e+01	-7.258733e+02
3.290000e-06	-7.604565e-06	-1.108157e-08	-5.321330e+01	-7.259588e+02
3.300000e-06	-7.607960e-06	-1.108301e-08	-5.323705e+01	-7.259202e+02
3.310000e-06	-7.608842e-06	-1.108419e-08	-5.324322e+01	-7.258153e+02
