# Temperatura_=_20.0
# Concentracion g/m^3_=_10000.0
# C_Vs_to_Am_M_A/Vsm_=_65563218390.804596
# pendiente_HvsI_1/m_=_3716.3
# ordenada_HvsI_A/m_=_1297.0
# frecuencia_Hz_=_301360.52896264964

Tiempo_(s)	Campo_(V.s)	Magnetizacion_(V.s)	Campo_(kA/m)	Magnetizacion_(A/m)
0.000000e+00	-7.662840e-06	-1.109589e-08	-5.323268e+01	-7.267316e+02
1.000000e-08	-7.659157e-06	-1.109536e-08	-5.320709e+01	-7.266439e+02
2.000000e-08	-7.653027e-06	-1.109102e-08	-5.316451e+01	-7.265513e+02
3.000000e-08	-7.644466e-06	-1.108849e-08	-5.310503e+01	-7.263506e+02
4.000000e-08	-7.633186e-06	-1.108639e-08	-5.302667e+01	-7.259412e+02
5.000000e-08	-7.618987e-06	-1.107714e-08	-5.292803e+01	-7.252905e+02
6.000000e-08	-7.601991e-06	-1.106374e-08	-5.280997e+01	-7.244594e+02
7.000000e-08	-7.582662e-06	-1.105059e-08	-5.267569e+01	-7.235694e+02
8.000000e-08	-7.561034e-06	-1.102782e-08	-5.252544e+01	-7.227276e+02
9.000000e-08	-7.536477e-06	-1.105049e-08	-5.235485e+01	-7.219622e+02
1.000000e-07	-7.508764e-06	-1.103749e-08	-5.216233e+01	-7.212083e+02
1.100000e-07	-7.478196e-06	-1.099610e-08	-5.194998e+01	-7.203563e+02
1.200000e-07	-7.445019e-06	-1.098348e-08	-5.171951e+01	-7.193264e+02
1.300000e-07	-7.409456e-06	-1.098372e-08	-5.147245e+01	-7.181205e+02
1.400000e-07	-7.371874e-06	-1.091625e-08	-5.121138e+01	-7.168166e+02
1.500000e-07	-7.332116e-06	-1.089739e-08	-5.093518e+01	-7.155115e+02
1.600000e-07	-7.289646e-06	-1.095128e-08	-5.064015e+01	-7.142548e+02
1.700000e-07	-7.244587e-06	-1.082995e-08	-5.032713e+01	-7.130164e+02
1.800000e-07	-7.196972e-06	-1.086088e-08	-4.999636e+01	-7.117086e+02
1.900000e-07	-7.146477e-06	-1.086351e-08	-4.964557e+01	-7.102396e+02
2.000000e-07	-7.093134e-06	-1.078778e-08	-4.927501e+01	-7.085609e+02
2.100000e-07	-7.037146e-06	-1.079824e-08	-4.888607e+01	-7.066766e+02
2.200000e-07	-6.978687e-06	-1.073854e-08	-4.847996e+01	-7.046171e+02
2.300000e-07	-6.917699e-06	-1.072754e-08	-4.805628e+01	-7.024041e+02
2.400000e-07	-6.854130e-06	-1.067163e-08	-4.761468e+01	-7.000358e+02
2.500000e-07	-6.788021e-06	-1.063580e-08	-4.715543e+01	-6.975032e+02
2.600000e-07	-6.719427e-06	-1.061580e-08	-4.667892e+01	-6.948173e+02
2.700000e-07	-6.648455e-06	-1.055137e-08	-4.618589e+01	-6.920206e+02
2.800000e-07	-6.574982e-06	-1.052268e-08	-4.567548e+01	-6.891681e+02
2.900000e-07	-6.498906e-06	-1.046214e-08	-4.514699e+01	-6.862899e+02
3.000000e-07	-6.420172e-06	-1.043036e-08	-4.460004e+01	-6.833644e+02
3.100000e-07	-6.338863e-06	-1.038225e-08	-4.403519e+01	-6.803258e+02
3.200000e-07	-6.255437e-06	-1.032545e-08	-4.345565e+01	-6.771010e+02
3.300000e-07	-6.170055e-06	-1.028974e-08	-4.286251e+01	-6.736520e+02
3.400000e-07	-6.082623e-06	-1.021489e-08	-4.225513e+01	-6.699930e+02
3.500000e-07	-5.993064e-06	-1.016308e-08	-4.163298e+01	-6.661711e+02
3.600000e-07	-5.901306e-06	-1.010054e-08	-4.099554e+01	-6.622274e+02
3.700000e-07	-5.807448e-06	-1.003645e-08	-4.034353e+01	-6.581686e+02
3.800000e-07	-5.711457e-06	-9.971011e-09	-3.967669e+01	-6.539672e+02
3.900000e-07	-5.613302e-06	-9.909445e-09	-3.899482e+01	-6.495875e+02
4.000000e-07	-5.513132e-06	-9.852552e-09	-3.829896e+01	-6.450122e+02
4.100000e-07	-5.411083e-06	-9.775525e-09	-3.759004e+01	-6.402477e+02
4.200000e-07	-5.307109e-06	-9.694021e-09	-3.686774e+01	-6.353053e+02
4.300000e-07	-5.201200e-06	-9.603400e-09	-3.613201e+01	-6.301764e+02
4.400000e-07	-5.093385e-06	-9.517547e-09	-3.538303e+01	-6.248269e+02
4.500000e-07	-4.983745e-06	-9.434877e-09	-3.462138e+01	-6.192174e+02
4.600000e-07	-4.872346e-06	-9.349408e-09	-3.384751e+01	-6.133339e+02
4.700000e-07	-4.759094e-06	-9.264770e-09	-3.306076e+01	-6.072030e+02
4.800000e-07	-4.643949e-06	-9.172881e-09	-3.226086e+01	-6.008729e+02
4.900000e-07	-4.526971e-06	-9.074901e-09	-3.144823e+01	-5.943738e+02
5.000000e-07	-4.408368e-06	-8.963951e-09	-3.062432e+01	-5.876858e+02
5.100000e-07	-4.288178e-06	-8.845204e-09	-2.978937e+01	-5.807412e+02
5.200000e-07	-4.166392e-06	-8.726433e-09	-2.894334e+01	-5.734642e+02
5.300000e-07	-4.043100e-06	-8.609981e-09	-2.808685e+01	-5.658179e+02
5.400000e-07	-3.918383e-06	-8.498284e-09	-2.722046e+01	-5.578256e+02
5.500000e-07	-3.792342e-06	-8.378662e-09	-2.634487e+01	-5.495464e+02
5.600000e-07	-3.664981e-06	-8.249828e-09	-2.546011e+01	-5.410229e+02
5.700000e-07	-3.536259e-06	-8.111058e-09	-2.456590e+01	-5.322402e+02
5.800000e-07	-3.406251e-06	-7.969120e-09	-2.366275e+01	-5.231266e+02
5.900000e-07	-3.275045e-06	-7.819994e-09	-2.275128e+01	-5.135996e+02
6.000000e-07	-3.142619e-06	-7.662953e-09	-2.183133e+01	-5.036220e+02
6.100000e-07	-3.009040e-06	-7.504317e-09	-2.090338e+01	-4.932264e+02
6.200000e-07	-2.874487e-06	-7.343510e-09	-1.996866e+01	-4.824873e+02
6.300000e-07	-2.738912e-06	-7.180416e-09	-1.902684e+01	-4.714586e+02
6.400000e-07	-2.602207e-06	-7.004485e-09	-1.807716e+01	-4.601207e+02
6.500000e-07	-2.464532e-06	-6.820459e-09	-1.712076e+01	-4.483774e+02
6.600000e-07	-2.326032e-06	-6.629029e-09	-1.615862e+01	-4.361061e+02
6.700000e-07	-2.186627e-06	-6.433662e-09	-1.519019e+01	-4.232278e+02
6.800000e-07	-2.046218e-06	-6.229461e-09	-1.421479e+01	-4.097478e+02
6.900000e-07	-1.904812e-06	-6.014028e-09	-1.323246e+01	-3.957386e+02
7.000000e-07	-1.762577e-06	-5.794220e-09	-1.224438e+01	-3.812752e+02
7.100000e-07	-1.619732e-06	-5.567328e-09	-1.125205e+01	-3.663690e+02
7.200000e-07	-1.476372e-06	-5.332944e-09	-1.025615e+01	-3.509425e+02
7.300000e-07	-1.332500e-06	-5.085237e-09	-9.256693e+00	-3.348631e+02
7.400000e-07	-1.188106e-06	-4.825951e-09	-8.253605e+00	-3.180110e+02
7.500000e-07	-1.043246e-06	-4.556813e-09	-7.247287e+00	-3.003360e+02
7.600000e-07	-8.979607e-07	-4.279945e-09	-6.238007e+00	-2.818652e+02
7.700000e-07	-7.523522e-07	-3.990418e-09	-5.226485e+00	-2.626610e+02
7.800000e-07	-6.065096e-07	-3.686876e-09	-4.213337e+00	-2.427563e+02
7.900000e-07	-4.604736e-07	-3.369830e-09	-3.198846e+00	-2.221097e+02
8.000000e-07	-3.143063e-07	-3.040013e-09	-2.183442e+00	-2.006058e+02
8.100000e-07	-1.680468e-07	-2.696662e-09	-1.167398e+00	-1.780963e+02
8.200000e-07	-2.172082e-08	-2.332063e-09	-1.508915e-01	-1.544545e+02
8.300000e-07	1.246275e-07	-1.949097e-09	8.657700e-01	-1.296114e+02
8.400000e-07	2.709482e-07	-1.549891e-09	1.882239e+00	-1.035586e+02
8.500000e-07	4.171317e-07	-1.138612e-09	2.897755e+00	-7.632477e+01
8.600000e-07	5.631624e-07	-7.086675e-10	3.912210e+00	-4.794681e+01
8.700000e-07	7.090193e-07	-2.560274e-10	4.925458e+00	-1.845835e+01
8.800000e-07	8.545914e-07	2.155707e-10	5.936726e+00	1.209733e+01
8.900000e-07	9.998392e-07	6.985928e-10	6.945742e+00	4.363514e+01
9.000000e-07	1.144669e-06	1.189679e-09	7.951857e+00	7.599324e+01
9.100000e-07	1.289078e-06	1.689991e-09	8.955043e+00	1.089124e+02
9.200000e-07	1.432973e-06	2.194480e-09	9.954659e+00	1.420409e+02
9.300000e-07	1.576296e-06	2.698280e-09	1.095031e+01	1.749670e+02
9.400000e-07	1.719057e-06	3.189585e-09	1.194205e+01	2.072704e+02
9.500000e-07	1.861204e-06	3.664296e-09	1.292953e+01	2.385771e+02
9.600000e-07	2.002585e-06	4.121024e-09	1.391168e+01	2.685986e+02
9.700000e-07	2.143103e-06	4.557301e-09	1.488784e+01	2.971453e+02
9.800000e-07	2.282753e-06	4.968265e-09	1.585796e+01	3.241125e+02
9.900000e-07	2.421519e-06	5.349462e-09	1.682195e+01	3.494523e+02
1.000000e-06	2.559399e-06	5.706573e-09	1.777979e+01	3.731517e+02
1.010000e-06	2.696298e-06	6.042646e-09	1.873081e+01	3.952270e+02
1.020000e-06	2.832165e-06	6.358549e-09	1.967465e+01	4.157346e+02
1.030000e-06	2.966957e-06	6.648770e-09	2.061103e+01	4.347815e+02
1.040000e-06	3.100721e-06	6.915075e-09	2.154027e+01	4.525172e+02
1.050000e-06	3.233480e-06	7.164845e-09	2.246254e+01	4.691024e+02
1.060000e-06	3.365059e-06	7.401436e-09	2.337659e+01	4.846666e+02
1.070000e-06	3.495341e-06	7.623211e-09	2.428164e+01	4.992799e+02
1.080000e-06	3.624335e-06	7.827330e-09	2.517775e+01	5.129577e+02
1.090000e-06	3.752042e-06	8.018496e-09	2.606491e+01	5.256963e+02
1.100000e-06	3.878462e-06	8.198605e-09	2.694313e+01	5.375185e+02
1.110000e-06	4.003567e-06	8.368377e-09	2.781222e+01	5.485002e+02
1.120000e-06	4.127295e-06	8.525765e-09	2.867174e+01	5.587607e+02
1.130000e-06	4.249551e-06	8.671314e-09	2.952104e+01	5.684262e+02
1.140000e-06	4.370277e-06	8.809010e-09	3.035970e+01	5.775905e+02
1.150000e-06	4.489345e-06	8.943907e-09	3.118685e+01	5.862982e+02
1.160000e-06	4.606715e-06	9.074524e-09	3.200220e+01	5.945578e+02
1.170000e-06	4.722343e-06	9.195310e-09	3.280545e+01	6.023686e+02
1.180000e-06	4.836124e-06	9.307651e-09	3.359588e+01	6.097415e+02
1.190000e-06	4.948045e-06	9.414488e-09	3.437338e+01	6.166977e+02
1.200000e-06	5.058241e-06	9.515766e-09	3.513889e+01	6.232549e+02
1.210000e-06	5.166794e-06	9.609093e-09	3.589299e+01	6.294183e+02
1.220000e-06	5.273444e-06	9.694695e-09	3.663388e+01	6.351912e+02
1.230000e-06	5.378162e-06	9.775769e-09	3.736134e+01	6.406001e+02
1.240000e-06	5.480973e-06	9.855450e-09	3.807555e+01	6.457123e+02
1.250000e-06	5.581827e-06	9.932269e-09	3.877617e+01	6.506254e+02
1.260000e-06	5.680593e-06	1.000468e-08	3.946229e+01	6.554260e+02
1.270000e-06	5.777219e-06	1.007442e-08	4.013353e+01	6.601421e+02
1.280000e-06	5.871831e-06	1.014301e-08	4.079079e+01	6.647219e+02
1.290000e-06	5.964455e-06	1.020756e-08	4.143423e+01	6.690605e+02
1.300000e-06	6.054972e-06	1.026524e-08	4.206304e+01	6.730625e+02
1.310000e-06	6.143266e-06	1.031792e-08	4.267641e+01	6.767055e+02
1.320000e-06	6.229428e-06	1.036862e-08	4.327496e+01	6.800618e+02
1.330000e-06	6.313549e-06	1.042058e-08	4.385934e+01	6.832658e+02
1.340000e-06	6.395479e-06	1.047114e-08	4.442849e+01	6.864422e+02
1.350000e-06	6.475083e-06	1.051986e-08	4.498150e+01	6.896406e+02
1.360000e-06	6.552328e-06	1.056713e-08	4.551811e+01	6.928140e+02
1.370000e-06	6.627033e-06	1.061095e-08	4.603707e+01	6.958505e+02
1.380000e-06	6.699211e-06	1.064970e-08	4.653848e+01	6.986387e+02
1.390000e-06	6.769012e-06	1.068380e-08	4.702338e+01	7.011261e+02
1.400000e-06	6.836465e-06	1.071716e-08	4.749196e+01	7.033409e+02
1.410000e-06	6.901396e-06	1.075089e-08	4.794303e+01	7.053699e+02
1.420000e-06	6.963864e-06	1.078355e-08	4.837698e+01	7.073129e+02
1.430000e-06	7.024063e-06	1.081450e-08	4.879518e+01	7.092378e+02
1.440000e-06	7.081781e-06	1.084296e-08	4.919614e+01	7.111598e+02
1.450000e-06	7.136957e-06	1.086878e-08	4.957944e+01	7.130453e+02
1.460000e-06	7.189423e-06	1.089368e-08	4.994392e+01	7.148351e+02
1.470000e-06	7.238866e-06	1.091665e-08	5.028739e+01	7.164714e+02
1.480000e-06	7.285573e-06	1.093728e-08	5.061185e+01	7.179203e+02
1.490000e-06	7.329846e-06	1.095713e-08	5.091941e+01	7.191838e+02
1.500000e-06	7.371439e-06	1.097682e-08	5.120835e+01	7.202981e+02
1.510000e-06	7.410306e-06	1.099553e-08	5.147836e+01	7.213183e+02
1.520000e-06	7.446753e-06	1.101224e-08	5.173155e+01	7.222940e+02
1.530000e-06	7.480598e-06	1.102615e-08	5.196667e+01	7.232465e+02
1.540000e-06	7.511739e-06	1.103575e-08	5.218300e+01	7.241607e+02
1.550000e-06	7.540354e-06	1.104600e-08	5.238178e+01	7.249966e+02
1.560000e-06	7.566251e-06	1.105798e-08	5.256169e+01	7.257169e+02
1.570000e-06	7.589383e-06	1.106769e-08	5.272238e+01	7.263110e+02
1.580000e-06	7.609980e-06	1.107490e-08	5.286546e+01	7.267993e+02
1.590000e-06	7.628012e-06	1.108274e-08	5.299073e+01	7.272138e+02
1.600000e-06	7.643178e-06	1.109109e-08	5.309609e+01	7.275688e+02
1.610000e-06	7.655370e-06	1.109638e-08	5.318078e+01	7.278461e+02
1.620000e-06	7.664635e-06	1.109637e-08	5.324514e+01	7.280078e+02
1.630000e-06	7.671124e-06	1.109411e-08	5.329023e+01	7.280316e+02
1.640000e-06	7.675008e-06	1.109488e-08	5.331721e+01	7.279397e+02
1.650000e-06	7.676159e-06	1.109738e-08	5.332520e+01	7.277972e+02
1.660000e-06	7.674672e-06	1.110240e-08	5.331487e+01	7.276729e+02
1.670000e-06	7.670784e-06	1.109542e-08	5.328786e+01	7.275881e+02
1.680000e-06	7.664267e-06	1.109082e-08	5.324259e+01	7.274891e+02
1.690000e-06	7.655106e-06	1.108676e-08	5.317895e+01	7.272700e+02
1.700000e-06	7.643361e-06	1.107882e-08	5.309735e+01	7.268346e+02
1.710000e-06	7.628936e-06	1.106713e-08	5.299715e+01	7.261599e+02
1.720000e-06	7.612105e-06	1.105154e-08	5.288023e+01	7.253161e+02
1.730000e-06	7.593070e-06	1.106461e-08	5.274799e+01	7.244269e+02
1.740000e-06	7.571279e-06	1.101448e-08	5.259662e+01	7.235936e+02
1.750000e-06	7.545899e-06	1.099068e-08	5.242030e+01	7.228337e+02
1.760000e-06	7.516892e-06	1.100799e-08	5.221879e+01	7.220745e+02
1.770000e-06	7.485049e-06	1.099269e-08	5.199759e+01	7.212059e+02
1.780000e-06	7.451184e-06	1.094971e-08	5.176233e+01	7.201552e+02
1.790000e-06	7.415646e-06	1.102101e-08	5.151545e+01	7.189340e+02
1.800000e-06	7.378199e-06	1.093869e-08	5.125531e+01	7.176255e+02
1.810000e-06	7.338138e-06	1.087148e-08	5.097701e+01	7.163245e+02
1.820000e-06	7.295479e-06	1.097133e-08	5.068067e+01	7.150723e+02
1.830000e-06	7.250401e-06	1.084415e-08	5.036752e+01	7.138310e+02
1.840000e-06	7.202467e-06	1.088801e-08	5.003453e+01	7.125097e+02
1.850000e-06	7.151784e-06	1.084873e-08	4.968244e+01	7.110195e+02
1.860000e-06	7.098277e-06	1.076598e-08	4.931073e+01	7.093176e+02
1.870000e-06	7.042012e-06	1.082996e-08	4.891987e+01	7.074128e+02
1.880000e-06	6.983413e-06	1.071864e-08	4.851279e+01	7.053361e+02
1.890000e-06	6.922111e-06	1.073939e-08	4.808694e+01	7.031067e+02
1.900000e-06	6.858177e-06	1.068081e-08	4.764279e+01	7.007209e+02
1.910000e-06	6.791830e-06	1.061503e-08	4.718189e+01	6.981706e+02
1.920000e-06	6.722960e-06	1.063091e-08	4.670346e+01	6.954701e+02
1.930000e-06	6.651591e-06	1.052931e-08	4.620767e+01	6.926648e+02
1.940000e-06	6.577642e-06	1.053894e-08	4.569395e+01	6.898087e+02
1.950000e-06	6.501194e-06	1.044149e-08	4.516289e+01	6.869273e+02
1.960000e-06	6.422201e-06	1.043466e-08	4.461413e+01	6.839932e+02
1.970000e-06	6.340850e-06	1.039839e-08	4.404900e+01	6.809376e+02
1.980000e-06	6.257358e-06	1.030385e-08	4.346899e+01	6.776896e+02
1.990000e-06	6.171529e-06	1.028975e-08	4.287274e+01	6.742164e+02
2.000000e-06	6.083480e-06	1.019031e-08	4.226108e+01	6.705373e+02
2.010000e-06	5.993340e-06	1.017820e-08	4.163489e+01	6.667006e+02
2.020000e-06	5.901124e-06	1.009862e-08	4.099428e+01	6.627448e+02
2.030000e-06	5.806726e-06	1.004809e-08	4.033851e+01	6.586723e+02
2.040000e-06	5.710237e-06	9.973632e-09	3.966822e+01	6.544532e+02
2.050000e-06	5.611857e-06	9.892002e-09	3.898478e+01	6.500527e+02
2.060000e-06	5.511474e-06	9.839088e-09	3.828744e+01	6.454564e+02
2.070000e-06	5.409053e-06	9.745649e-09	3.757594e+01	6.406723e+02
2.080000e-06	5.304646e-06	9.691419e-09	3.685063e+01	6.357107e+02
2.090000e-06	5.198399e-06	9.602505e-09	3.611255e+01	6.305600e+02
2.100000e-06	5.090392e-06	9.547473e-09	3.536224e+01	6.251841e+02
2.110000e-06	4.980575e-06	9.454484e-09	3.459936e+01	6.195450e+02
2.120000e-06	4.868934e-06	9.352604e-09	3.382380e+01	6.136330e+02
2.130000e-06	4.755427e-06	9.244796e-09	3.303528e+01	6.074782e+02
2.140000e-06	4.640008e-06	9.145916e-09	3.223349e+01	6.011291e+02
2.150000e-06	4.522742e-06	9.059300e-09	3.141885e+01	5.946115e+02
2.160000e-06	4.403638e-06	8.959705e-09	3.059145e+01	5.878996e+02
2.170000e-06	4.282838e-06	8.863340e-09	2.975227e+01	5.809226e+02
2.180000e-06	4.160572e-06	8.751520e-09	2.890291e+01	5.736065e+02
2.190000e-06	4.036872e-06	8.643328e-09	2.804358e+01	5.659210e+02
2.200000e-06	3.911786e-06	8.513207e-09	2.717463e+01	5.578948e+02
2.210000e-06	3.785245e-06	8.379710e-09	2.629557e+01	5.495879e+02
2.220000e-06	3.657291e-06	8.240390e-09	2.540669e+01	5.410384e+02
2.230000e-06	3.528142e-06	8.110161e-09	2.450951e+01	5.322242e+02
2.240000e-06	3.397873e-06	7.979135e-09	2.360455e+01	5.230697e+02
2.250000e-06	3.266390e-06	7.838569e-09	2.269115e+01	5.134948e+02
2.260000e-06	3.133712e-06	7.686267e-09	2.176946e+01	5.034695e+02
2.270000e-06	2.999939e-06	7.527596e-09	2.084016e+01	4.930332e+02
2.280000e-06	2.865024e-06	7.366821e-09	1.990292e+01	4.822613e+02
2.290000e-06	2.729005e-06	7.197772e-09	1.895801e+01	4.712018e+02
2.300000e-06	2.592061e-06	7.021230e-09	1.800668e+01	4.598259e+02
2.310000e-06	2.454230e-06	6.840054e-09	1.704920e+01	4.480315e+02
2.320000e-06	2.315414e-06	6.654085e-09	1.608485e+01	4.356975e+02
2.330000e-06	2.175691e-06	6.457461e-09	1.511422e+01	4.227528e+02
2.340000e-06	2.035165e-06	6.252322e-09	1.413800e+01	4.092118e+02
2.350000e-06	1.893834e-06	6.036151e-09	1.315620e+01	3.951508e+02
2.360000e-06	1.751850e-06	5.815842e-09	1.216986e+01	3.806408e+02
2.370000e-06	1.609277e-06	5.591303e-09	1.117942e+01	3.656839e+02
2.380000e-06	1.466014e-06	5.359119e-09	1.018420e+01	3.501939e+02
2.390000e-06	1.322141e-06	5.113258e-09	9.184730e+00	3.340364e+02
2.400000e-06	1.177825e-06	4.852534e-09	8.182185e+00	3.170970e+02
2.410000e-06	1.033128e-06	4.577384e-09	7.176997e+00	2.993341e+02
2.420000e-06	8.880373e-07	4.290454e-09	6.169071e+00	2.807815e+02
2.430000e-06	7.426916e-07	3.993133e-09	5.159375e+00	2.615016e+02
2.440000e-06	5.971748e-07	3.687391e-09	4.148490e+00	2.415207e+02
2.450000e-06	4.514835e-07	3.375057e-09	3.136393e+00	2.207887e+02
2.460000e-06	3.056427e-07	3.050029e-09	2.123257e+00	1.991840e+02
2.470000e-06	1.596769e-07	2.709099e-09	1.109253e+00	1.765582e+02
2.480000e-06	1.368161e-08	2.347563e-09	9.504423e-02	1.527896e+02
2.490000e-06	-1.323020e-07	1.965979e-09	-9.190835e-01	1.278163e+02
2.500000e-06	-2.782380e-07	1.565259e-09	-1.932880e+00	1.016351e+02
2.510000e-06	-4.240820e-07	1.146385e-09	-2.946038e+00	7.427676e+01
2.520000e-06	-5.697885e-07	7.100305e-10	-3.958241e+00	4.577807e+01
2.530000e-06	-7.153239e-07	2.589660e-10	-4.969255e+00	1.617259e+01
2.540000e-06	-8.606297e-07	-2.058330e-10	-5.978674e+00	-1.449363e+01
2.550000e-06	-1.005667e-06	-6.851492e-10	-6.986230e+00	-4.612886e+01
2.560000e-06	-1.150351e-06	-1.176810e-09	-7.991329e+00	-7.856142e+01
2.570000e-06	-1.294605e-06	-1.680642e-09	-8.993442e+00	-1.115214e+02
2.580000e-06	-1.438316e-06	-2.190307e-09	-9.991776e+00	-1.446487e+02
2.590000e-06	-1.581406e-06	-2.696746e-09	-1.098581e+01	-1.775280e+02
2.600000e-06	-1.723929e-06	-3.191489e-09	-1.197589e+01	-2.097414e+02
2.610000e-06	-1.865773e-06	-3.667033e-09	-1.296126e+01	-2.409226e+02
2.620000e-06	-2.006863e-06	-4.121697e-09	-1.394140e+01	-2.707936e+02
2.630000e-06	-2.147191e-06	-4.556222e-09	-1.491623e+01	-2.991750e+02
2.640000e-06	-2.286687e-06	-4.967997e-09	-1.588530e+01	-3.259695e+02
2.650000e-06	-2.425259e-06	-5.354601e-09	-1.684794e+01	-3.511339e+02
2.660000e-06	-2.562935e-06	-5.713654e-09	-1.780435e+01	-3.746581e+02
2.670000e-06	-2.699762e-06	-6.048038e-09	-1.875487e+01	-3.965620e+02
2.680000e-06	-2.835607e-06	-6.360603e-09	-1.969856e+01	-4.169073e+02
2.690000e-06	-2.970352e-06	-6.650860e-09	-2.063462e+01	-4.358062e+02
2.700000e-06	-3.104071e-06	-6.918847e-09	-2.156355e+01	-4.534114e+02
2.710000e-06	-3.236732e-06	-7.169137e-09	-2.248512e+01	-4.698820e+02
2.720000e-06	-3.368168e-06	-7.408295e-09	-2.339819e+01	-4.853422e+02
2.730000e-06	-3.498359e-06	-7.635896e-09	-2.430261e+01	-4.998555e+02
2.740000e-06	-3.627410e-06	-7.844580e-09	-2.519911e+01	-5.134329e+02
2.750000e-06	-3.755254e-06	-8.034678e-09	-2.608723e+01	-5.260716e+02
2.760000e-06	-3.881721e-06	-8.214100e-09	-2.696577e+01	-5.377993e+02
2.770000e-06	-4.006781e-06	-8.384247e-09	-2.783455e+01	-5.486976e+02
2.780000e-06	-4.130420e-06	-8.541876e-09	-2.869345e+01	-5.588888e+02
2.790000e-06	-4.252618e-06	-8.685698e-09	-2.954234e+01	-5.684971e+02
2.800000e-06	-4.373298e-06	-8.822096e-09	-3.038069e+01	-5.776114e+02
2.810000e-06	-4.492353e-06	-8.955355e-09	-3.120775e+01	-5.862713e+02
2.820000e-06	-4.609648e-06	-9.080202e-09	-3.202258e+01	-5.944828e+02
2.830000e-06	-4.725054e-06	-9.194082e-09	-3.282429e+01	-6.022461e+02
2.840000e-06	-4.838483e-06	-9.302838e-09	-3.361226e+01	-6.095734e+02
2.850000e-06	-4.949941e-06	-9.409205e-09	-3.438655e+01	-6.164864e+02
2.860000e-06	-5.059593e-06	-9.509806e-09	-3.514828e+01	-6.230015e+02
2.870000e-06	-5.167520e-06	-9.601121e-09	-3.589804e+01	-6.291229e+02
2.880000e-06	-5.273713e-06	-9.684639e-09	-3.663575e+01	-6.348551e+02
2.890000e-06	-5.378120e-06	-9.764953e-09	-3.736104e+01	-6.402284e+02
2.900000e-06	-5.480593e-06	-9.846244e-09	-3.807291e+01	-6.453146e+02
2.910000e-06	-5.581073e-06	-9.926708e-09	-3.877093e+01	-6.502123e+02
2.920000e-06	-5.679564e-06	-1.000105e-08	-3.945513e+01	-6.550041e+02
2.930000e-06	-5.776114e-06	-1.006937e-08	-4.012585e+01	-6.597095e+02
2.940000e-06	-5.870654e-06	-1.013815e-08	-4.078261e+01	-6.642691e+02
2.950000e-06	-5.963045e-06	-1.020819e-08	-4.142444e+01	-6.685755e+02
2.960000e-06	-6.053312e-06	-1.027102e-08	-4.205151e+01	-6.725386e+02
2.970000e-06	-6.141525e-06	-1.032408e-08	-4.266432e+01	-6.761460e+02
2.980000e-06	-6.227509e-06	-1.037305e-08	-4.326163e+01	-6.794793e+02
2.990000e-06	-6.311205e-06	-1.042293e-08	-4.384306e+01	-6.826754e+02
3.000000e-06	-6.392798e-06	-1.047564e-08	-4.440988e+01	-6.858536e+02
3.010000e-06	-6.472176e-06	-1.052631e-08	-4.496130e+01	-6.890534e+02
3.020000e-06	-6.548996e-06	-1.057135e-08	-4.549496e+01	-6.922182e+02
3.030000e-06	-6.623231e-06	-1.061775e-08	-4.601066e+01	-6.952329e+02
3.040000e-06	-6.695130e-06	-1.066447e-08	-4.651013e+01	-6.979902e+02
3.050000e-06	-6.764634e-06	-1.070411e-08	-4.699296e+01	-7.004459e+02
3.060000e-06	-6.831680e-06	-1.073290e-08	-4.745872e+01	-7.026361e+02
3.070000e-06	-6.896363e-06	-1.075798e-08	-4.790807e+01	-7.046516e+02
3.080000e-06	-6.958596e-06	-1.078678e-08	-4.834039e+01	-7.065904e+02
3.090000e-06	-7.018287e-06	-1.082045e-08	-4.875506e+01	-7.085154e+02
3.100000e-06	-7.075477e-06	-1.085107e-08	-4.915235e+01	-7.104359e+02
3.110000e-06	-7.130140e-06	-1.087819e-08	-4.953208e+01	-7.123144e+02
3.120000e-06	-7.182023e-06	-1.090602e-08	-4.989251e+01	-7.140904e+02
3.130000e-06	-7.230874e-06	-1.093478e-08	-5.023187e+01	-7.157078e+02
3.140000e-06	-7.276937e-06	-1.095866e-08	-5.055186e+01	-7.171363e+02
3.150000e-06	-7.320675e-06	-1.097321e-08	-5.085570e+01	-7.183817e+02
3.160000e-06	-7.362085e-06	-1.098445e-08	-5.114337e+01	-7.194833e+02
3.170000e-06	-7.401007e-06	-1.099939e-08	-5.141376e+01	-7.204969e+02
3.180000e-06	-7.437328e-06	-1.101824e-08	-5.166607e+01	-7.214698e+02
3.190000e-06	-7.471013e-06	-1.103540e-08	-5.190008e+01	-7.224198e+02
3.200000e-06	-7.502036e-06	-1.104911e-08	-5.211559e+01	-7.233278e+02
3.210000e-06	-7.530331e-06	-1.106127e-08	-5.231215e+01	-7.241530e+02
3.220000e-06	-7.555975e-06	-1.107429e-08	-5.249030e+01	-7.248598e+02
3.230000e-06	-7.579006e-06	-1.108428e-08	-5.265029e+01	-7.254414e+02
3.240000e-06	-7.599298e-06	-1.109017e-08	-5.279126e+01	-7.259205e+02
3.250000e-06	-7.616926e-06	-1.109284e-08	-5.291372e+01	-7.263287e+02
3.260000e-06	-7.631882e-06	-1.109836e-08	-5.301762e+01	-7.266770e+02
3.270000e-06	-7.643847e-06	-1.110386e-08	-5.310074e+01	-7.269438e+02
3.280000e-06	-7.652946e-06	-1.110559e-08	-5.316395e+01	-7.270914e+02
3.290000e-06	-7.659352e-06	-1.110440e-08	-5.320844e+01	-7.271010e+02
3.300000e-06	-7.663057e-06	-1.110348e-08	-5.323418e+01	-7.270002e+02
3.310000e-06	-7.664142e-06	-1.110190e-08	-5.324172e+01	-7.268569e+02
