# Temperatura_=_20.0
# Concentracion g/m^3_=_10000.0
# C_Vs_to_Am_M_A/Vsm_=_65563218390.804596
# pendiente_HvsI_1/m_=_3716.3
# ordenada_HvsI_A/m_=_1297.0
# frecuencia_Hz_=_301361.6464265285

Tiempo_(s)	Campo_(V.s)	Magnetizacion_(V.s)	Campo_(kA/m)	Magnetizacion_(A/m)
0.000000e+00	-7.631407e-06	-1.108127e-08	-5.323131e+01	-7.252791e+02
1.000000e-08	-7.627253e-06	-1.107618e-08	-5.320233e+01	-7.251932e+02
2.000000e-08	-7.620720e-06	-1.106925e-08	-5.315676e+01	-7.250763e+02
3.000000e-08	-7.611725e-06	-1.106641e-08	-5.309402e+01	-7.248283e+02
4.000000e-08	-7.600035e-06	-1.106175e-08	-5.301248e+01	-7.243675e+02
5.000000e-08	-7.585433e-06	-1.105193e-08	-5.291063e+01	-7.236892e+02
6.000000e-08	-7.568069e-06	-1.103009e-08	-5.278951e+01	-7.228770e+02
7.000000e-08	-7.548498e-06	-1.101058e-08	-5.265299e+01	-7.220557e+02
8.000000e-08	-7.526531e-06	-1.105329e-08	-5.249976e+01	-7.213123e+02
9.000000e-08	-7.501483e-06	-1.105708e-08	-5.232505e+01	-7.206371e+02
1.000000e-07	-7.473326e-06	-1.100202e-08	-5.212865e+01	-7.199268e+02
1.100000e-07	-7.442529e-06	-1.097906e-08	-5.191383e+01	-7.190486e+02
1.200000e-07	-7.409143e-06	-1.097753e-08	-5.168095e+01	-7.179258e+02
1.300000e-07	-7.373370e-06	-1.091626e-08	-5.143142e+01	-7.165903e+02
1.400000e-07	-7.335647e-06	-1.088254e-08	-5.116830e+01	-7.151661e+02
1.500000e-07	-7.295635e-06	-1.094909e-08	-5.088920e+01	-7.137958e+02
1.600000e-07	-7.252914e-06	-1.083944e-08	-5.059121e+01	-7.125544e+02
1.700000e-07	-7.207733e-06	-1.084306e-08	-5.027605e+01	-7.114034e+02
1.800000e-07	-7.159949e-06	-1.089249e-08	-4.994275e+01	-7.102093e+02
1.900000e-07	-7.109242e-06	-1.080950e-08	-4.958905e+01	-7.088130e+02
2.000000e-07	-7.055769e-06	-1.080572e-08	-4.921606e+01	-7.071065e+02
2.100000e-07	-6.999712e-06	-1.073796e-08	-4.882505e+01	-7.050771e+02
2.200000e-07	-6.941118e-06	-1.071398e-08	-4.841634e+01	-7.027987e+02
2.300000e-07	-6.879942e-06	-1.069296e-08	-4.798962e+01	-7.003848e+02
2.400000e-07	-6.816314e-06	-1.064189e-08	-4.754579e+01	-6.979314e+02
2.500000e-07	-6.750173e-06	-1.062775e-08	-4.708444e+01	-6.954793e+02
2.600000e-07	-6.681430e-06	-1.058040e-08	-4.660494e+01	-6.930066e+02
2.700000e-07	-6.610298e-06	-1.055110e-08	-4.610877e+01	-6.904485e+02
2.800000e-07	-6.536725e-06	-1.050072e-08	-4.559558e+01	-6.877315e+02
2.900000e-07	-6.460551e-06	-1.045073e-08	-4.506424e+01	-6.848051e+02
3.000000e-07	-6.381652e-06	-1.039379e-08	-4.451390e+01	-6.816626e+02
3.100000e-07	-6.300261e-06	-1.033419e-08	-4.394617e+01	-6.783414e+02
3.200000e-07	-6.216811e-06	-1.032102e-08	-4.336408e+01	-6.749037e+02
3.300000e-07	-6.131410e-06	-1.025816e-08	-4.276839e+01	-6.714018e+02
3.400000e-07	-6.043999e-06	-1.020015e-08	-4.215867e+01	-6.678458e+02
3.500000e-07	-5.954417e-06	-1.013918e-08	-4.153381e+01	-6.641902e+02
3.600000e-07	-5.862659e-06	-1.007465e-08	-4.089377e+01	-6.603529e+02
3.700000e-07	-5.768807e-06	-1.001159e-08	-4.023912e+01	-6.562584e+02
3.800000e-07	-5.672904e-06	-9.940472e-09	-3.957017e+01	-6.518834e+02
3.900000e-07	-5.574911e-06	-9.882232e-09	-3.888665e+01	-6.472745e+02
4.000000e-07	-5.474911e-06	-9.811275e-09	-3.818911e+01	-6.425229e+02
4.100000e-07	-5.373011e-06	-9.750121e-09	-3.747833e+01	-6.377080e+02
4.200000e-07	-5.269170e-06	-9.667338e-09	-3.675401e+01	-6.328432e+02
4.300000e-07	-5.163418e-06	-9.578495e-09	-3.601636e+01	-6.278583e+02
4.400000e-07	-5.055781e-06	-9.488968e-09	-3.526556e+01	-6.226334e+02
4.500000e-07	-4.946284e-06	-9.405667e-09	-3.450178e+01	-6.170632e+02
4.600000e-07	-4.835031e-06	-9.328150e-09	-3.372576e+01	-6.111134e+02
4.700000e-07	-4.722010e-06	-9.236887e-09	-3.293741e+01	-6.048335e+02
4.800000e-07	-4.607118e-06	-9.139890e-09	-3.213600e+01	-5.983187e+02
4.900000e-07	-4.490367e-06	-9.033136e-09	-3.132163e+01	-5.916481e+02
5.000000e-07	-4.371884e-06	-8.929307e-09	-3.049517e+01	-5.848377e+02
5.100000e-07	-4.251852e-06	-8.813580e-09	-2.965792e+01	-5.778362e+02
5.200000e-07	-4.130331e-06	-8.692623e-09	-2.881027e+01	-5.705609e+02
5.300000e-07	-4.007321e-06	-8.573182e-09	-2.795224e+01	-5.629462e+02
5.400000e-07	-3.882882e-06	-8.460395e-09	-2.708424e+01	-5.549701e+02
5.500000e-07	-3.757102e-06	-8.343833e-09	-2.620689e+01	-5.466471e+02
5.600000e-07	-3.630004e-06	-8.208130e-09	-2.532035e+01	-5.379982e+02
5.700000e-07	-3.501573e-06	-8.065218e-09	-2.442450e+01	-5.290263e+02
5.800000e-07	-3.371858e-06	-7.919624e-09	-2.351970e+01	-5.197138e+02
5.900000e-07	-3.240972e-06	-7.776115e-09	-2.260673e+01	-5.100425e+02
6.000000e-07	-3.108925e-06	-7.622104e-09	-2.168566e+01	-5.000129e+02
6.100000e-07	-2.975750e-06	-7.460071e-09	-2.075673e+01	-4.896439e+02
6.200000e-07	-2.841544e-06	-7.294269e-09	-1.982060e+01	-4.789493e+02
6.300000e-07	-2.706336e-06	-7.125070e-09	-1.887749e+01	-4.679085e+02
6.400000e-07	-2.570089e-06	-6.949926e-09	-1.792713e+01	-4.564569e+02
6.500000e-07	-2.432838e-06	-6.763879e-09	-1.696976e+01	-4.445086e+02
6.600000e-07	-2.294713e-06	-6.570618e-09	-1.600630e+01	-4.319992e+02
6.700000e-07	-2.155700e-06	-6.373381e-09	-1.503664e+01	-4.189202e+02
6.800000e-07	-2.015739e-06	-6.172536e-09	-1.406037e+01	-4.053204e+02
6.900000e-07	-1.874888e-06	-5.959972e-09	-1.307789e+01	-3.912671e+02
7.000000e-07	-1.733277e-06	-5.738123e-09	-1.209011e+01	-3.767933e+02
7.100000e-07	-1.590973e-06	-5.505042e-09	-1.109751e+01	-3.618605e+02
7.200000e-07	-1.448040e-06	-5.263987e-09	-1.010050e+01	-3.463632e+02
7.300000e-07	-1.304542e-06	-5.016549e-09	-9.099563e+00	-3.301715e+02
7.400000e-07	-1.160595e-06	-4.756082e-09	-8.095489e+00	-3.131872e+02
7.500000e-07	-1.016289e-06	-4.485637e-09	-7.088911e+00	-2.953790e+02
7.600000e-07	-8.716020e-07	-4.204962e-09	-6.079680e+00	-2.767780e+02
7.700000e-07	-7.265961e-07	-3.912897e-09	-5.068221e+00	-2.574380e+02
7.800000e-07	-5.813943e-07	-3.607932e-09	-4.055396e+00	-2.373833e+02
7.900000e-07	-4.359767e-07	-3.289541e-09	-3.041066e+00	-2.165744e+02
8.000000e-07	-2.903288e-07	-2.955579e-09	-2.025129e+00	-1.949070e+02
8.100000e-07	-1.445777e-07	-2.605146e-09	-1.008472e+00	-1.722426e+02
8.200000e-07	1.232985e-09	-2.236676e-09	8.600433e-03	-1.484534e+02
8.300000e-07	1.470685e-07	-1.852675e-09	1.025846e+00	-1.234591e+02
8.400000e-07	2.928246e-07	-1.454778e-09	2.042537e+00	-9.723978e+01
8.500000e-07	4.383826e-07	-1.038776e-09	3.057848e+00	-6.982447e+01
8.600000e-07	5.837217e-07	-6.038263e-10	4.071631e+00	-4.126551e+01
8.700000e-07	7.287909e-07	-1.503847e-10	5.083530e+00	-1.161790e+01
8.800000e-07	8.735975e-07	3.188879e-10	6.093600e+00	1.906093e+01
8.900000e-07	1.018185e-06	8.044875e-10	7.102137e+00	5.068579e+01
9.000000e-07	1.162431e-06	1.301532e-09	8.108297e+00	8.310282e+01
9.100000e-07	1.306220e-06	1.804138e-09	9.111268e+00	1.160546e+02
9.200000e-07	1.449486e-06	2.307720e-09	1.011059e+01	1.491740e+02
9.300000e-07	1.592173e-06	2.807823e-09	1.110587e+01	1.820194e+02
9.400000e-07	1.734271e-06	3.297526e-09	1.209705e+01	2.141414e+02
9.500000e-07	1.875784e-06	3.768854e-09	1.308415e+01	2.451566e+02
9.600000e-07	2.016434e-06	4.219244e-09	1.406522e+01	2.747963e+02
9.700000e-07	2.156111e-06	4.646262e-09	1.503951e+01	3.029123e+02
9.800000e-07	2.294962e-06	5.049361e-09	1.600803e+01	3.294449e+02
9.900000e-07	2.433049e-06	5.425497e-09	1.697123e+01	3.543768e+02
1.000000e-06	2.570244e-06	5.777674e-09	1.792821e+01	3.777047e+02
1.010000e-06	2.706392e-06	6.107251e-09	1.887788e+01	3.994395e+02
1.020000e-06	2.841506e-06	6.415072e-09	1.982034e+01	4.196295e+02
1.030000e-06	2.975620e-06	6.700779e-09	2.075583e+01	4.383780e+02
1.040000e-06	3.108730e-06	6.965007e-09	2.168430e+01	4.558365e+02
1.050000e-06	3.240614e-06	7.212192e-09	2.260423e+01	4.721671e+02
1.060000e-06	3.371288e-06	7.445170e-09	2.351573e+01	4.874967e+02
1.070000e-06	3.500899e-06	7.661036e-09	2.441980e+01	5.018894e+02
1.080000e-06	3.629267e-06	7.863412e-09	2.531520e+01	5.153569e+02
1.090000e-06	3.756252e-06	8.054950e-09	2.620096e+01	5.278979e+02
1.100000e-06	3.881994e-06	8.232825e-09	2.707805e+01	5.395431e+02
1.110000e-06	4.006461e-06	8.396525e-09	2.794624e+01	5.503762e+02
1.120000e-06	4.129449e-06	8.547719e-09	2.880412e+01	5.605194e+02
1.130000e-06	4.251008e-06	8.692372e-09	2.965203e+01	5.700947e+02
1.140000e-06	4.371069e-06	8.832893e-09	3.048949e+01	5.791876e+02
1.150000e-06	4.489470e-06	8.969094e-09	3.131537e+01	5.878324e+02
1.160000e-06	4.606101e-06	9.096218e-09	3.212891e+01	5.960259e+02
1.170000e-06	4.720863e-06	9.215396e-09	3.292941e+01	6.037550e+02
1.180000e-06	4.833823e-06	9.327058e-09	3.371734e+01	6.110193e+02
1.190000e-06	4.945029e-06	9.431185e-09	3.449303e+01	6.178395e+02
1.200000e-06	5.054555e-06	9.527769e-09	3.525701e+01	6.242511e+02
1.210000e-06	5.162321e-06	9.618424e-09	3.600871e+01	6.302956e+02
1.220000e-06	5.268257e-06	9.705282e-09	3.674764e+01	6.360168e+02
1.230000e-06	5.372268e-06	9.790791e-09	3.747315e+01	6.414601e+02
1.240000e-06	5.474322e-06	9.872806e-09	3.818501e+01	6.466694e+02
1.250000e-06	5.574430e-06	9.949221e-09	3.888329e+01	6.516769e+02
1.260000e-06	5.672487e-06	1.002025e-08	3.956726e+01	6.564921e+02
1.270000e-06	5.768420e-06	1.008746e-08	4.023642e+01	6.610975e+02
1.280000e-06	5.862290e-06	1.015169e-08	4.089119e+01	6.654608e+02
1.290000e-06	5.954150e-06	1.021264e-08	4.153195e+01	6.695583e+02
1.300000e-06	6.043889e-06	1.027137e-08	4.215790e+01	6.733955e+02
1.310000e-06	6.131472e-06	1.032786e-08	4.276882e+01	6.770118e+02
1.320000e-06	6.217004e-06	1.038392e-08	4.336543e+01	6.804629e+02
1.330000e-06	6.300486e-06	1.043740e-08	4.394774e+01	6.837946e+02
1.340000e-06	6.381711e-06	1.048612e-08	4.451431e+01	6.870219e+02
1.350000e-06	6.460601e-06	1.052949e-08	4.506459e+01	6.901291e+02
1.360000e-06	6.537063e-06	1.056984e-08	4.559794e+01	6.930861e+02
1.370000e-06	6.611059e-06	1.060924e-08	4.611408e+01	6.958690e+02
1.380000e-06	6.682616e-06	1.064723e-08	4.661321e+01	6.984710e+02
1.390000e-06	6.751865e-06	1.068341e-08	4.709624e+01	7.008983e+02
1.400000e-06	6.818695e-06	1.071982e-08	4.756240e+01	7.031610e+02
1.410000e-06	6.882940e-06	1.075505e-08	4.801053e+01	7.052684e+02
1.420000e-06	6.944848e-06	1.078577e-08	4.844235e+01	7.072348e+02
1.430000e-06	7.004473e-06	1.081297e-08	4.885826e+01	7.090863e+02
1.440000e-06	7.061583e-06	1.083702e-08	4.925662e+01	7.108590e+02
1.450000e-06	7.116127e-06	1.086016e-08	4.963708e+01	7.125822e+02
1.460000e-06	7.167863e-06	1.088317e-08	4.999795e+01	7.142568e+02
1.470000e-06	7.216663e-06	1.090710e-08	5.033835e+01	7.158461e+02
1.480000e-06	7.262855e-06	1.093107e-08	5.066055e+01	7.172918e+02
1.490000e-06	7.306503e-06	1.095399e-08	5.096500e+01	7.185477e+02
1.500000e-06	7.347483e-06	1.097451e-08	5.125085e+01	7.196125e+02
1.510000e-06	7.385897e-06	1.099055e-08	5.151880e+01	7.205354e+02
1.520000e-06	7.421860e-06	1.100252e-08	5.176965e+01	7.213901e+02
1.530000e-06	7.455183e-06	1.101121e-08	5.200209e+01	7.222319e+02
1.540000e-06	7.485822e-06	1.101860e-08	5.221581e+01	7.230674e+02
1.550000e-06	7.513923e-06	1.102853e-08	5.241182e+01	7.238566e+02
1.560000e-06	7.539309e-06	1.103924e-08	5.258889e+01	7.245458e+02
1.570000e-06	7.561924e-06	1.104725e-08	5.274664e+01	7.251055e+02
1.580000e-06	7.582011e-06	1.105497e-08	5.288675e+01	7.255457e+02
1.590000e-06	7.599472e-06	1.106316e-08	5.300855e+01	7.258998e+02
1.600000e-06	7.614123e-06	1.106967e-08	5.311075e+01	7.261913e+02
1.610000e-06	7.625847e-06	1.107159e-08	5.319252e+01	7.264128e+02
1.620000e-06	7.634636e-06	1.106849e-08	5.325383e+01	7.265352e+02
1.630000e-06	7.640717e-06	1.106692e-08	5.329624e+01	7.265410e+02
1.640000e-06	7.644155e-06	1.106993e-08	5.332023e+01	7.264520e+02
1.650000e-06	7.644868e-06	1.107428e-08	5.332520e+01	7.263260e+02
1.660000e-06	7.643025e-06	1.106759e-08	5.331234e+01	7.262177e+02
1.670000e-06	7.638774e-06	1.106155e-08	5.328269e+01	7.261322e+02
1.680000e-06	7.631916e-06	1.106054e-08	5.323486e+01	7.260062e+02
1.690000e-06	7.622483e-06	1.105764e-08	5.316906e+01	7.257381e+02
1.700000e-06	7.610452e-06	1.105093e-08	5.308514e+01	7.252525e+02
1.710000e-06	7.595737e-06	1.104659e-08	5.298250e+01	7.245544e+02
1.720000e-06	7.578626e-06	1.105701e-08	5.286314e+01	7.237351e+02
1.730000e-06	7.559293e-06	1.100859e-08	5.272829e+01	7.229192e+02
1.740000e-06	7.537108e-06	1.095232e-08	5.257354e+01	7.221853e+02
1.750000e-06	7.511261e-06	1.097314e-08	5.239325e+01	7.215124e+02
1.760000e-06	7.481847e-06	1.097004e-08	5.218808e+01	7.207900e+02
1.770000e-06	7.449774e-06	1.094408e-08	5.196436e+01	7.198874e+02
1.780000e-06	7.415780e-06	1.100244e-08	5.172724e+01	7.187382e+02
1.790000e-06	7.380162e-06	1.095247e-08	5.147880e+01	7.173860e+02
1.800000e-06	7.342588e-06	1.086020e-08	5.121671e+01	7.159612e+02
1.810000e-06	7.302247e-06	1.094923e-08	5.093532e+01	7.146028e+02
1.820000e-06	7.259408e-06	1.085815e-08	5.063651e+01	7.133749e+02
1.830000e-06	7.214170e-06	1.085724e-08	5.032096e+01	7.122266e+02
1.840000e-06	7.166026e-06	1.085876e-08	4.998514e+01	7.110180e+02
1.850000e-06	7.115213e-06	1.073774e-08	4.963070e+01	7.095920e+02
1.860000e-06	7.061535e-06	1.083820e-08	4.925628e+01	7.078496e+02
1.870000e-06	7.005132e-06	1.075997e-08	4.886285e+01	7.057887e+02
1.880000e-06	6.946359e-06	1.073175e-08	4.845289e+01	7.034901e+02
1.890000e-06	6.884825e-06	1.071129e-08	4.802368e+01	7.010679e+02
1.900000e-06	6.820781e-06	1.060850e-08	4.757695e+01	6.986137e+02
1.910000e-06	6.754352e-06	1.064100e-08	4.711359e+01	6.961613e+02
1.920000e-06	6.685380e-06	1.054656e-08	4.663249e+01	6.936829e+02
1.930000e-06	6.613847e-06	1.053148e-08	4.613352e+01	6.911110e+02
1.940000e-06	6.539775e-06	1.047882e-08	4.561685e+01	6.883731e+02
1.950000e-06	6.463257e-06	1.045212e-08	4.508312e+01	6.854229e+02
1.960000e-06	6.384155e-06	1.045731e-08	4.453136e+01	6.822586e+02
1.970000e-06	6.302758e-06	1.032746e-08	4.396359e+01	6.789217e+02
1.980000e-06	6.219234e-06	1.029981e-08	4.338098e+01	6.754750e+02
1.990000e-06	6.133423e-06	1.020718e-08	4.278242e+01	6.719677e+02
2.000000e-06	6.045420e-06	1.018740e-08	4.216858e+01	6.684039e+02
2.010000e-06	5.955292e-06	1.013788e-08	4.153991e+01	6.647330e+02
2.020000e-06	5.863133e-06	1.006616e-08	4.089707e+01	6.608709e+02
2.030000e-06	5.768854e-06	1.002357e-08	4.023945e+01	6.567461e+02
2.040000e-06	5.672461e-06	9.936260e-09	3.956708e+01	6.523426e+02
2.050000e-06	5.574178e-06	9.894659e-09	3.888153e+01	6.477136e+02
2.060000e-06	5.473957e-06	9.782404e-09	3.818246e+01	6.429521e+02
2.070000e-06	5.371618e-06	9.711256e-09	3.746861e+01	6.381326e+02
2.080000e-06	5.267293e-06	9.634254e-09	3.674091e+01	6.332594e+02
2.090000e-06	5.161154e-06	9.578593e-09	3.600057e+01	6.282547e+02
2.100000e-06	5.053291e-06	9.513868e-09	3.524819e+01	6.229968e+02
2.110000e-06	4.943703e-06	9.407516e-09	3.448378e+01	6.173859e+02
2.120000e-06	4.832302e-06	9.313134e-09	3.370673e+01	6.113970e+02
2.130000e-06	4.719123e-06	9.207912e-09	3.291727e+01	6.050869e+02
2.140000e-06	4.604039e-06	9.122706e-09	3.211452e+01	5.985523e+02
2.150000e-06	4.487034e-06	9.016290e-09	3.129838e+01	5.918672e+02
2.160000e-06	4.368211e-06	8.911900e-09	3.046955e+01	5.850396e+02
2.170000e-06	4.247700e-06	8.808448e-09	2.962896e+01	5.780126e+02
2.180000e-06	4.125676e-06	8.708357e-09	2.877780e+01	5.707033e+02
2.190000e-06	4.002250e-06	8.596524e-09	2.791687e+01	5.630500e+02
2.200000e-06	3.877429e-06	8.462072e-09	2.704621e+01	5.550355e+02
2.210000e-06	3.751225e-06	8.325071e-09	2.616590e+01	5.466765e+02
2.220000e-06	3.623661e-06	8.197662e-09	2.527610e+01	5.379932e+02
2.230000e-06	3.494746e-06	8.070669e-09	2.437688e+01	5.289857e+02
2.240000e-06	3.364618e-06	7.928626e-09	2.346920e+01	5.196354e+02
2.250000e-06	3.233380e-06	7.774211e-09	2.255377e+01	5.099251e+02
2.260000e-06	3.101036e-06	7.620691e-09	2.163064e+01	4.998578e+02
2.270000e-06	2.967538e-06	7.471290e-09	2.069945e+01	4.894535e+02
2.280000e-06	2.833017e-06	7.312906e-09	1.976113e+01	4.787235e+02
2.290000e-06	2.697440e-06	7.139018e-09	1.881543e+01	4.676423e+02
2.300000e-06	2.560822e-06	6.958857e-09	1.786248e+01	4.561415e+02
2.310000e-06	2.423378e-06	6.783299e-09	1.690377e+01	4.441353e+02
2.320000e-06	2.285092e-06	6.596896e-09	1.593919e+01	4.315639e+02
2.330000e-06	2.145947e-06	6.393566e-09	1.496861e+01	4.184259e+02
2.340000e-06	2.005989e-06	6.175810e-09	1.399236e+01	4.047742e+02
2.350000e-06	1.865209e-06	5.959719e-09	1.301038e+01	3.906753e+02
2.360000e-06	1.723661e-06	5.746415e-09	1.202304e+01	3.761554e+02
2.370000e-06	1.581530e-06	5.523045e-09	1.103164e+01	3.611679e+02
2.380000e-06	1.438871e-06	5.284830e-09	1.003655e+01	3.456021e+02
2.390000e-06	1.295631e-06	5.034911e-09	9.037409e+00	3.293291e+02
2.400000e-06	1.151848e-06	4.778715e-09	8.034477e+00	3.122566e+02
2.410000e-06	1.007603e-06	4.507574e-09	7.028329e+00	2.943610e+02
2.420000e-06	8.629676e-07	4.216781e-09	6.019452e+00	2.756782e+02
2.430000e-06	7.180251e-07	3.910880e-09	5.008436e+00	2.562612e+02
2.440000e-06	5.728939e-07	3.603105e-09	3.996103e+00	2.361287e+02
2.450000e-06	4.276343e-07	3.294409e-09	2.982875e+00	2.152337e+02
2.460000e-06	2.822313e-07	2.969360e-09	1.968646e+00	1.934662e+02
2.470000e-06	1.366990e-07	2.623408e-09	9.535160e-01	1.706866e+02
2.480000e-06	-8.865307e-09	2.257250e-09	-6.183812e-02	1.467709e+02
2.490000e-06	-1.543880e-07	1.876674e-09	-1.076902e+00	1.216451e+02
2.500000e-06	-2.998379e-07	1.478088e-09	-2.091458e+00	9.529550e+01
2.510000e-06	-4.452395e-07	1.054734e-09	-3.105676e+00	6.775485e+01
2.520000e-06	-5.904976e-07	6.106589e-10	-4.118894e+00	3.907652e+01
2.530000e-06	-7.355235e-07	1.567901e-10	-5.130492e+00	9.315334e+00
2.540000e-06	-8.803522e-07	-3.044758e-10	-6.140715e+00	-2.146992e+01
2.550000e-06	-1.024828e-06	-7.821922e-10	-7.148475e+00	-5.318876e+01
2.560000e-06	-1.168878e-06	-1.277989e-09	-8.153266e+00	-8.567756e+01
2.570000e-06	-1.312415e-06	-1.786378e-09	-9.154481e+00	-1.186667e+02
2.580000e-06	-1.455297e-06	-2.292754e-09	-1.015113e+01	-1.517789e+02
2.590000e-06	-1.597644e-06	-2.792443e-09	-1.114404e+01	-1.845678e+02
2.600000e-06	-1.739531e-06	-3.284276e-09	-1.213374e+01	-2.165880e+02
2.610000e-06	-1.880752e-06	-3.759221e-09	-1.311880e+01	-2.474665e+02
2.620000e-06	-2.021199e-06	-4.208593e-09	-1.409845e+01	-2.769482e+02
2.630000e-06	-2.160822e-06	-4.631692e-09	-1.507237e+01	-3.048965e+02
2.640000e-06	-2.299606e-06	-5.035403e-09	-1.604043e+01	-3.312581e+02
2.650000e-06	-2.437541e-06	-5.418711e-09	-1.700257e+01	-3.560184e+02
2.660000e-06	-2.574615e-06	-5.775185e-09	-1.795869e+01	-3.791747e+02
2.670000e-06	-2.710808e-06	-6.104026e-09	-1.890868e+01	-4.007410e+02
2.680000e-06	-2.845925e-06	-6.410478e-09	-1.985117e+01	-4.207707e+02
2.690000e-06	-2.979984e-06	-6.698872e-09	-2.078626e+01	-4.393734e+02
2.700000e-06	-3.113039e-06	-6.966475e-09	-2.171436e+01	-4.567036e+02
2.710000e-06	-3.245003e-06	-7.212167e-09	-2.263485e+01	-4.729221e+02
2.720000e-06	-3.375738e-06	-7.443697e-09	-2.354677e+01	-4.881494e+02
2.730000e-06	-3.505323e-06	-7.663695e-09	-2.445066e+01	-5.024433e+02
2.740000e-06	-3.633771e-06	-7.869577e-09	-2.534662e+01	-5.158115e+02
2.750000e-06	-3.760859e-06	-8.060399e-09	-2.623310e+01	-5.282543e+02
2.760000e-06	-3.886612e-06	-8.238588e-09	-2.711026e+01	-5.398077e+02
2.770000e-06	-4.011052e-06	-8.405876e-09	-2.797827e+01	-5.505608e+02
2.780000e-06	-4.133988e-06	-8.562043e-09	-2.883578e+01	-5.606378e+02
2.790000e-06	-4.255483e-06	-8.707062e-09	-2.968325e+01	-5.701584e+02
2.800000e-06	-4.375475e-06	-8.843082e-09	-3.052023e+01	-5.792027e+02
2.810000e-06	-4.493668e-06	-8.971736e-09	-3.134466e+01	-5.877998e+02
2.820000e-06	-4.610092e-06	-9.091571e-09	-3.215675e+01	-5.959443e+02
2.830000e-06	-4.724626e-06	-9.205269e-09	-3.295566e+01	-6.036233e+02
2.840000e-06	-4.837152e-06	-9.316231e-09	-3.374055e+01	-6.108389e+02
2.850000e-06	-4.947777e-06	-9.422886e-09	-3.451220e+01	-6.176136e+02
2.860000e-06	-5.056633e-06	-9.520746e-09	-3.527150e+01	-6.239839e+02
2.870000e-06	-5.163828e-06	-9.611508e-09	-3.601922e+01	-6.299918e+02
2.880000e-06	-5.269330e-06	-9.696946e-09	-3.675513e+01	-6.356812e+02
2.890000e-06	-5.372968e-06	-9.778212e-09	-3.747803e+01	-6.410976e+02
2.900000e-06	-5.474656e-06	-9.858064e-09	-3.818733e+01	-6.462841e+02
2.910000e-06	-5.574387e-06	-9.934829e-09	-3.888298e+01	-6.512713e+02
2.920000e-06	-5.672195e-06	-1.000868e-08	-3.956523e+01	-6.560654e+02
2.930000e-06	-5.768036e-06	-1.007980e-08	-4.023375e+01	-6.606466e+02
2.940000e-06	-5.861780e-06	-1.014855e-08	-4.088764e+01	-6.649823e+02
2.950000e-06	-5.953425e-06	-1.021267e-08	-4.152689e+01	-6.690511e+02
2.960000e-06	-6.043087e-06	-1.026924e-08	-4.215231e+01	-6.728624e+02
2.970000e-06	-6.130636e-06	-1.032208e-08	-4.276299e+01	-6.764584e+02
2.980000e-06	-6.215910e-06	-1.037405e-08	-4.335780e+01	-6.798952e+02
2.990000e-06	-6.299017e-06	-1.042528e-08	-4.393749e+01	-6.832157e+02
3.000000e-06	-6.380014e-06	-1.047558e-08	-4.450247e+01	-6.864315e+02
3.010000e-06	-6.458708e-06	-1.052344e-08	-4.505139e+01	-6.895242e+02
3.020000e-06	-6.534773e-06	-1.057066e-08	-4.558196e+01	-6.924635e+02
3.030000e-06	-6.608372e-06	-1.061749e-08	-4.609534e+01	-6.952272e+02
3.040000e-06	-6.679668e-06	-1.065911e-08	-4.659264e+01	-6.978102e+02
3.050000e-06	-6.748498e-06	-1.069383e-08	-4.707276e+01	-7.002195e+02
3.060000e-06	-6.814867e-06	-1.072456e-08	-4.753570e+01	-7.024652e+02
3.070000e-06	-6.878885e-06	-1.075343e-08	-4.798225e+01	-7.045569e+02
3.080000e-06	-6.940443e-06	-1.078334e-08	-4.841163e+01	-7.065096e+02
3.090000e-06	-6.999444e-06	-1.081359e-08	-4.882318e+01	-7.083510e+02
3.100000e-06	-7.055998e-06	-1.084188e-08	-4.921766e+01	-7.101175e+02
3.110000e-06	-7.110000e-06	-1.086981e-08	-4.959434e+01	-7.118363e+02
3.120000e-06	-7.161176e-06	-1.089718e-08	-4.995131e+01	-7.135042e+02
3.130000e-06	-7.209296e-06	-1.092213e-08	-5.028695e+01	-7.150812e+02
3.140000e-06	-7.254713e-06	-1.094110e-08	-5.060375e+01	-7.165083e+02
3.150000e-06	-7.297918e-06	-1.095385e-08	-5.090512e+01	-7.177430e+02
3.160000e-06	-7.338784e-06	-1.096663e-08	-5.119018e+01	-7.187896e+02
3.170000e-06	-7.377094e-06	-1.098195e-08	-5.145740e+01	-7.197018e+02
3.180000e-06	-7.412823e-06	-1.099705e-08	-5.170662e+01	-7.205533e+02
3.190000e-06	-7.445985e-06	-1.101087e-08	-5.193793e+01	-7.213952e+02
3.200000e-06	-7.476432e-06	-1.102561e-08	-5.215031e+01	-7.222283e+02
3.210000e-06	-7.504114e-06	-1.104065e-08	-5.234340e+01	-7.230094e+02
3.220000e-06	-7.529236e-06	-1.105317e-08	-5.251864e+01	-7.236856e+02
3.230000e-06	-7.551781e-06	-1.106148e-08	-5.267589e+01	-7.242315e+02
3.240000e-06	-7.571596e-06	-1.106481e-08	-5.281411e+01	-7.246609e+02
3.250000e-06	-7.588823e-06	-1.106784e-08	-5.293427e+01	-7.250078e+02
3.260000e-06	-7.603230e-06	-1.107355e-08	-5.303477e+01	-7.252929e+02
3.270000e-06	-7.614591e-06	-1.107693e-08	-5.311401e+01	-7.255054e+02
3.280000e-06	-7.623237e-06	-1.107605e-08	-5.317432e+01	-7.256158e+02
3.290000e-06	-7.629152e-06	-1.107569e-08	-5.321558e+01	-7.256097e+02
3.300000e-06	-7.632390e-06	-1.107595e-08	-5.323816e+01	-7.255138e+02
3.310000e-06	-7.633129e-06	-1.107698e-08	-5.324332e+01	-7.253877e+02
