# Temperatura_=_20.0
# Concentracion g/m^3_=_10000.0
# C_Vs_to_Am_M_A/Vsm_=_65563218390.804596
# pendiente_HvsI_1/m_=_3716.3
# ordenada_HvsI_A/m_=_1297.0
# frecuencia_Hz_=_301364.68002959277

Tiempo_(s)	Campo_(V.s)	Magnetizacion_(V.s)	Campo_(kA/m)	Magnetizacion_(A/m)
0.000000e+00	-7.623554e-06	-1.112096e-08	-5.322802e+01	-7.275082e+02
1.000000e-08	-7.619647e-06	-1.111616e-08	-5.320075e+01	-7.273403e+02
2.000000e-08	-7.613339e-06	-1.110809e-08	-5.315671e+01	-7.270719e+02
3.000000e-08	-7.604566e-06	-1.110284e-08	-5.309545e+01	-7.266840e+02
4.000000e-08	-7.593170e-06	-1.109852e-08	-5.301588e+01	-7.261832e+02
5.000000e-08	-7.579017e-06	-1.109218e-08	-5.291707e+01	-7.256105e+02
6.000000e-08	-7.562053e-06	-1.107592e-08	-5.279863e+01	-7.250208e+02
7.000000e-08	-7.542693e-06	-1.105353e-08	-5.266345e+01	-7.244441e+02
8.000000e-08	-7.521020e-06	-1.107563e-08	-5.251213e+01	-7.238532e+02
9.000000e-08	-7.496411e-06	-1.108685e-08	-5.234031e+01	-7.231675e+02
1.000000e-07	-7.468705e-06	-1.104842e-08	-5.214687e+01	-7.222981e+02
1.100000e-07	-7.438222e-06	-1.102147e-08	-5.193403e+01	-7.212096e+02
1.200000e-07	-7.405086e-06	-1.102223e-08	-5.170267e+01	-7.199560e+02
1.300000e-07	-7.369558e-06	-1.098195e-08	-5.145462e+01	-7.186618e+02
1.400000e-07	-7.332124e-06	-1.092101e-08	-5.119325e+01	-7.174537e+02
1.500000e-07	-7.292499e-06	-1.098754e-08	-5.091659e+01	-7.163821e+02
1.600000e-07	-7.250089e-06	-1.091696e-08	-5.062047e+01	-7.153835e+02
1.700000e-07	-7.205150e-06	-1.087432e-08	-5.030671e+01	-7.143071e+02
1.800000e-07	-7.157664e-06	-1.092786e-08	-4.997516e+01	-7.129929e+02
1.900000e-07	-7.107319e-06	-1.085028e-08	-4.962365e+01	-7.113528e+02
2.000000e-07	-7.054149e-06	-1.083098e-08	-4.925241e+01	-7.094073e+02
2.100000e-07	-6.998324e-06	-1.078429e-08	-4.886264e+01	-7.072607e+02
2.200000e-07	-6.940000e-06	-1.075067e-08	-4.845542e+01	-7.050345e+02
2.300000e-07	-6.879123e-06	-1.073642e-08	-4.803037e+01	-7.028014e+02
2.400000e-07	-6.815758e-06	-1.068712e-08	-4.758796e+01	-7.005580e+02
2.500000e-07	-6.749901e-06	-1.067499e-08	-4.712814e+01	-6.982421e+02
2.600000e-07	-6.681495e-06	-1.062607e-08	-4.665052e+01	-6.957774e+02
2.700000e-07	-6.610700e-06	-1.058448e-08	-4.615623e+01	-6.931136e+02
2.800000e-07	-6.537520e-06	-1.054324e-08	-4.564529e+01	-6.902424e+02
2.900000e-07	-6.461795e-06	-1.048002e-08	-4.511657e+01	-6.871895e+02
3.000000e-07	-6.383349e-06	-1.042973e-08	-4.456885e+01	-6.839955e+02
3.100000e-07	-6.302342e-06	-1.037756e-08	-4.400326e+01	-6.806979e+02
3.200000e-07	-6.219201e-06	-1.035857e-08	-4.342277e+01	-6.773198e+02
3.300000e-07	-6.134078e-06	-1.030184e-08	-4.282843e+01	-6.738627e+02
3.400000e-07	-6.047002e-06	-1.024192e-08	-4.222047e+01	-6.703017e+02
3.500000e-07	-5.957815e-06	-1.017916e-08	-4.159776e+01	-6.665890e+02
3.600000e-07	-5.866342e-06	-1.010707e-08	-4.095908e+01	-6.626693e+02
3.700000e-07	-5.772758e-06	-1.004495e-08	-4.030568e+01	-6.585064e+02
3.800000e-07	-5.677123e-06	-9.972639e-09	-3.963795e+01	-6.541058e+02
3.900000e-07	-5.579401e-06	-9.916983e-09	-3.895565e+01	-6.495156e+02
4.000000e-07	-5.479671e-06	-9.848125e-09	-3.825933e+01	-6.447981e+02
4.100000e-07	-5.378039e-06	-9.784322e-09	-3.754973e+01	-6.399863e+02
4.200000e-07	-5.274505e-06	-9.703756e-09	-3.682685e+01	-6.350531e+02
4.300000e-07	-5.169080e-06	-9.613752e-09	-3.609077e+01	-6.299181e+02
4.400000e-07	-5.061772e-06	-9.520364e-09	-3.534154e+01	-6.244930e+02
4.500000e-07	-4.952515e-06	-9.429381e-09	-3.457870e+01	-6.187363e+02
4.600000e-07	-4.841501e-06	-9.348314e-09	-3.380359e+01	-6.126816e+02
4.700000e-07	-4.728721e-06	-9.258213e-09	-3.301616e+01	-6.064136e+02
4.800000e-07	-4.614068e-06	-9.165949e-09	-3.221565e+01	-6.000072e+02
4.900000e-07	-4.497552e-06	-9.059943e-09	-3.140213e+01	-5.934691e+02
5.000000e-07	-4.379323e-06	-8.954453e-09	-3.057665e+01	-5.867242e+02
5.100000e-07	-4.259594e-06	-8.837272e-09	-2.974069e+01	-5.796599e+02
5.200000e-07	-4.138342e-06	-8.715456e-09	-2.889411e+01	-5.721989e+02
5.300000e-07	-4.015617e-06	-8.592860e-09	-2.803723e+01	-5.643505e+02
5.400000e-07	-3.891437e-06	-8.474205e-09	-2.717020e+01	-5.562029e+02
5.500000e-07	-3.765892e-06	-8.356016e-09	-2.629364e+01	-5.478577e+02
5.600000e-07	-3.639093e-06	-8.224958e-09	-2.540833e+01	-5.393516e+02
5.700000e-07	-3.510929e-06	-8.088605e-09	-2.451348e+01	-5.306165e+02
5.800000e-07	-3.381463e-06	-7.942548e-09	-2.360954e+01	-5.215096e+02
5.900000e-07	-3.250890e-06	-7.794563e-09	-2.269787e+01	-5.118935e+02
6.000000e-07	-3.119122e-06	-7.637466e-09	-2.177786e+01	-5.017162e+02
6.100000e-07	-2.986096e-06	-7.476172e-09	-2.084907e+01	-4.910378e+02
6.200000e-07	-2.852051e-06	-7.309667e-09	-1.991316e+01	-4.799890e+02
6.300000e-07	-2.717109e-06	-7.136816e-09	-1.897099e+01	-4.686859e+02
6.400000e-07	-2.581157e-06	-6.958964e-09	-1.802176e+01	-4.571568e+02
6.500000e-07	-2.444105e-06	-6.773052e-09	-1.706486e+01	-4.453225e+02
6.600000e-07	-2.306144e-06	-6.581641e-09	-1.610161e+01	-4.330379e+02
6.700000e-07	-2.167411e-06	-6.382316e-09	-1.513297e+01	-4.201659e+02
6.800000e-07	-2.027759e-06	-6.176248e-09	-1.415791e+01	-4.066373e+02
6.900000e-07	-1.887158e-06	-5.959882e-09	-1.317623e+01	-3.924665e+02
7.000000e-07	-1.745714e-06	-5.738043e-09	-1.218866e+01	-3.777202e+02
7.100000e-07	-1.603550e-06	-5.506205e-09	-1.119606e+01	-3.624654e+02
7.200000e-07	-1.460804e-06	-5.264208e-09	-1.019941e+01	-3.467261e+02
7.300000e-07	-1.317551e-06	-5.014258e-09	-9.199205e+00	-3.304679e+02
7.400000e-07	-1.173796e-06	-4.754955e-09	-8.195502e+00	-3.136101e+02
7.500000e-07	-1.029625e-06	-4.487615e-09	-7.188895e+00	-2.960517e+02
7.600000e-07	-8.851993e-07	-4.207723e-09	-6.180505e+00	-2.776964e+02
7.700000e-07	-7.405097e-07	-3.914531e-09	-5.170275e+00	-2.584692e+02
7.800000e-07	-5.955085e-07	-3.607708e-09	-4.157869e+00	-2.383226e+02
7.900000e-07	-4.502433e-07	-3.288563e-09	-3.143621e+00	-2.172354e+02
8.000000e-07	-3.048089e-07	-2.953058e-09	-2.128191e+00	-1.952023e+02
8.100000e-07	-1.592168e-07	-2.599416e-09	-1.111659e+00	-1.722167e+02
8.200000e-07	-1.351814e-08	-2.227736e-09	-9.438429e-02	-1.482515e+02
8.300000e-07	1.321869e-07	-1.843683e-09	9.229354e-01	-1.232469e+02
8.400000e-07	2.778425e-07	-1.447907e-09	1.939910e+00	-9.711439e+01
8.500000e-07	4.233434e-07	-1.032607e-09	2.955804e+00	-6.975986e+01
8.600000e-07	5.685967e-07	-5.947642e-10	3.969970e+00	-4.111971e+01
8.700000e-07	7.135540e-07	-1.359288e-10	4.982069e+00	-1.119594e+01
8.800000e-07	8.582369e-07	3.397275e-10	5.992252e+00	1.992084e+01
8.900000e-07	1.002661e-06	8.318064e-10	7.000628e+00	5.204547e+01
9.000000e-07	1.146741e-06	1.334460e-09	8.006602e+00	8.490655e+01
9.100000e-07	1.290420e-06	1.840166e-09	9.009778e+00	1.181636e+02
9.200000e-07	1.433610e-06	2.343699e-09	1.000953e+01	1.514304e+02
9.300000e-07	1.576198e-06	2.842372e-09	1.100509e+01	1.843044e+02
9.400000e-07	1.718211e-06	3.331386e-09	1.199663e+01	2.164034e+02
9.500000e-07	1.859631e-06	3.804159e-09	1.298404e+01	2.474017e+02
9.600000e-07	2.000252e-06	4.256878e-09	1.396585e+01	2.770564e+02
9.700000e-07	2.139882e-06	4.685541e-09	1.494076e+01	3.052127e+02
9.800000e-07	2.278603e-06	5.088978e-09	1.590932e+01	3.317885e+02
9.900000e-07	2.416554e-06	5.464435e-09	1.687250e+01	3.567475e+02
1.000000e-06	2.553668e-06	5.813251e-09	1.782983e+01	3.800793e+02
1.010000e-06	2.689799e-06	6.139392e-09	1.878031e+01	4.017963e+02
1.020000e-06	2.824904e-06	6.444843e-09	1.972362e+01	4.219455e+02
1.030000e-06	2.958989e-06	6.729490e-09	2.065980e+01	4.406217e+02
1.040000e-06	3.092111e-06	6.994440e-09	2.158927e+01	4.579648e+02
1.050000e-06	3.224136e-06	7.241322e-09	2.251108e+01	4.741370e+02
1.060000e-06	3.354901e-06	7.472321e-09	2.342408e+01	4.892882e+02
1.070000e-06	3.484508e-06	7.685990e-09	2.432900e+01	5.035281e+02
1.080000e-06	3.612919e-06	7.885831e-09	2.522558e+01	5.169184e+02
1.090000e-06	3.740015e-06	8.074735e-09	2.611297e+01	5.294859e+02
1.100000e-06	3.865845e-06	8.251365e-09	2.699152e+01	5.412467e+02
1.110000e-06	3.990393e-06	8.416968e-09	2.786112e+01	5.522259e+02
1.120000e-06	4.113461e-06	8.571295e-09	2.872039e+01	5.624661e+02
1.130000e-06	4.234979e-06	8.717205e-09	2.956883e+01	5.720274e+02
1.140000e-06	4.354993e-06	8.856345e-09	3.040677e+01	5.809837e+02
1.150000e-06	4.473420e-06	8.989737e-09	3.123363e+01	5.894192e+02
1.160000e-06	4.590099e-06	9.115349e-09	3.204829e+01	5.974205e+02
1.170000e-06	4.704961e-06	9.231282e-09	3.285027e+01	6.050613e+02
1.180000e-06	4.818011e-06	9.341202e-09	3.363959e+01	6.123801e+02
1.190000e-06	4.929292e-06	9.447463e-09	3.441656e+01	6.193673e+02
1.200000e-06	5.038901e-06	9.547145e-09	3.518186e+01	6.259724e+02
1.210000e-06	5.146799e-06	9.639771e-09	3.593520e+01	6.321382e+02
1.220000e-06	5.252807e-06	9.726697e-09	3.667535e+01	6.378471e+02
1.230000e-06	5.356836e-06	9.808867e-09	3.740169e+01	6.431516e+02
1.240000e-06	5.459033e-06	9.886757e-09	3.811523e+01	6.481675e+02
1.250000e-06	5.559323e-06	9.961913e-09	3.881547e+01	6.530265e+02
1.260000e-06	5.657429e-06	1.003500e-08	3.950044e+01	6.578142e+02
1.270000e-06	5.753382e-06	1.010576e-08	4.017039e+01	6.625293e+02
1.280000e-06	5.847414e-06	1.017382e-08	4.082693e+01	6.670898e+02
1.290000e-06	5.939503e-06	1.023761e-08	4.146990e+01	6.713842e+02
1.300000e-06	6.029417e-06	1.029634e-08	4.209768e+01	6.753361e+02
1.310000e-06	6.117160e-06	1.035006e-08	4.271031e+01	6.789466e+02
1.320000e-06	6.202847e-06	1.040006e-08	4.330858e+01	6.822902e+02
1.330000e-06	6.286450e-06	1.044816e-08	4.389230e+01	6.854724e+02
1.340000e-06	6.367831e-06	1.049505e-08	4.446051e+01	6.885779e+02
1.350000e-06	6.446886e-06	1.054002e-08	4.501247e+01	6.916379e+02
1.360000e-06	6.523557e-06	1.058383e-08	4.554779e+01	6.946312e+02
1.370000e-06	6.597700e-06	1.062682e-08	4.606546e+01	6.975087e+02
1.380000e-06	6.669351e-06	1.066769e-08	4.656573e+01	7.002212e+02
1.390000e-06	6.738734e-06	1.070431e-08	4.705017e+01	7.027366e+02
1.400000e-06	6.805708e-06	1.073602e-08	4.751779e+01	7.050429e+02
1.410000e-06	6.870144e-06	1.076459e-08	4.796768e+01	7.071473e+02
1.420000e-06	6.932210e-06	1.079175e-08	4.840103e+01	7.090770e+02
1.430000e-06	6.991995e-06	1.081979e-08	4.881845e+01	7.108786e+02
1.440000e-06	7.049349e-06	1.084815e-08	4.921890e+01	7.126094e+02
1.450000e-06	7.104133e-06	1.087478e-08	4.960140e+01	7.143147e+02
1.460000e-06	7.156086e-06	1.089923e-08	4.996414e+01	7.160024e+02
1.470000e-06	7.205052e-06	1.092331e-08	5.030603e+01	7.176314e+02
1.480000e-06	7.251392e-06	1.094569e-08	5.062957e+01	7.191278e+02
1.490000e-06	7.295290e-06	1.096361e-08	5.093607e+01	7.204254e+02
1.500000e-06	7.336488e-06	1.097759e-08	5.122372e+01	7.215064e+02
1.510000e-06	7.375054e-06	1.098932e-08	5.149299e+01	7.224173e+02
1.520000e-06	7.411254e-06	1.100185e-08	5.174574e+01	7.232452e+02
1.530000e-06	7.444894e-06	1.101631e-08	5.198061e+01	7.240697e+02
1.540000e-06	7.475808e-06	1.102941e-08	5.219646e+01	7.249189e+02
1.550000e-06	7.504165e-06	1.104032e-08	5.239445e+01	7.257582e+02
1.560000e-06	7.529834e-06	1.105117e-08	5.257367e+01	7.265169e+02
1.570000e-06	7.552679e-06	1.105986e-08	5.273317e+01	7.271331e+02
1.580000e-06	7.572991e-06	1.106488e-08	5.287499e+01	7.275878e+02
1.590000e-06	7.590707e-06	1.106789e-08	5.299869e+01	7.279072e+02
1.600000e-06	7.605596e-06	1.106999e-08	5.310264e+01	7.281378e+02
1.610000e-06	7.617531e-06	1.107285e-08	5.318598e+01	7.283164e+02
1.620000e-06	7.626555e-06	1.107485e-08	5.324898e+01	7.284540e+02
1.630000e-06	7.632877e-06	1.107660e-08	5.329312e+01	7.285432e+02
1.640000e-06	7.636520e-06	1.107815e-08	5.331856e+01	7.285740e+02
1.650000e-06	7.637472e-06	1.108079e-08	5.332520e+01	7.285422e+02
1.660000e-06	7.635870e-06	1.107768e-08	5.331402e+01	7.284443e+02
1.670000e-06	7.631847e-06	1.107106e-08	5.328593e+01	7.282667e+02
1.680000e-06	7.625230e-06	1.106485e-08	5.323973e+01	7.279860e+02
1.690000e-06	7.616023e-06	1.105620e-08	5.317544e+01	7.275849e+02
1.700000e-06	7.604207e-06	1.104733e-08	5.309295e+01	7.270739e+02
1.710000e-06	7.589677e-06	1.104215e-08	5.299150e+01	7.264966e+02
1.720000e-06	7.572769e-06	1.104944e-08	5.287344e+01	7.259076e+02
1.730000e-06	7.553707e-06	1.103204e-08	5.274035e+01	7.253316e+02
1.740000e-06	7.531874e-06	1.098044e-08	5.258791e+01	7.247349e+02
1.750000e-06	7.506453e-06	1.098556e-08	5.241042e+01	7.240332e+02
1.760000e-06	7.477453e-06	1.098487e-08	5.220794e+01	7.231405e+02
1.770000e-06	7.445653e-06	1.095239e-08	5.198591e+01	7.220300e+02
1.780000e-06	7.411800e-06	1.098328e-08	5.174955e+01	7.207652e+02
1.790000e-06	7.376300e-06	1.096703e-08	5.150169e+01	7.194749e+02
1.800000e-06	7.338966e-06	1.085959e-08	5.124102e+01	7.182807e+02
1.810000e-06	7.298893e-06	1.093940e-08	5.096123e+01	7.172219e+02
1.820000e-06	7.256259e-06	1.091503e-08	5.066356e+01	7.162230e+02
1.830000e-06	7.211317e-06	1.088458e-08	5.034977e+01	7.151279e+02
1.840000e-06	7.163469e-06	1.092085e-08	5.001569e+01	7.137811e+02
1.850000e-06	7.112947e-06	1.079652e-08	4.966294e+01	7.121053e+02
1.860000e-06	7.059513e-06	1.085620e-08	4.928987e+01	7.101322e+02
1.870000e-06	7.003321e-06	1.080992e-08	4.889753e+01	7.079715e+02
1.880000e-06	6.944893e-06	1.076002e-08	4.848959e+01	7.057422e+02
1.890000e-06	6.883710e-06	1.075896e-08	4.806240e+01	7.035094e+02
1.900000e-06	6.819923e-06	1.064725e-08	4.761703e+01	7.012617e+02
1.910000e-06	6.753719e-06	1.067703e-08	4.715479e+01	6.989332e+02
1.920000e-06	6.685017e-06	1.060335e-08	4.667512e+01	6.964488e+02
1.930000e-06	6.613832e-06	1.056461e-08	4.617810e+01	6.937623e+02
1.940000e-06	6.540137e-06	1.054460e-08	4.566355e+01	6.908698e+02
1.950000e-06	6.464032e-06	1.048074e-08	4.513218e+01	6.877998e+02
1.960000e-06	6.385347e-06	1.049027e-08	4.458280e+01	6.845929e+02
1.970000e-06	6.304296e-06	1.037242e-08	4.401690e+01	6.812857e+02
1.980000e-06	6.221112e-06	1.033341e-08	4.343611e+01	6.778994e+02
1.990000e-06	6.135724e-06	1.025882e-08	4.283992e+01	6.744327e+02
2.000000e-06	6.048116e-06	1.021846e-08	4.222824e+01	6.708580e+02
2.010000e-06	5.958345e-06	1.019018e-08	4.160146e+01	6.671255e+02
2.020000e-06	5.866525e-06	1.010888e-08	4.096036e+01	6.631807e+02
2.030000e-06	5.772454e-06	1.007330e-08	4.030356e+01	6.589911e+02
2.040000e-06	5.676303e-06	9.975365e-09	3.963223e+01	6.545673e+02
2.050000e-06	5.578331e-06	9.924971e-09	3.894818e+01	6.499604e+02
2.060000e-06	5.478397e-06	9.826525e-09	3.825043e+01	6.452320e+02
2.070000e-06	5.376417e-06	9.750179e-09	3.753841e+01	6.404095e+02
2.080000e-06	5.272405e-06	9.682171e-09	3.681219e+01	6.354590e+02
2.090000e-06	5.166527e-06	9.612062e-09	3.607294e+01	6.302967e+02
2.100000e-06	5.058900e-06	9.555664e-09	3.532149e+01	6.248367e+02
2.110000e-06	4.949586e-06	9.448351e-09	3.455825e+01	6.190451e+02
2.120000e-06	4.838504e-06	9.352850e-09	3.378267e+01	6.129629e+02
2.130000e-06	4.725563e-06	9.239044e-09	3.299411e+01	6.066772e+02
2.140000e-06	4.610705e-06	9.150421e-09	3.219217e+01	6.002578e+02
2.150000e-06	4.493940e-06	9.053506e-09	3.137691e+01	5.937022e+02
2.160000e-06	4.375411e-06	8.950352e-09	3.054933e+01	5.869283e+02
2.170000e-06	4.255207e-06	8.849184e-09	2.971006e+01	5.798238e+02
2.180000e-06	4.133501e-06	8.743967e-09	2.886031e+01	5.723190e+02
2.190000e-06	4.010360e-06	8.634982e-09	2.800053e+01	5.644333e+02
2.200000e-06	3.885761e-06	8.500893e-09	2.713057e+01	5.562601e+02
2.210000e-06	3.759822e-06	8.362328e-09	2.625126e+01	5.478976e+02
2.220000e-06	3.632540e-06	8.228896e-09	2.536257e+01	5.393718e+02
2.230000e-06	3.503888e-06	8.102501e-09	2.446432e+01	5.306043e+02
2.240000e-06	3.374065e-06	7.969023e-09	2.355789e+01	5.214483e+02
2.250000e-06	3.243114e-06	7.819892e-09	2.264358e+01	5.117725e+02
2.260000e-06	3.110951e-06	7.662419e-09	2.172081e+01	5.015366e+02
2.270000e-06	2.977674e-06	7.504312e-09	2.079026e+01	4.908117e+02
2.280000e-06	2.843474e-06	7.340877e-09	1.985328e+01	4.797310e+02
2.290000e-06	2.708208e-06	7.165787e-09	1.890884e+01	4.684042e+02
2.300000e-06	2.571862e-06	6.981539e-09	1.795687e+01	4.568478e+02
2.310000e-06	2.434662e-06	6.803973e-09	1.699893e+01	4.449726e+02
2.320000e-06	2.296626e-06	6.623644e-09	1.603516e+01	4.326306e+02
2.330000e-06	2.157686e-06	6.430655e-09	1.506507e+01	4.196899e+02
2.340000e-06	2.017847e-06	6.219353e-09	1.408871e+01	4.060904e+02
2.350000e-06	1.877157e-06	5.997107e-09	1.310640e+01	3.918541e+02
2.360000e-06	1.735814e-06	5.774096e-09	1.211954e+01	3.770505e+02
2.370000e-06	1.593949e-06	5.544793e-09	1.112903e+01	3.617436e+02
2.380000e-06	1.451506e-06	5.305839e-09	1.013449e+01	3.459512e+02
2.390000e-06	1.308511e-06	5.054128e-09	9.136090e+00	3.296330e+02
2.400000e-06	1.164967e-06	4.796922e-09	8.133858e+00	3.127050e+02
2.410000e-06	1.020899e-06	4.530694e-09	7.127965e+00	2.950654e+02
2.420000e-06	8.764262e-07	4.249666e-09	6.119251e+00	2.766198e+02
2.430000e-06	7.316520e-07	3.949774e-09	5.108430e+00	2.572956e+02
2.440000e-06	5.866276e-07	3.635559e-09	4.095862e+00	2.370488e+02
2.450000e-06	4.414392e-07	3.316074e-09	3.082150e+00	2.158603e+02
2.460000e-06	2.961224e-07	2.984933e-09	2.067541e+00	1.937255e+02
2.470000e-06	1.506834e-07	2.637963e-09	1.052079e+00	1.706366e+02
2.480000e-06	5.197158e-09	2.270180e-09	3.628681e-02	1.465634e+02
2.490000e-06	-1.402724e-07	1.885568e-09	-9.793887e-01	1.214424e+02
2.500000e-06	-2.856553e-07	1.486017e-09	-1.994459e+00	9.518312e+01
2.510000e-06	-4.308897e-07	1.068198e-09	-3.008493e+00	6.769288e+01
2.520000e-06	-5.759940e-07	6.276022e-10	-4.021619e+00	3.891355e+01
2.530000e-06	-7.209439e-07	1.668402e-10	-5.033665e+00	8.855814e+00
2.540000e-06	-8.656400e-07	-3.061988e-10	-6.043941e+00	-2.237956e+01
2.550000e-06	-1.010021e-06	-7.924703e-10	-7.052014e+00	-5.459758e+01
2.560000e-06	-1.153951e-06	-1.291645e-09	-8.056941e+00	-8.751853e+01
2.570000e-06	-1.297334e-06	-1.803895e-09	-9.058047e+00	-1.207958e+02
2.580000e-06	-1.440127e-06	-2.316727e-09	-1.005503e+01	-1.540398e+02
2.590000e-06	-1.582356e-06	-2.817775e-09	-1.104808e+01	-1.868485e+02
2.600000e-06	-1.724064e-06	-3.304734e-09	-1.203750e+01	-2.188439e+02
2.610000e-06	-1.865143e-06	-3.775892e-09	-1.302252e+01	-2.497084e+02
2.620000e-06	-2.005482e-06	-4.228035e-09	-1.400238e+01	-2.792086e+02
2.630000e-06	-2.144982e-06	-4.657255e-09	-1.497637e+01	-3.071987e+02
2.640000e-06	-2.283652e-06	-5.061683e-09	-1.594457e+01	-3.336025e+02
2.650000e-06	-2.421546e-06	-5.442421e-09	-1.690735e+01	-3.583874e+02
2.660000e-06	-2.558665e-06	-5.799774e-09	-1.786472e+01	-3.815453e+02
2.670000e-06	-2.694817e-06	-6.133257e-09	-1.881534e+01	-4.030913e+02
2.680000e-06	-2.829819e-06	-6.440566e-09	-1.975794e+01	-4.230774e+02
2.690000e-06	-2.963800e-06	-6.722162e-09	-2.069339e+01	-4.416036e+02
2.700000e-06	-3.096791e-06	-6.982876e-09	-2.162195e+01	-4.588135e+02
2.710000e-06	-3.228625e-06	-7.227397e-09	-2.254242e+01	-4.748698e+02
2.720000e-06	-3.359250e-06	-7.460181e-09	-2.345445e+01	-4.899191e+02
2.730000e-06	-3.488780e-06	-7.678704e-09	-2.435883e+01	-5.040660e+02
2.740000e-06	-3.617212e-06	-7.882782e-09	-2.525555e+01	-5.173673e+02
2.750000e-06	-3.744338e-06	-8.076043e-09	-2.614315e+01	-5.298477e+02
2.760000e-06	-3.870120e-06	-8.260237e-09	-2.702137e+01	-5.415234e+02
2.770000e-06	-3.994532e-06	-8.429912e-09	-2.789002e+01	-5.524212e+02
2.780000e-06	-4.117473e-06	-8.582860e-09	-2.874839e+01	-5.625856e+02
2.790000e-06	-4.238974e-06	-8.723816e-09	-2.959673e+01	-5.720785e+02
2.800000e-06	-4.358930e-06	-8.857503e-09	-3.043426e+01	-5.809749e+02
2.810000e-06	-4.477142e-06	-8.987279e-09	-3.125962e+01	-5.893600e+02
2.820000e-06	-4.593580e-06	-9.106889e-09	-3.207260e+01	-5.973197e+02
2.830000e-06	-4.708130e-06	-9.217855e-09	-3.287239e+01	-6.049250e+02
2.840000e-06	-4.820716e-06	-9.330759e-09	-3.365848e+01	-6.122098e+02
2.850000e-06	-4.931440e-06	-9.442721e-09	-3.443156e+01	-6.191591e+02
2.860000e-06	-5.040429e-06	-9.545292e-09	-3.519252e+01	-6.257197e+02
2.870000e-06	-5.147809e-06	-9.636119e-09	-3.594225e+01	-6.318364e+02
2.880000e-06	-5.253532e-06	-9.717182e-09	-3.668042e+01	-6.374982e+02
2.890000e-06	-5.357364e-06	-9.795079e-09	-3.740538e+01	-6.427656e+02
2.900000e-06	-5.459124e-06	-9.871685e-09	-3.811587e+01	-6.477588e+02
2.910000e-06	-5.558850e-06	-9.946398e-09	-3.881217e+01	-6.526075e+02
2.920000e-06	-5.656673e-06	-1.001951e-08	-3.949517e+01	-6.573893e+02
2.930000e-06	-5.752593e-06	-1.009277e-08	-4.016489e+01	-6.620930e+02
2.940000e-06	-5.846493e-06	-1.016592e-08	-4.082050e+01	-6.666304e+02
2.950000e-06	-5.938338e-06	-1.023492e-08	-4.146176e+01	-6.708906e+02
2.960000e-06	-6.028172e-06	-1.029596e-08	-4.208899e+01	-6.748046e+02
2.970000e-06	-6.115867e-06	-1.034821e-08	-4.270128e+01	-6.783820e+02
2.980000e-06	-6.201280e-06	-1.039665e-08	-4.329764e+01	-6.817033e+02
2.990000e-06	-6.284513e-06	-1.044431e-08	-4.387877e+01	-6.848742e+02
3.000000e-06	-6.365686e-06	-1.049104e-08	-4.444553e+01	-6.879745e+02
3.010000e-06	-6.444590e-06	-1.053822e-08	-4.499644e+01	-6.910292e+02
3.020000e-06	-6.520835e-06	-1.058624e-08	-4.552879e+01	-6.940128e+02
3.030000e-06	-6.594565e-06	-1.063657e-08	-4.604358e+01	-6.968748e+02
3.040000e-06	-6.666024e-06	-1.068576e-08	-4.654251e+01	-6.995676e+02
3.050000e-06	-6.735002e-06	-1.072494e-08	-4.702411e+01	-7.020609e+02
3.060000e-06	-6.801488e-06	-1.075679e-08	-4.748832e+01	-7.043450e+02
3.070000e-06	-6.865685e-06	-1.078353e-08	-4.793655e+01	-7.064292e+02
3.080000e-06	-6.927448e-06	-1.080985e-08	-4.836778e+01	-7.083427e+02
3.090000e-06	-6.986670e-06	-1.083737e-08	-4.878127e+01	-7.101341e+02
3.100000e-06	-7.043459e-06	-1.086327e-08	-4.917777e+01	-7.118606e+02
3.110000e-06	-7.097593e-06	-1.089015e-08	-4.955574e+01	-7.135646e+02
3.120000e-06	-7.148902e-06	-1.091939e-08	-4.991398e+01	-7.152490e+02
3.130000e-06	-7.197250e-06	-1.095013e-08	-5.025155e+01	-7.168676e+02
3.140000e-06	-7.242871e-06	-1.097556e-08	-5.057008e+01	-7.183455e+02
3.150000e-06	-7.286258e-06	-1.099265e-08	-5.087301e+01	-7.196197e+02
3.160000e-06	-7.327370e-06	-1.100650e-08	-5.116005e+01	-7.206794e+02
3.170000e-06	-7.365924e-06	-1.101991e-08	-5.142924e+01	-7.215770e+02
3.180000e-06	-7.401848e-06	-1.103036e-08	-5.168007e+01	-7.224014e+02
3.190000e-06	-7.435238e-06	-1.103971e-08	-5.191320e+01	-7.232285e+02
3.200000e-06	-7.465918e-06	-1.105323e-08	-5.212741e+01	-7.240794e+02
3.210000e-06	-7.493812e-06	-1.107023e-08	-5.232216e+01	-7.249138e+02
3.220000e-06	-7.519146e-06	-1.108850e-08	-5.249904e+01	-7.256597e+02
3.230000e-06	-7.541903e-06	-1.110164e-08	-5.265794e+01	-7.262588e+02
3.240000e-06	-7.561937e-06	-1.110624e-08	-5.279782e+01	-7.266972e+02
3.250000e-06	-7.579351e-06	-1.110928e-08	-5.291940e+01	-7.270049e+02
3.260000e-06	-7.593961e-06	-1.111408e-08	-5.302141e+01	-7.272288e+02
3.270000e-06	-7.605555e-06	-1.111610e-08	-5.310235e+01	-7.274030e+02
3.280000e-06	-7.614443e-06	-1.111383e-08	-5.316441e+01	-7.275361e+02
3.290000e-06	-7.620646e-06	-1.111291e-08	-5.320772e+01	-7.276196e+02
3.300000e-06	-7.624115e-06	-1.111495e-08	-5.323194e+01	-7.276439e+02
3.310000e-06	-7.625050e-06	-1.111740e-08	-5.323847e+01	-7.276054e+02
