# Temperatura_=_20.0
# Concentracion g/m^3_=_10000.0
# C_Vs_to_Am_M_A/Vsm_=_65563218390.804596
# pendiente_HvsI_1/m_=_3716.3
# ordenada_HvsI_A/m_=_1297.0
# frecuencia_Hz_=_300941.4806019115

Tiempo_(s)	Campo_(V.s)	Magnetizacion_(V.s)	Campo_(kA/m)	Magnetizacion_(A/m)
0.000000e+00	-4.302965e-06	-8.694433e-09	-2.904439e+01	-5.697669e+02
1.000000e-08	-4.300895e-06	-8.693731e-09	-2.903042e+01	-5.695836e+02
2.000000e-08	-4.297223e-06	-8.690077e-09	-2.900563e+01	-5.693414e+02
3.000000e-08	-4.292305e-06	-8.683672e-09	-2.897243e+01	-5.690400e+02
4.000000e-08	-4.286128e-06	-8.677384e-09	-2.893074e+01	-5.686394e+02
5.000000e-08	-4.278675e-06	-8.670483e-09	-2.888044e+01	-5.680925e+02
6.000000e-08	-4.269879e-06	-8.659599e-09	-2.882106e+01	-5.673887e+02
7.000000e-08	-4.259458e-06	-8.644564e-09	-2.875073e+01	-5.665742e+02
8.000000e-08	-4.247246e-06	-8.625112e-09	-2.866830e+01	-5.657270e+02
9.000000e-08	-4.232957e-06	-8.622371e-09	-2.857184e+01	-5.649004e+02
1.000000e-07	-4.216459e-06	-8.626732e-09	-2.846048e+01	-5.640744e+02
1.100000e-07	-4.198208e-06	-8.616417e-09	-2.833730e+01	-5.631554e+02
1.200000e-07	-4.178824e-06	-8.587504e-09	-2.820645e+01	-5.620320e+02
1.300000e-07	-4.158600e-06	-8.506628e-09	-2.806995e+01	-5.606549e+02
1.400000e-07	-4.137314e-06	-8.512349e-09	-2.792627e+01	-5.590849e+02
1.500000e-07	-4.114707e-06	-8.555365e-09	-2.777367e+01	-5.574706e+02
1.600000e-07	-4.090828e-06	-8.461678e-09	-2.761249e+01	-5.559629e+02
1.700000e-07	-4.065281e-06	-8.459048e-09	-2.744006e+01	-5.546173e+02
1.800000e-07	-4.037969e-06	-8.493992e-09	-2.725570e+01	-5.533479e+02
1.900000e-07	-4.009514e-06	-8.406435e-09	-2.706364e+01	-5.519659e+02
2.000000e-07	-3.979873e-06	-8.405552e-09	-2.686357e+01	-5.502832e+02
2.100000e-07	-3.948755e-06	-8.416959e-09	-2.665352e+01	-5.482186e+02
2.200000e-07	-3.916332e-06	-8.298316e-09	-2.643467e+01	-5.458411e+02
2.300000e-07	-3.882451e-06	-8.273100e-09	-2.620598e+01	-5.433276e+02
2.400000e-07	-3.847047e-06	-8.296112e-09	-2.596701e+01	-5.408594e+02
2.500000e-07	-3.810205e-06	-8.220656e-09	-2.571833e+01	-5.385242e+02
2.600000e-07	-3.771864e-06	-8.186974e-09	-2.545954e+01	-5.362765e+02
2.700000e-07	-3.732328e-06	-8.155300e-09	-2.519267e+01	-5.339746e+02
2.800000e-07	-3.691750e-06	-8.095722e-09	-2.491878e+01	-5.314656e+02
2.900000e-07	-3.649748e-06	-8.079371e-09	-2.463527e+01	-5.286637e+02
3.000000e-07	-3.606176e-06	-8.034981e-09	-2.434116e+01	-5.255826e+02
3.100000e-07	-3.561206e-06	-7.950621e-09	-2.403763e+01	-5.223112e+02
3.200000e-07	-3.514980e-06	-7.905709e-09	-2.372561e+01	-5.189573e+02
3.300000e-07	-3.467668e-06	-7.879279e-09	-2.340626e+01	-5.155945e+02
3.400000e-07	-3.419081e-06	-7.827682e-09	-2.307830e+01	-5.122366e+02
3.500000e-07	-3.368825e-06	-7.764496e-09	-2.273908e+01	-5.088436e+02
3.600000e-07	-3.316928e-06	-7.705948e-09	-2.238879e+01	-5.053477e+02
3.700000e-07	-3.263751e-06	-7.647441e-09	-2.202985e+01	-5.016828e+02
3.800000e-07	-3.209461e-06	-7.595107e-09	-2.166340e+01	-4.978067e+02
3.900000e-07	-3.154134e-06	-7.537697e-09	-2.128995e+01	-4.937140e+02
4.000000e-07	-3.097860e-06	-7.452301e-09	-2.091011e+01	-4.894373e+02
4.100000e-07	-3.040466e-06	-7.387992e-09	-2.052271e+01	-4.850341e+02
4.200000e-07	-2.981755e-06	-7.343147e-09	-2.012642e+01	-4.805620e+02
4.300000e-07	-2.921835e-06	-7.282054e-09	-1.972196e+01	-4.760483e+02
4.400000e-07	-2.860848e-06	-7.203549e-09	-1.931031e+01	-4.714706e+02
4.500000e-07	-2.798916e-06	-7.113854e-09	-1.889228e+01	-4.667620e+02
4.600000e-07	-2.736119e-06	-7.036243e-09	-1.846840e+01	-4.618426e+02
4.700000e-07	-2.672465e-06	-6.965096e-09	-1.803875e+01	-4.566632e+02
4.800000e-07	-2.607986e-06	-6.883683e-09	-1.760353e+01	-4.512345e+02
4.900000e-07	-2.542412e-06	-6.791151e-09	-1.716092e+01	-4.456223e+02
5.000000e-07	-2.475560e-06	-6.706981e-09	-1.670967e+01	-4.399088e+02
5.100000e-07	-2.407811e-06	-6.634239e-09	-1.625237e+01	-4.341421e+02
5.200000e-07	-2.339450e-06	-6.551833e-09	-1.579095e+01	-4.283057e+02
5.300000e-07	-2.270363e-06	-6.448388e-09	-1.532462e+01	-4.223273e+02
5.400000e-07	-2.200473e-06	-6.337632e-09	-1.485288e+01	-4.161212e+02
5.500000e-07	-2.129846e-06	-6.238618e-09	-1.437615e+01	-4.096375e+02
5.600000e-07	-2.058490e-06	-6.146655e-09	-1.389451e+01	-4.028883e+02
5.700000e-07	-1.986462e-06	-6.044757e-09	-1.340833e+01	-3.959341e+02
5.800000e-07	-1.913792e-06	-5.931816e-09	-1.291782e+01	-3.888435e+02
5.900000e-07	-1.840276e-06	-5.823304e-09	-1.242160e+01	-3.816503e+02
6.000000e-07	-1.765846e-06	-5.719132e-09	-1.191921e+01	-3.743351e+02
6.100000e-07	-1.690572e-06	-5.611313e-09	-1.141111e+01	-3.668389e+02
6.200000e-07	-1.614533e-06	-5.486734e-09	-1.089787e+01	-3.590971e+02
6.300000e-07	-1.537884e-06	-5.351879e-09	-1.038050e+01	-3.510713e+02
6.400000e-07	-1.460723e-06	-5.223720e-09	-9.859667e+00	-3.427638e+02
6.500000e-07	-1.383128e-06	-5.099795e-09	-9.335910e+00	-3.342091e+02
6.600000e-07	-1.305104e-06	-4.969040e-09	-8.809263e+00	-3.254523e+02
6.700000e-07	-1.226511e-06	-4.828182e-09	-8.278770e+00	-3.165268e+02
6.800000e-07	-1.147237e-06	-4.688573e-09	-7.743686e+00	-3.074391e+02
6.900000e-07	-1.067360e-06	-4.553545e-09	-7.204528e+00	-2.981640e+02
7.000000e-07	-9.869340e-07	-4.414409e-09	-6.661662e+00	-2.886495e+02
7.100000e-07	-9.060529e-07	-4.260217e-09	-6.115726e+00	-2.788311e+02
7.200000e-07	-8.248878e-07	-4.096257e-09	-5.567873e+00	-2.686535e+02
7.300000e-07	-7.435769e-07	-3.931956e-09	-5.019036e+00	-2.580952e+02
7.400000e-07	-6.621690e-07	-3.767772e-09	-4.469545e+00	-2.471820e+02
7.500000e-07	-5.805832e-07	-3.600075e-09	-3.918853e+00	-2.359811e+02
7.600000e-07	-4.987896e-07	-3.425938e-09	-3.366757e+00	-2.245697e+02
7.700000e-07	-4.168285e-07	-3.249282e-09	-2.813532e+00	-2.129916e+02
7.800000e-07	-3.347906e-07	-3.072148e-09	-2.259788e+00	-2.012255e+02
7.900000e-07	-2.526892e-07	-2.892664e-09	-1.705615e+00	-1.891851e+02
8.000000e-07	-1.704865e-07	-2.700418e-09	-1.150759e+00	-1.767569e+02
8.100000e-07	-8.824975e-08	-2.497065e-09	-5.956730e-01	-1.638579e+02
8.200000e-07	-6.010034e-09	-2.292285e-09	-4.056686e-02	-1.504798e+02
8.300000e-07	7.626507e-08	-2.086678e-09	5.147782e-01	-1.366941e+02
8.400000e-07	1.585524e-07	-1.873868e-09	1.070205e+00	-1.226115e+02
8.500000e-07	2.407903e-07	-1.652523e-09	1.625299e+00	-1.083194e+02
8.600000e-07	3.229021e-07	-1.428913e-09	2.179543e+00	-9.383118e+01
8.700000e-07	4.048624e-07	-1.204464e-09	2.732763e+00	-7.907884e+01
8.800000e-07	4.867248e-07	-9.744614e-10	3.285322e+00	-6.395016e+01
8.900000e-07	5.684620e-07	-7.337340e-10	3.837036e+00	-4.835023e+01
9.000000e-07	6.499889e-07	-4.852611e-10	4.387331e+00	-3.225232e+01
9.100000e-07	7.312295e-07	-2.321494e-10	4.935693e+00	-1.571186e+01
9.200000e-07	8.122659e-07	2.364778e-11	5.482677e+00	1.160593e+00
9.300000e-07	8.931355e-07	2.828388e-10	6.028535e+00	1.824916e+01
9.400000e-07	9.736646e-07	5.470779e-10	6.572095e+00	3.547741e+01
9.500000e-07	1.053796e-06	8.144668e-10	7.112969e+00	5.282575e+01
9.600000e-07	1.133418e-06	1.082955e-09	7.650405e+00	7.031606e+01
9.700000e-07	1.212469e-06	1.351751e-09	8.183992e+00	8.797466e+01
9.800000e-07	1.291042e-06	1.623191e-09	8.714345e+00	1.057939e+02
9.900000e-07	1.369223e-06	1.896510e-09	9.242058e+00	1.237110e+02
1.000000e-06	1.446978e-06	2.168393e-09	9.766895e+00	1.416131e+02
1.010000e-06	1.524181e-06	2.436671e-09	1.028800e+01	1.593652e+02
1.020000e-06	1.600806e-06	2.701741e-09	1.080521e+01	1.768478e+02
1.030000e-06	1.676877e-06	2.964824e-09	1.131868e+01	1.939868e+02
1.040000e-06	1.752358e-06	3.224612e-09	1.182816e+01	2.107611e+02
1.050000e-06	1.826990e-06	3.477694e-09	1.233192e+01	2.271854e+02
1.060000e-06	1.900612e-06	3.721096e-09	1.282886e+01	2.432756e+02
1.070000e-06	1.973339e-06	3.958421e-09	1.331975e+01	2.590161e+02
1.080000e-06	2.045447e-06	4.191690e-09	1.380647e+01	2.743471e+02
1.090000e-06	2.116981e-06	4.417550e-09	1.428931e+01	2.891804e+02
1.100000e-06	2.187751e-06	4.633429e-09	1.476700e+01	3.034353e+02
1.110000e-06	2.257752e-06	4.839173e-09	1.523950e+01	3.170743e+02
1.120000e-06	2.326981e-06	5.039186e-09	1.570678e+01	3.301174e+02
1.130000e-06	2.395519e-06	5.233062e-09	1.616941e+01	3.426261e+02
1.140000e-06	2.463421e-06	5.417603e-09	1.662773e+01	3.546675e+02
1.150000e-06	2.530405e-06	5.591048e-09	1.707986e+01	3.662788e+02
1.160000e-06	2.596115e-06	5.758132e-09	1.752340e+01	3.774547e+02
1.170000e-06	2.660716e-06	5.921149e-09	1.795945e+01	3.881613e+02
1.180000e-06	2.724549e-06	6.077397e-09	1.839031e+01	3.983663e+02
1.190000e-06	2.787537e-06	6.223570e-09	1.881547e+01	4.080650e+02
1.200000e-06	2.849586e-06	6.361861e-09	1.923429e+01	4.172861e+02
1.210000e-06	2.910733e-06	6.497785e-09	1.964703e+01	4.260793e+02
1.220000e-06	2.971079e-06	6.629169e-09	2.005435e+01	4.344942e+02
1.230000e-06	3.030480e-06	6.752095e-09	2.045530e+01	4.425662e+02
1.240000e-06	3.088465e-06	6.866297e-09	2.084669e+01	4.503148e+02
1.250000e-06	3.145096e-06	6.978956e-09	2.122894e+01	4.577490e+02
1.260000e-06	3.200722e-06	7.089766e-09	2.160441e+01	4.648708e+02
1.270000e-06	3.255319e-06	7.194544e-09	2.197293e+01	4.716732e+02
1.280000e-06	3.308834e-06	7.290287e-09	2.233415e+01	4.781372e+02
1.290000e-06	3.361136e-06	7.379914e-09	2.268718e+01	4.842387e+02
1.300000e-06	3.411889e-06	7.467780e-09	2.302975e+01	4.899667e+02
1.310000e-06	3.461030e-06	7.552208e-09	2.336145e+01	4.953435e+02
1.320000e-06	3.508819e-06	7.631098e-09	2.368402e+01	5.004315e+02
1.330000e-06	3.555432e-06	7.704086e-09	2.399865e+01	5.053139e+02
1.340000e-06	3.600906e-06	7.773968e-09	2.430559e+01	5.100575e+02
1.350000e-06	3.645266e-06	7.842771e-09	2.460502e+01	5.146766e+02
1.360000e-06	3.688344e-06	7.909531e-09	2.489579e+01	5.191245e+02
1.370000e-06	3.729900e-06	7.971989e-09	2.517629e+01	5.233209e+02
1.380000e-06	3.770038e-06	8.029195e-09	2.544721e+01	5.272011e+02
1.390000e-06	3.808943e-06	8.083367e-09	2.570982e+01	5.307580e+02
1.400000e-06	3.846608e-06	8.135512e-09	2.596405e+01	5.340506e+02
1.410000e-06	3.883083e-06	8.183369e-09	2.621025e+01	5.371738e+02
1.420000e-06	3.918234e-06	8.228881e-09	2.644751e+01	5.402086e+02
1.430000e-06	3.951791e-06	8.273783e-09	2.667402e+01	5.431838e+02
1.440000e-06	3.983867e-06	8.319095e-09	2.689052e+01	5.460701e+02
1.450000e-06	4.014660e-06	8.362801e-09	2.709838e+01	5.488069e+02
1.460000e-06	4.044168e-06	8.399941e-09	2.729755e+01	5.513400e+02
1.470000e-06	4.072343e-06	8.431813e-09	2.748773e+01	5.536487e+02
1.480000e-06	4.099022e-06	8.462792e-09	2.766780e+01	5.557476e+02
1.490000e-06	4.124036e-06	8.494033e-09	2.783665e+01	5.576706e+02
1.500000e-06	4.147537e-06	8.523197e-09	2.799527e+01	5.594524e+02
1.510000e-06	4.169646e-06	8.547880e-09	2.814451e+01	5.611186e+02
1.520000e-06	4.190453e-06	8.570020e-09	2.828495e+01	5.626859e+02
1.530000e-06	4.209997e-06	8.592682e-09	2.841687e+01	5.641635e+02
1.540000e-06	4.228046e-06	8.614906e-09	2.853870e+01	5.655503e+02
1.550000e-06	4.244511e-06	8.635443e-09	2.864983e+01	5.668297e+02
1.560000e-06	4.259416e-06	8.652092e-09	2.875044e+01	5.679705e+02
1.570000e-06	4.272753e-06	8.666054e-09	2.884047e+01	5.689414e+02
1.580000e-06	4.284429e-06	8.678371e-09	2.891927e+01	5.697309e+02
1.590000e-06	4.294251e-06	8.687406e-09	2.898557e+01	5.703611e+02
1.600000e-06	4.302406e-06	8.694148e-09	2.904062e+01	5.708796e+02
1.610000e-06	4.309133e-06	8.701417e-09	2.908602e+01	5.713330e+02
1.620000e-06	4.314454e-06	8.709297e-09	2.912194e+01	5.717375e+02
1.630000e-06	4.318424e-06	8.715859e-09	2.914873e+01	5.720701e+02
1.640000e-06	4.320772e-06	8.718553e-09	2.916459e+01	5.722866e+02
1.650000e-06	4.321463e-06	8.717942e-09	2.916925e+01	5.723559e+02
1.660000e-06	4.320765e-06	8.716797e-09	2.916453e+01	5.722845e+02
1.670000e-06	4.318666e-06	8.714178e-09	2.915037e+01	5.721115e+02
1.680000e-06	4.315282e-06	8.708568e-09	2.912753e+01	5.718761e+02
1.690000e-06	4.310567e-06	8.701732e-09	2.909570e+01	5.715843e+02
1.700000e-06	4.304304e-06	8.695380e-09	2.905343e+01	5.712005e+02
1.710000e-06	4.296600e-06	8.690151e-09	2.900142e+01	5.706758e+02
1.720000e-06	4.287622e-06	8.683423e-09	2.894083e+01	5.699923e+02
1.730000e-06	4.277383e-06	8.676460e-09	2.887171e+01	5.691884e+02
1.740000e-06	4.265596e-06	8.671271e-09	2.879216e+01	5.683408e+02
1.750000e-06	4.251659e-06	8.633460e-09	2.869808e+01	5.675099e+02
1.760000e-06	4.235275e-06	8.604545e-09	2.858749e+01	5.666877e+02
1.770000e-06	4.216969e-06	8.584452e-09	2.846393e+01	5.657886e+02
1.780000e-06	4.197737e-06	8.614368e-09	2.833412e+01	5.646991e+02
1.790000e-06	4.178095e-06	8.624171e-09	2.820154e+01	5.633566e+02
1.800000e-06	4.157216e-06	8.526552e-09	2.806060e+01	5.618058e+02
1.810000e-06	4.134430e-06	8.522038e-09	2.790680e+01	5.601869e+02
1.820000e-06	4.110430e-06	8.549608e-09	2.774481e+01	5.586570e+02
1.830000e-06	4.085258e-06	8.463236e-09	2.757490e+01	5.572897e+02
1.840000e-06	4.058389e-06	8.452421e-09	2.739354e+01	5.560189e+02
1.850000e-06	4.030112e-06	8.476814e-09	2.720267e+01	5.546652e+02
1.860000e-06	4.000375e-06	8.384740e-09	2.700195e+01	5.530332e+02
1.870000e-06	3.969017e-06	8.398931e-09	2.679029e+01	5.510217e+02
1.880000e-06	3.936319e-06	8.426204e-09	2.656959e+01	5.486792e+02
1.890000e-06	3.902208e-06	8.304193e-09	2.633934e+01	5.461722e+02
1.900000e-06	3.866878e-06	8.283457e-09	2.610087e+01	5.436887e+02
1.910000e-06	3.830396e-06	8.281234e-09	2.585462e+01	5.413337e+02
1.920000e-06	3.792239e-06	8.201301e-09	2.559706e+01	5.390800e+02
1.930000e-06	3.752522e-06	8.209042e-09	2.532898e+01	5.367954e+02
1.940000e-06	3.711561e-06	8.156062e-09	2.505250e+01	5.343228e+02
1.950000e-06	3.669285e-06	8.081430e-09	2.476714e+01	5.315637e+02
1.960000e-06	3.625874e-06	8.088332e-09	2.447412e+01	5.285177e+02
1.970000e-06	3.581310e-06	8.031347e-09	2.417332e+01	5.252660e+02
1.980000e-06	3.535412e-06	7.961448e-09	2.386352e+01	5.219176e+02
1.990000e-06	3.488238e-06	7.906819e-09	2.354510e+01	5.185532e+02
2.000000e-06	3.439754e-06	7.853907e-09	2.321784e+01	5.151954e+02
2.010000e-06	3.389988e-06	7.818866e-09	2.288193e+01	5.118107e+02
2.020000e-06	3.338964e-06	7.757595e-09	2.253752e+01	5.083333e+02
2.030000e-06	3.286489e-06	7.699349e-09	2.218333e+01	5.046953e+02
2.040000e-06	3.232506e-06	7.640429e-09	2.181895e+01	5.008500e+02
2.050000e-06	3.177281e-06	7.588511e-09	2.144619e+01	4.967865e+02
2.060000e-06	3.121005e-06	7.545173e-09	2.106633e+01	4.925323e+02
2.070000e-06	3.063583e-06	7.448943e-09	2.067874e+01	4.881428e+02
2.080000e-06	3.005061e-06	7.370656e-09	2.028372e+01	4.836772e+02
2.090000e-06	2.945718e-06	7.307055e-09	1.988317e+01	4.791690e+02
2.100000e-06	2.885407e-06	7.235737e-09	1.947608e+01	4.746033e+02
2.110000e-06	2.823870e-06	7.185015e-09	1.906072e+01	4.699178e+02
2.120000e-06	2.761203e-06	7.097905e-09	1.863772e+01	4.650321e+02
2.130000e-06	2.697554e-06	7.019232e-09	1.820810e+01	4.598901e+02
2.140000e-06	2.633000e-06	6.948851e-09	1.777237e+01	4.544934e+02
2.150000e-06	2.567491e-06	6.860590e-09	1.733019e+01	4.489016e+02
2.160000e-06	2.501088e-06	6.768893e-09	1.688198e+01	4.431978e+02
2.170000e-06	2.433956e-06	6.666722e-09	1.642885e+01	4.374375e+02
2.180000e-06	2.366139e-06	6.585133e-09	1.597109e+01	4.316140e+02
2.190000e-06	2.297401e-06	6.501465e-09	1.550712e+01	4.256608e+02
2.200000e-06	2.227467e-06	6.410620e-09	1.503508e+01	4.194910e+02
2.210000e-06	2.156519e-06	6.310073e-09	1.455619e+01	4.130471e+02
2.220000e-06	2.084810e-06	6.201731e-09	1.407217e+01	4.063323e+02
2.230000e-06	2.012493e-06	6.104464e-09	1.358403e+01	3.994023e+02
2.240000e-06	1.939618e-06	5.994353e-09	1.309214e+01	3.923274e+02
2.250000e-06	1.866074e-06	5.879858e-09	1.259573e+01	3.851482e+02
2.260000e-06	1.791835e-06	5.764815e-09	1.209463e+01	3.778528e+02
2.270000e-06	1.716942e-06	5.649028e-09	1.158911e+01	3.703862e+02
2.280000e-06	1.641440e-06	5.538928e-09	1.107949e+01	3.626821e+02
2.290000e-06	1.565305e-06	5.419115e-09	1.056558e+01	3.546971e+02
2.300000e-06	1.488406e-06	5.291622e-09	1.004652e+01	3.464277e+02
2.310000e-06	1.410668e-06	5.160312e-09	9.521806e+00	3.379050e+02
2.320000e-06	1.332204e-06	5.030531e-09	8.992182e+00	3.291739e+02
2.330000e-06	1.253218e-06	4.898504e-09	8.459040e+00	3.202708e+02
2.340000e-06	1.173863e-06	4.755260e-09	7.923408e+00	3.112065e+02
2.350000e-06	1.094218e-06	4.610846e-09	7.385811e+00	3.019603e+02
2.360000e-06	1.014265e-06	4.465678e-09	6.846143e+00	2.924833e+02
2.370000e-06	9.340073e-07	4.319719e-09	6.304414e+00	2.827116e+02
2.380000e-06	8.534613e-07	4.167379e-09	5.760740e+00	2.725871e+02
2.390000e-06	7.725694e-07	4.004969e-09	5.214731e+00	2.620821e+02
2.400000e-06	6.913703e-07	3.838008e-09	4.666649e+00	2.512156e+02
2.410000e-06	6.099237e-07	3.667987e-09	4.116897e+00	2.400503e+02
2.420000e-06	5.283604e-07	3.498307e-09	3.566356e+00	2.286645e+02
2.430000e-06	4.467342e-07	3.321889e-09	3.015391e+00	2.171092e+02
2.440000e-06	3.649308e-07	3.138136e-09	2.463230e+00	2.053734e+02
2.450000e-06	2.829765e-07	2.952106e-09	1.910050e+00	1.933785e+02
2.460000e-06	2.009931e-07	2.765186e-09	1.356674e+00	1.810116e+02
2.470000e-06	1.190282e-07	2.574227e-09	8.034234e-01	1.681817e+02
2.480000e-06	3.697196e-08	2.371221e-09	2.495554e-01	1.548687e+02
2.490000e-06	-4.518439e-08	2.159723e-09	-3.049881e-01	1.411342e+02
2.500000e-06	-1.273002e-07	1.944334e-09	-8.592582e-01	1.270869e+02
2.510000e-06	-2.092952e-07	1.727984e-09	-1.412712e+00	1.128212e+02
2.520000e-06	-2.911602e-07	1.508676e-09	-1.965289e+00	9.836292e+01
2.530000e-06	-3.729002e-07	1.283591e-09	-2.517022e+00	8.365421e+01
2.540000e-06	-4.545263e-07	1.053998e-09	-3.067986e+00	6.858560e+01
2.550000e-06	-5.360034e-07	8.198099e-10	-3.617945e+00	5.305599e+01
2.560000e-06	-6.173179e-07	5.787998e-10	-4.166806e+00	3.702704e+01
2.570000e-06	-6.984822e-07	3.267922e-10	-4.714654e+00	2.054324e+01
2.580000e-06	-7.793783e-07	6.676212e-11	-5.260690e+00	3.710096e+00
2.590000e-06	-8.599404e-07	-1.951592e-10	-5.804473e+00	-1.335413e+01
2.600000e-06	-9.401694e-07	-4.556259e-10	-6.346007e+00	-3.056550e+01
2.610000e-06	-1.020118e-06	-7.166380e-10	-6.885650e+00	-4.789655e+01
2.620000e-06	-1.099854e-06	-9.815772e-10	-7.423852e+00	-6.536520e+01
2.630000e-06	-1.179356e-06	-1.250718e-09	-7.960482e+00	-8.299967e+01
2.640000e-06	-1.258520e-06	-1.522527e-09	-8.494824e+00	-1.007990e+02
2.650000e-06	-1.337151e-06	-1.795257e-09	-9.025577e+00	-1.187087e+02
2.660000e-06	-1.415017e-06	-2.068479e-09	-9.551162e+00	-1.366216e+02
2.670000e-06	-1.492001e-06	-2.340990e-09	-1.007079e+01	-1.544038e+02
2.680000e-06	-1.568195e-06	-2.610211e-09	-1.058509e+01	-1.719313e+02
2.690000e-06	-1.643785e-06	-2.872030e-09	-1.109531e+01	-1.891224e+02
2.700000e-06	-1.718831e-06	-3.125626e-09	-1.160186e+01	-2.059490e+02
2.710000e-06	-1.793248e-06	-3.374733e-09	-1.210416e+01	-2.224225e+02
2.720000e-06	-1.867065e-06	-3.621592e-09	-1.260242e+01	-2.385610e+02
2.730000e-06	-1.940272e-06	-3.863657e-09	-1.309656e+01	-2.543547e+02
2.740000e-06	-2.012780e-06	-4.098182e-09	-1.358597e+01	-2.697499e+02
2.750000e-06	-2.084641e-06	-4.324819e-09	-1.407103e+01	-2.846604e+02
2.760000e-06	-2.155910e-06	-4.544306e-09	-1.455208e+01	-2.990021e+02
2.770000e-06	-2.226362e-06	-4.756027e-09	-1.502762e+01	-3.127298e+02
2.780000e-06	-2.295730e-06	-4.957425e-09	-1.549585e+01	-3.258554e+02
2.790000e-06	-2.364075e-06	-5.148957e-09	-1.595716e+01	-3.384367e+02
2.800000e-06	-2.431656e-06	-5.334398e-09	-1.641333e+01	-3.505421e+02
2.810000e-06	-2.498522e-06	-5.514808e-09	-1.686466e+01	-3.622148e+02
2.820000e-06	-2.564530e-06	-5.687458e-09	-1.731021e+01	-3.734552e+02
2.830000e-06	-2.629686e-06	-5.851805e-09	-1.775000e+01	-3.842318e+02
2.840000e-06	-2.693962e-06	-6.008619e-09	-1.818385e+01	-3.945102e+02
2.850000e-06	-2.757392e-06	-6.158577e-09	-1.861200e+01	-4.042807e+02
2.860000e-06	-2.819913e-06	-6.301776e-09	-1.903401e+01	-4.135678e+02
2.870000e-06	-2.881085e-06	-6.436620e-09	-1.944691e+01	-4.224195e+02
2.880000e-06	-2.941004e-06	-6.564882e-09	-1.985135e+01	-4.308865e+02
2.890000e-06	-3.000109e-06	-6.689213e-09	-2.025030e+01	-4.390065e+02
2.900000e-06	-3.058246e-06	-6.809403e-09	-2.064272e+01	-4.468011e+02
2.910000e-06	-3.115238e-06	-6.924659e-09	-2.102740e+01	-4.542805e+02
2.920000e-06	-3.171248e-06	-7.033775e-09	-2.140546e+01	-4.614478e+02
2.930000e-06	-3.226286e-06	-7.137186e-09	-2.177697e+01	-4.682973e+02
2.940000e-06	-3.279899e-06	-7.235526e-09	-2.213884e+01	-4.748117e+02
2.950000e-06	-3.331883e-06	-7.329390e-09	-2.248973e+01	-4.809668e+02
2.960000e-06	-3.382593e-06	-7.419662e-09	-2.283201e+01	-4.867483e+02
2.970000e-06	-3.432093e-06	-7.503230e-09	-2.316613e+01	-4.921729e+02
2.980000e-06	-3.480051e-06	-7.579418e-09	-2.348984e+01	-4.972977e+02
2.990000e-06	-3.526489e-06	-7.654341e-09	-2.380329e+01	-5.022052e+02
3.000000e-06	-3.571758e-06	-7.729894e-09	-2.410885e+01	-5.069668e+02
3.010000e-06	-3.615997e-06	-7.803926e-09	-2.440746e+01	-5.116058e+02
3.020000e-06	-3.659186e-06	-7.873789e-09	-2.469898e+01	-5.160834e+02
3.030000e-06	-3.701210e-06	-7.937957e-09	-2.498263e+01	-5.203212e+02
3.040000e-06	-3.742017e-06	-7.998558e-09	-2.525807e+01	-5.242492e+02
3.050000e-06	-3.781684e-06	-8.054714e-09	-2.552582e+01	-5.278506e+02
3.060000e-06	-3.820007e-06	-8.105174e-09	-2.578449e+01	-5.311761e+02
3.070000e-06	-3.856734e-06	-8.150860e-09	-2.603239e+01	-5.343183e+02
3.080000e-06	-3.892061e-06	-8.196190e-09	-2.627085e+01	-5.373631e+02
3.090000e-06	-3.926107e-06	-8.243076e-09	-2.650065e+01	-5.403480e+02
3.100000e-06	-3.958750e-06	-8.289337e-09	-2.672099e+01	-5.432510e+02
3.110000e-06	-3.990026e-06	-8.332380e-09	-2.693210e+01	-5.460135e+02
3.120000e-06	-4.019833e-06	-8.371828e-09	-2.713329e+01	-5.485785e+02
3.130000e-06	-4.048095e-06	-8.407424e-09	-2.732405e+01	-5.509197e+02
3.140000e-06	-4.075012e-06	-8.439885e-09	-2.750574e+01	-5.530472e+02
3.150000e-06	-4.100565e-06	-8.469968e-09	-2.767822e+01	-5.549937e+02
3.160000e-06	-4.124742e-06	-8.497083e-09	-2.784141e+01	-5.567944e+02
3.170000e-06	-4.147458e-06	-8.521639e-09	-2.799474e+01	-5.584766e+02
3.180000e-06	-4.168539e-06	-8.546187e-09	-2.813704e+01	-5.600578e+02
3.190000e-06	-4.188152e-06	-8.571057e-09	-2.826942e+01	-5.615485e+02
3.200000e-06	-4.206389e-06	-8.592740e-09	-2.839251e+01	-5.629495e+02
3.210000e-06	-4.223188e-06	-8.611564e-09	-2.850591e+01	-5.642465e+02
3.220000e-06	-4.238479e-06	-8.628659e-09	-2.860912e+01	-5.654099e+02
3.230000e-06	-4.251996e-06	-8.644512e-09	-2.870036e+01	-5.664069e+02
3.240000e-06	-4.263725e-06	-8.656860e-09	-2.877953e+01	-5.672224e+02
3.250000e-06	-4.273962e-06	-8.664616e-09	-2.884863e+01	-5.678734e+02
3.260000e-06	-4.282785e-06	-8.671033e-09	-2.890818e+01	-5.684053e+02
3.270000e-06	-4.290166e-06	-8.679791e-09	-2.895800e+01	-5.688665e+02
3.280000e-06	-4.295929e-06	-8.687830e-09	-2.899690e+01	-5.692792e+02
3.290000e-06	-4.300028e-06	-8.691823e-09	-2.902457e+01	-5.696252e+02
3.300000e-06	-4.302683e-06	-8.692868e-09	-2.904249e+01	-5.698615e+02
3.310000e-06	-4.303978e-06	-8.693282e-09	-2.905123e+01	-5.699530e+02
3.320000e-06	-4.303916e-06	-8.694241e-09	-2.905081e+01	-5.699004e+02
