# Temperatura_=_20.0
# Concentracion g/m^3_=_10000.0
# C_Vs_to_Am_M_A/Vsm_=_65563218390.804596
# pendiente_HvsI_1/m_=_3716.3
# ordenada_HvsI_A/m_=_1297.0
# frecuencia_Hz_=_300938.7732268595

Tiempo_(s)	Campo_(V.s)	Magnetizacion_(V.s)	Campo_(kA/m)	Magnetizacion_(A/m)
0.000000e+00	-4.292575e-06	-8.615364e-09	-2.904793e+01	-5.644614e+02
1.000000e-08	-4.291894e-06	-8.614047e-09	-2.904333e+01	-5.642850e+02
2.000000e-08	-4.289683e-06	-8.612246e-09	-2.902837e+01	-5.639261e+02
3.000000e-08	-4.285928e-06	-8.608714e-09	-2.900295e+01	-5.635262e+02
4.000000e-08	-4.280816e-06	-8.602397e-09	-2.896836e+01	-5.632049e+02
5.000000e-08	-4.274427e-06	-8.596228e-09	-2.892512e+01	-5.629885e+02
6.000000e-08	-4.266776e-06	-8.591553e-09	-2.887335e+01	-5.627939e+02
7.000000e-08	-4.257772e-06	-8.589936e-09	-2.881242e+01	-5.624778e+02
8.000000e-08	-4.247156e-06	-8.594101e-09	-2.874058e+01	-5.619227e+02
9.000000e-08	-4.234721e-06	-8.556648e-09	-2.865643e+01	-5.611024e+02
1.000000e-07	-4.220208e-06	-8.514863e-09	-2.855822e+01	-5.600878e+02
1.100000e-07	-4.203540e-06	-8.520130e-09	-2.844543e+01	-5.589930e+02
1.200000e-07	-4.185169e-06	-8.522936e-09	-2.832111e+01	-5.579019e+02
1.300000e-07	-4.165691e-06	-8.586102e-09	-2.818930e+01	-5.568263e+02
1.400000e-07	-4.145332e-06	-8.483086e-09	-2.805153e+01	-5.557188e+02
1.500000e-07	-4.123841e-06	-8.350360e-09	-2.790611e+01	-5.545262e+02
1.600000e-07	-4.101104e-06	-8.523204e-09	-2.775225e+01	-5.532363e+02
1.700000e-07	-4.077085e-06	-8.458383e-09	-2.758971e+01	-5.518849e+02
1.800000e-07	-4.051302e-06	-8.314972e-09	-2.741523e+01	-5.505162e+02
1.900000e-07	-4.023816e-06	-8.453458e-09	-2.722924e+01	-5.491331e+02
2.000000e-07	-3.995245e-06	-8.369355e-09	-2.703589e+01	-5.476764e+02
2.100000e-07	-3.965499e-06	-8.241936e-09	-2.683460e+01	-5.460546e+02
2.200000e-07	-3.934320e-06	-8.380722e-09	-2.662362e+01	-5.442034e+02
2.300000e-07	-3.901767e-06	-8.305863e-09	-2.640333e+01	-5.421325e+02
2.400000e-07	-3.867788e-06	-8.168311e-09	-2.617339e+01	-5.399238e+02
2.500000e-07	-3.832313e-06	-8.217035e-09	-2.593333e+01	-5.376792e+02
2.600000e-07	-3.795367e-06	-8.149677e-09	-2.568332e+01	-5.354525e+02
2.700000e-07	-3.757000e-06	-8.138175e-09	-2.542369e+01	-5.332111e+02
2.800000e-07	-3.717449e-06	-8.132938e-09	-2.515604e+01	-5.308528e+02
2.900000e-07	-3.676777e-06	-8.008438e-09	-2.488081e+01	-5.282659e+02
3.000000e-07	-3.634618e-06	-7.998217e-09	-2.459553e+01	-5.253934e+02
3.100000e-07	-3.590889e-06	-8.002591e-09	-2.429961e+01	-5.222613e+02
3.200000e-07	-3.545827e-06	-7.907616e-09	-2.399468e+01	-5.189586e+02
3.300000e-07	-3.499564e-06	-7.849298e-09	-2.368162e+01	-5.155865e+02
3.400000e-07	-3.452143e-06	-7.807143e-09	-2.336071e+01	-5.122101e+02
3.500000e-07	-3.403414e-06	-7.751056e-09	-2.303096e+01	-5.088387e+02
3.600000e-07	-3.353093e-06	-7.718982e-09	-2.269044e+01	-5.054364e+02
3.700000e-07	-3.301163e-06	-7.678615e-09	-2.233903e+01	-5.019477e+02
3.800000e-07	-3.247927e-06	-7.585708e-09	-2.197878e+01	-4.983180e+02
3.900000e-07	-3.193582e-06	-7.505157e-09	-2.161103e+01	-4.945035e+02
4.000000e-07	-3.138193e-06	-7.491528e-09	-2.123621e+01	-4.904750e+02
4.100000e-07	-3.081887e-06	-7.424995e-09	-2.085519e+01	-4.862239e+02
4.200000e-07	-3.024471e-06	-7.336099e-09	-2.046665e+01	-4.817720e+02
4.300000e-07	-2.965709e-06	-7.268247e-09	-2.006901e+01	-4.771727e+02
4.400000e-07	-2.905760e-06	-7.201232e-09	-1.966333e+01	-4.724952e+02
4.500000e-07	-2.844788e-06	-7.156628e-09	-1.925073e+01	-4.677925e+02
4.600000e-07	-2.782923e-06	-7.074561e-09	-1.883209e+01	-4.630703e+02
4.700000e-07	-2.720184e-06	-6.970043e-09	-1.840753e+01	-4.582777e+02
4.800000e-07	-2.656580e-06	-6.888881e-09	-1.797713e+01	-4.533291e+02
4.900000e-07	-2.592165e-06	-6.828239e-09	-1.754123e+01	-4.481470e+02
5.000000e-07	-2.526666e-06	-6.760374e-09	-1.709800e+01	-4.427002e+02
5.100000e-07	-2.459867e-06	-6.667620e-09	-1.664597e+01	-4.370140e+02
5.200000e-07	-2.392127e-06	-6.568939e-09	-1.618756e+01	-4.311481e+02
5.300000e-07	-2.323771e-06	-6.484175e-09	-1.572500e+01	-4.251593e+02
5.400000e-07	-2.254691e-06	-6.406107e-09	-1.525754e+01	-4.190718e+02
5.500000e-07	-2.184847e-06	-6.309143e-09	-1.478490e+01	-4.128746e+02
5.600000e-07	-2.114303e-06	-6.189893e-09	-1.430752e+01	-4.065376e+02
5.700000e-07	-2.042994e-06	-6.081393e-09	-1.382498e+01	-4.000332e+02
5.800000e-07	-1.970993e-06	-5.996291e-09	-1.333774e+01	-3.933440e+02
5.900000e-07	-1.898360e-06	-5.905015e-09	-1.284624e+01	-3.864569e+02
6.000000e-07	-1.824961e-06	-5.794294e-09	-1.234954e+01	-3.793534e+02
6.100000e-07	-1.750703e-06	-5.667355e-09	-1.184704e+01	-3.720119e+02
6.200000e-07	-1.675579e-06	-5.553566e-09	-1.133867e+01	-3.644234e+02
6.300000e-07	-1.599701e-06	-5.448509e-09	-1.082521e+01	-3.566076e+02
6.400000e-07	-1.523202e-06	-5.326348e-09	-1.030754e+01	-3.486127e+02
6.500000e-07	-1.446205e-06	-5.188363e-09	-9.786496e+00	-3.404914e+02
6.600000e-07	-1.368732e-06	-5.053162e-09	-9.262231e+00	-3.322649e+02
6.700000e-07	-1.290725e-06	-4.936257e-09	-8.734361e+00	-3.239005e+02
6.800000e-07	-1.212205e-06	-4.817233e-09	-8.203013e+00	-3.153193e+02
6.900000e-07	-1.133119e-06	-4.680222e-09	-7.667835e+00	-3.064331e+02
7.000000e-07	-1.053514e-06	-4.527715e-09	-7.129147e+00	-2.971887e+02
7.100000e-07	-9.734312e-07	-4.380702e-09	-6.587227e+00	-2.875913e+02
7.200000e-07	-8.927675e-07	-4.240850e-09	-6.041374e+00	-2.776932e+02
7.300000e-07	-8.117314e-07	-4.090837e-09	-5.493001e+00	-2.675573e+02
7.400000e-07	-7.305220e-07	-3.924810e-09	-4.943456e+00	-2.572207e+02
7.500000e-07	-6.491893e-07	-3.753561e-09	-4.393076e+00	-2.466810e+02
7.600000e-07	-5.677088e-07	-3.594271e-09	-3.841696e+00	-2.359089e+02
7.700000e-07	-4.859909e-07	-3.437426e-09	-3.288709e+00	-2.248719e+02
7.800000e-07	-4.041648e-07	-3.266249e-09	-2.734990e+00	-2.135496e+02
7.900000e-07	-3.223292e-07	-3.078700e-09	-2.181208e+00	-2.019291e+02
8.000000e-07	-2.404164e-07	-2.893435e-09	-1.626902e+00	-1.899912e+02
8.100000e-07	-1.584399e-07	-2.713008e-09	-1.072166e+00	-1.777033e+02
8.200000e-07	-7.642832e-08	-2.525838e-09	-5.171919e-01	-1.650324e+02
8.300000e-07	5.629131e-09	-2.324466e-09	3.809243e-02	-1.519697e+02
8.400000e-07	8.771521e-08	-2.113493e-09	5.935704e-01	-1.385473e+02
8.500000e-07	1.697968e-07	-1.905477e-09	1.149018e+00	-1.248287e+02
8.600000e-07	2.517951e-07	-1.699146e-09	1.703902e+00	-1.108727e+02
8.700000e-07	3.336604e-07	-1.484030e-09	2.257886e+00	-9.669169e+01
8.800000e-07	4.153921e-07	-1.254341e-09	2.810966e+00	-8.223402e+01
8.900000e-07	4.970499e-07	-1.022033e-09	3.363546e+00	-6.740475e+01
9.000000e-07	5.785890e-07	-7.922572e-10	3.915322e+00	-5.211677e+01
9.100000e-07	6.599017e-07	-5.578020e-10	4.465567e+00	-3.634219e+01
9.200000e-07	7.410187e-07	-3.092839e-10	5.014487e+00	-2.013336e+01
9.300000e-07	8.219218e-07	-5.009554e-11	5.561960e+00	-3.601362e+00
9.400000e-07	9.025472e-07	2.051064e-10	6.107553e+00	1.313401e+01
9.500000e-07	9.828119e-07	4.549418e-10	6.650706e+00	2.999299e+01
9.600000e-07	1.062579e-06	7.101225e-10	7.190488e+00	4.695665e+01
9.700000e-07	1.141784e-06	9.793541e-10	7.726470e+00	6.405229e+01
9.800000e-07	1.220508e-06	1.251800e-09	8.259198e+00	8.131626e+01
9.900000e-07	1.298862e-06	1.517911e-09	8.789421e+00	9.875715e+01
1.000000e-06	1.376802e-06	1.780620e-09	9.316843e+00	1.163367e+02
1.010000e-06	1.454244e-06	2.048341e-09	9.840899e+00	1.339725e+02
1.020000e-06	1.531149e-06	2.321166e-09	1.036131e+01	1.515543e+02
1.030000e-06	1.607554e-06	2.587292e-09	1.087835e+01	1.689645e+02
1.040000e-06	1.683439e-06	2.842056e-09	1.139186e+01	1.860952e+02
1.050000e-06	1.758569e-06	3.093907e-09	1.190027e+01	2.028617e+02
1.060000e-06	1.832716e-06	3.350064e-09	1.240202e+01	2.192131e+02
1.070000e-06	1.905914e-06	3.601203e-09	1.289736e+01	2.351358e+02
1.080000e-06	1.978378e-06	3.838744e-09	1.338772e+01	2.506462e+02
1.090000e-06	2.050280e-06	4.064650e-09	1.387428e+01	2.657710e+02
1.100000e-06	2.121563e-06	4.288013e-09	1.435666e+01	2.805216e+02
1.110000e-06	2.192070e-06	4.510401e-09	1.483378e+01	2.948742e+02
1.120000e-06	2.261763e-06	4.720845e-09	1.530539e+01	3.087691e+02
1.130000e-06	2.330731e-06	4.918413e-09	1.577210e+01	3.221299e+02
1.140000e-06	2.399090e-06	5.107637e-09	1.623469e+01	3.348963e+02
1.150000e-06	2.466768e-06	5.295429e-09	1.669266e+01	3.470505e+02
1.160000e-06	2.533420e-06	5.477341e-09	1.714370e+01	3.586261e+02
1.170000e-06	2.598814e-06	5.647118e-09	1.758622e+01	3.696926e+02
1.180000e-06	2.663190e-06	5.807308e-09	1.802185e+01	3.803263e+02
1.190000e-06	2.726756e-06	5.963157e-09	1.845201e+01	3.905805e+02
1.200000e-06	2.789478e-06	6.114733e-09	1.887645e+01	4.004703e+02
1.210000e-06	2.851265e-06	6.256992e-09	1.929456e+01	4.099756e+02
1.220000e-06	2.912139e-06	6.391458e-09	1.970650e+01	4.190602e+02
1.230000e-06	2.972234e-06	6.521699e-09	2.011316e+01	4.276950e+02
1.240000e-06	3.031346e-06	6.650500e-09	2.051318e+01	4.358762e+02
1.250000e-06	3.089086e-06	6.772974e-09	2.090390e+01	4.436306e+02
1.260000e-06	3.145504e-06	6.888103e-09	2.128568e+01	4.510064e+02
1.270000e-06	3.200840e-06	6.994804e-09	2.166014e+01	4.580545e+02
1.280000e-06	3.255143e-06	7.097290e-09	2.202761e+01	4.648091e+02
1.290000e-06	3.308295e-06	7.196037e-09	2.238729e+01	4.712780e+02
1.300000e-06	3.360123e-06	7.287514e-09	2.273801e+01	4.774481e+02
1.310000e-06	3.410426e-06	7.372772e-09	2.307842e+01	4.833040e+02
1.320000e-06	3.459220e-06	7.454887e-09	2.340860e+01	4.888471e+02
1.330000e-06	3.506727e-06	7.537647e-09	2.373009e+01	4.941040e+02
1.340000e-06	3.553072e-06	7.618003e-09	2.404370e+01	4.991150e+02
1.350000e-06	3.598307e-06	7.691351e-09	2.434981e+01	5.039107e+02
1.360000e-06	3.642415e-06	7.757542e-09	2.464829e+01	5.084911e+02
1.370000e-06	3.685148e-06	7.821254e-09	2.493747e+01	5.128257e+02
1.380000e-06	3.726349e-06	7.883505e-09	2.521627e+01	5.168775e+02
1.390000e-06	3.766238e-06	7.940739e-09	2.548620e+01	5.206381e+02
1.400000e-06	3.804901e-06	7.991139e-09	2.574783e+01	5.241492e+02
1.410000e-06	3.842307e-06	8.039024e-09	2.600096e+01	5.274925e+02
1.420000e-06	3.878534e-06	8.089855e-09	2.624611e+01	5.307501e+02
1.430000e-06	3.913336e-06	8.142953e-09	2.648162e+01	5.339576e+02
1.440000e-06	3.946545e-06	8.193134e-09	2.670634e+01	5.370810e+02
1.450000e-06	3.978348e-06	8.236537e-09	2.692155e+01	5.400348e+02
1.460000e-06	4.008868e-06	8.275039e-09	2.712808e+01	5.427326e+02
1.470000e-06	4.038141e-06	8.310759e-09	2.732617e+01	5.451386e+02
1.480000e-06	4.066061e-06	8.342667e-09	2.751511e+01	5.472891e+02
1.490000e-06	4.092407e-06	8.371655e-09	2.769339e+01	5.492704e+02
1.500000e-06	4.117155e-06	8.400129e-09	2.786086e+01	5.511698e+02
1.510000e-06	4.140453e-06	8.429465e-09	2.801852e+01	5.530302e+02
1.520000e-06	4.162363e-06	8.458204e-09	2.816679e+01	5.548366e+02
1.530000e-06	4.182971e-06	8.483953e-09	2.830624e+01	5.565368e+02
1.540000e-06	4.202243e-06	8.505503e-09	2.843665e+01	5.580786e+02
1.550000e-06	4.219984e-06	8.525273e-09	2.855671e+01	5.594354e+02
1.560000e-06	4.236163e-06	8.544308e-09	2.866619e+01	5.606090e+02
1.570000e-06	4.250809e-06	8.560489e-09	2.876530e+01	5.616152e+02
1.580000e-06	4.263852e-06	8.572721e-09	2.885356e+01	5.624715e+02
1.590000e-06	4.275135e-06	8.581516e-09	2.892992e+01	5.631987e+02
1.600000e-06	4.284613e-06	8.589851e-09	2.899406e+01	5.638308e+02
1.610000e-06	4.292526e-06	8.599447e-09	2.904760e+01	5.644167e+02
1.620000e-06	4.299032e-06	8.609476e-09	2.909163e+01	5.650004e+02
1.630000e-06	4.304207e-06	8.618289e-09	2.912665e+01	5.655876e+02
1.640000e-06	4.307961e-06	8.626885e-09	2.915205e+01	5.661240e+02
1.650000e-06	4.310034e-06	8.632859e-09	2.916608e+01	5.665095e+02
1.660000e-06	4.310503e-06	8.634581e-09	2.916925e+01	5.666498e+02
1.670000e-06	4.309543e-06	8.633227e-09	2.916275e+01	5.665176e+02
1.680000e-06	4.307268e-06	8.628087e-09	2.914736e+01	5.661816e+02
1.690000e-06	4.303770e-06	8.620781e-09	2.912369e+01	5.657785e+02
1.700000e-06	4.298870e-06	8.615565e-09	2.909053e+01	5.654379e+02
1.710000e-06	4.292361e-06	8.613228e-09	2.904649e+01	5.652060e+02
1.720000e-06	4.284416e-06	8.610173e-09	2.899272e+01	5.650173e+02
1.730000e-06	4.275239e-06	8.596938e-09	2.893062e+01	5.647334e+02
1.740000e-06	4.264793e-06	8.571989e-09	2.885993e+01	5.642260e+02
1.750000e-06	4.252771e-06	8.617107e-09	2.877858e+01	5.634502e+02
1.760000e-06	4.238523e-06	8.608287e-09	2.868216e+01	5.624622e+02
1.770000e-06	4.221800e-06	8.576467e-09	2.856900e+01	5.613738e+02
1.780000e-06	4.203320e-06	8.482798e-09	2.844394e+01	5.602790e+02
1.790000e-06	4.184103e-06	8.447671e-09	2.831390e+01	5.592029e+02
1.800000e-06	4.164373e-06	8.610807e-09	2.818039e+01	5.581057e+02
1.810000e-06	4.143233e-06	8.498990e-09	2.803733e+01	5.569307e+02
1.820000e-06	4.120317e-06	8.360558e-09	2.788226e+01	5.556567e+02
1.830000e-06	4.096268e-06	8.530878e-09	2.771952e+01	5.543125e+02
1.840000e-06	4.070942e-06	8.446886e-09	2.754814e+01	5.529449e+02
1.850000e-06	4.043981e-06	8.299717e-09	2.736569e+01	5.515670e+02
1.860000e-06	4.015638e-06	8.487417e-09	2.717390e+01	5.501300e+02
1.870000e-06	3.985729e-06	8.379350e-09	2.697150e+01	5.485440e+02
1.880000e-06	3.954177e-06	8.220184e-09	2.675799e+01	5.467355e+02
1.890000e-06	3.921302e-06	8.378149e-09	2.653552e+01	5.446994e+02
1.900000e-06	3.887075e-06	8.283266e-09	2.630390e+01	5.425075e+02
1.910000e-06	3.851681e-06	8.221414e-09	2.606439e+01	5.402631e+02
1.920000e-06	3.815066e-06	8.267137e-09	2.581662e+01	5.380330e+02
1.930000e-06	3.776725e-06	8.087435e-09	2.555717e+01	5.358004e+02
1.940000e-06	3.736884e-06	8.166355e-09	2.528756e+01	5.334718e+02
1.950000e-06	3.695830e-06	8.174609e-09	2.500975e+01	5.309322e+02
1.960000e-06	3.653469e-06	7.979379e-09	2.472309e+01	5.281111e+02
1.970000e-06	3.609958e-06	8.028195e-09	2.442865e+01	5.250201e+02
1.980000e-06	3.565244e-06	7.971193e-09	2.412607e+01	5.217401e+02
1.990000e-06	3.519249e-06	7.895912e-09	2.381482e+01	5.183741e+02
2.000000e-06	3.471989e-06	7.894695e-09	2.349501e+01	5.149962e+02
2.010000e-06	3.423418e-06	7.788817e-09	2.316633e+01	5.116255e+02
2.020000e-06	3.373648e-06	7.743981e-09	2.282954e+01	5.082325e+02
2.030000e-06	3.322600e-06	7.689979e-09	2.248410e+01	5.047634e+02
2.040000e-06	3.270089e-06	7.663608e-09	2.212876e+01	5.011625e+02
2.050000e-06	3.216112e-06	7.614768e-09	2.176349e+01	4.973837e+02
2.060000e-06	3.160860e-06	7.492923e-09	2.138960e+01	4.933947e+02
2.070000e-06	3.104568e-06	7.482165e-09	2.100867e+01	4.891827e+02
2.080000e-06	3.047176e-06	7.406226e-09	2.062029e+01	4.847635e+02
2.090000e-06	2.988668e-06	7.331015e-09	2.022437e+01	4.801856e+02
2.100000e-06	2.929303e-06	7.261346e-09	1.982265e+01	4.755172e+02
2.110000e-06	2.869004e-06	7.137262e-09	1.941460e+01	4.708169e+02
2.120000e-06	2.807494e-06	7.128514e-09	1.899837e+01	4.661004e+02
2.130000e-06	2.744769e-06	7.053670e-09	1.857390e+01	4.613262e+02
2.140000e-06	2.681098e-06	6.971279e-09	1.814304e+01	4.564120e+02
2.150000e-06	2.616559e-06	6.896986e-09	1.770630e+01	4.512755e+02
2.160000e-06	2.551051e-06	6.786801e-09	1.726301e+01	4.458756e+02
2.170000e-06	2.484675e-06	6.731408e-09	1.681384e+01	4.402283e+02
2.180000e-06	2.417509e-06	6.626104e-09	1.635933e+01	4.343898e+02
2.190000e-06	2.349654e-06	6.531506e-09	1.590015e+01	4.284199e+02
2.200000e-06	2.280945e-06	6.428109e-09	1.543519e+01	4.223500e+02
2.210000e-06	2.211103e-06	6.338405e-09	1.496258e+01	4.161744e+02
2.220000e-06	2.140243e-06	6.275133e-09	1.448307e+01	4.098646e+02
2.230000e-06	2.068635e-06	6.161342e-09	1.399849e+01	4.033917e+02
2.240000e-06	1.996421e-06	6.055296e-09	1.350982e+01	3.967364e+02
2.250000e-06	1.923611e-06	5.937047e-09	1.301711e+01	3.898858e+02
2.260000e-06	1.850161e-06	5.836734e-09	1.252007e+01	3.828225e+02
2.270000e-06	1.776000e-06	5.738585e-09	1.201822e+01	3.755248e+02
2.280000e-06	1.701168e-06	5.607327e-09	1.151184e+01	3.679799e+02
2.290000e-06	1.625727e-06	5.486036e-09	1.100133e+01	3.602018e+02
2.300000e-06	1.549687e-06	5.368469e-09	1.048676e+01	3.522347e+02
2.310000e-06	1.472991e-06	5.262737e-09	9.967755e+00	3.441330e+02
2.320000e-06	1.395556e-06	5.137390e-09	9.443753e+00	3.359261e+02
2.330000e-06	1.317379e-06	4.994152e-09	8.914730e+00	3.275912e+02
2.340000e-06	1.238586e-06	4.860040e-09	8.381532e+00	3.190555e+02
2.350000e-06	1.159345e-06	4.728811e-09	7.845310e+00	3.102291e+02
2.360000e-06	1.079795e-06	4.600557e-09	7.306993e+00	3.010500e+02
2.370000e-06	1.000030e-06	4.448422e-09	6.767219e+00	2.915128e+02
2.380000e-06	9.200786e-07	4.288540e-09	6.226188e+00	2.816635e+02
2.390000e-06	8.398386e-07	4.137137e-09	5.683203e+00	2.715662e+02
2.400000e-06	7.592054e-07	3.988864e-09	5.137557e+00	2.612646e+02
2.410000e-06	6.781659e-07	3.835433e-09	4.589161e+00	2.507629e+02
2.420000e-06	5.968554e-07	3.660960e-09	4.038931e+00	2.400348e+02
2.430000e-06	5.154483e-07	3.485068e-09	3.488048e+00	2.290470e+02
2.440000e-06	4.339136e-07	3.317285e-09	2.936301e+00	2.177766e+02
2.450000e-06	3.522185e-07	3.149989e-09	2.383469e+00	2.062104e+02
2.460000e-06	2.704305e-07	2.967502e-09	1.830008e+00	1.943312e+02
2.470000e-06	1.886508e-07	2.769964e-09	1.276603e+00	1.821086e+02
2.480000e-06	1.068644e-07	2.576299e-09	7.231537e-01	1.695077e+02
2.490000e-06	2.501381e-08	2.386437e-09	1.692689e-01	1.565138e+02
2.500000e-06	-5.686239e-08	2.188021e-09	-3.847888e-01	1.431515e+02
2.510000e-06	-1.386764e-07	1.972035e-09	-9.384255e-01	1.294808e+02
2.520000e-06	-2.203976e-07	1.753014e-09	-1.491435e+00	1.155645e+02
2.530000e-06	-3.020277e-07	1.541934e-09	-2.043827e+00	1.014256e+02
2.540000e-06	-3.835896e-07	1.330745e-09	-2.595758e+00	8.702366e+01
2.550000e-06	-4.650406e-07	1.106806e-09	-3.146938e+00	7.226812e+01
2.560000e-06	-5.463037e-07	8.684402e-10	-3.696847e+00	5.706630e+01
2.570000e-06	-6.274139e-07	6.283528e-10	-4.245721e+00	4.137704e+01
2.580000e-06	-7.083220e-07	3.885104e-10	-4.793228e+00	2.523873e+01
2.590000e-06	-7.889486e-07	1.414896e-10	-5.338830e+00	8.755167e+00
2.600000e-06	-8.692697e-07	-1.178392e-10	-5.882364e+00	-7.951381e+00
2.610000e-06	-9.493183e-07	-3.809929e-10	-6.424054e+00	-2.479143e+01
2.620000e-06	-1.029121e-06	-6.367194e-10	-6.964079e+00	-4.173532e+01
2.630000e-06	-1.108641e-06	-8.893022e-10	-7.502191e+00	-5.880445e+01
2.640000e-06	-1.187839e-06	-1.150111e-09	-8.038130e+00	-7.603655e+01
2.650000e-06	-1.266649e-06	-1.420551e-09	-8.571436e+00	-9.344723e+01
2.660000e-06	-1.344859e-06	-1.689561e-09	-9.100684e+00	-1.110070e+02
2.670000e-06	-1.422257e-06	-1.952773e-09	-9.624441e+00	-1.286402e+02
2.680000e-06	-1.498868e-06	-2.216708e-09	-1.014287e+01	-1.462404e+02
2.690000e-06	-1.574796e-06	-2.487285e-09	-1.065667e+01	-1.636897e+02
2.700000e-06	-1.650163e-06	-2.756869e-09	-1.116668e+01	-1.808773e+02
2.710000e-06	-1.724980e-06	-3.013292e-09	-1.167297e+01	-1.977136e+02
2.720000e-06	-1.799142e-06	-3.256355e-09	-1.217483e+01	-2.141412e+02
2.730000e-06	-1.872678e-06	-3.495892e-09	-1.267244e+01	-2.301399e+02
2.740000e-06	-1.945566e-06	-3.737050e-09	-1.316568e+01	-2.457220e+02
2.750000e-06	-2.017750e-06	-3.971269e-09	-1.365415e+01	-2.609140e+02
2.760000e-06	-2.089345e-06	-4.194599e-09	-1.413863e+01	-2.757320e+02
2.770000e-06	-2.160317e-06	-4.412124e-09	-1.461890e+01	-2.901593e+02
2.780000e-06	-2.230387e-06	-4.629585e-09	-1.509307e+01	-3.041413e+02
2.790000e-06	-2.299382e-06	-4.841901e-09	-1.555996e+01	-3.176029e+02
2.800000e-06	-2.367410e-06	-5.038650e-09	-1.602031e+01	-3.304782e+02
2.810000e-06	-2.434695e-06	-5.221181e-09	-1.647563e+01	-3.427407e+02
2.820000e-06	-2.501203e-06	-5.397496e-09	-1.692569e+01	-3.544152e+02
2.830000e-06	-2.566857e-06	-5.570168e-09	-1.736997e+01	-3.655668e+02
2.840000e-06	-2.631672e-06	-5.735405e-09	-1.780858e+01	-3.762729e+02
2.850000e-06	-2.695662e-06	-5.891161e-09	-1.824159e+01	-3.865926e+02
2.860000e-06	-2.758849e-06	-6.041425e-09	-1.866918e+01	-3.965481e+02
2.870000e-06	-2.820905e-06	-6.191598e-09	-1.908912e+01	-4.061246e+02
2.880000e-06	-2.881668e-06	-6.336606e-09	-1.950030e+01	-4.152870e+02
2.890000e-06	-2.941428e-06	-6.468706e-09	-1.990469e+01	-4.240032e+02
2.900000e-06	-3.000314e-06	-6.588219e-09	-2.030318e+01	-4.322643e+02
2.910000e-06	-3.058177e-06	-6.702737e-09	-2.069474e+01	-4.400917e+02
2.920000e-06	-3.114921e-06	-6.817054e-09	-2.107873e+01	-4.475313e+02
2.930000e-06	-3.170666e-06	-6.928162e-09	-2.145595e+01	-4.546347e+02
2.940000e-06	-3.225353e-06	-7.031998e-09	-2.182602e+01	-4.614404e+02
2.950000e-06	-3.278584e-06	-7.130235e-09	-2.218624e+01	-4.679608e+02
2.960000e-06	-3.330336e-06	-7.227715e-09	-2.253645e+01	-4.741857e+02
2.970000e-06	-3.380793e-06	-7.323118e-09	-2.287789e+01	-4.800982e+02
2.980000e-06	-3.429866e-06	-7.410298e-09	-2.320997e+01	-4.856959e+02
2.990000e-06	-3.477368e-06	-7.485972e-09	-2.353141e+01	-4.910011e+02
3.000000e-06	-3.523433e-06	-7.557616e-09	-2.384313e+01	-4.960532e+02
3.010000e-06	-3.568430e-06	-7.633193e-09	-2.414763e+01	-5.008863e+02
3.020000e-06	-3.612444e-06	-7.708439e-09	-2.444548e+01	-5.055067e+02
3.030000e-06	-3.655417e-06	-7.777821e-09	-2.473627e+01	-5.098881e+02
3.040000e-06	-3.697201e-06	-7.839482e-09	-2.501903e+01	-5.139923e+02
3.050000e-06	-3.737705e-06	-7.898852e-09	-2.529312e+01	-5.178034e+02
3.060000e-06	-3.777001e-06	-7.957222e-09	-2.555904e+01	-5.213538e+02
3.070000e-06	-3.814950e-06	-8.010872e-09	-2.581583e+01	-5.247204e+02
3.080000e-06	-3.851384e-06	-8.057722e-09	-2.606238e+01	-5.279889e+02
3.090000e-06	-3.886462e-06	-8.101189e-09	-2.629976e+01	-5.312058e+02
3.100000e-06	-3.920249e-06	-8.148139e-09	-2.652840e+01	-5.343495e+02
3.110000e-06	-3.952723e-06	-8.196504e-09	-2.674815e+01	-5.373408e+02
3.120000e-06	-3.983821e-06	-8.239753e-09	-2.695859e+01	-5.400889e+02
3.130000e-06	-4.013329e-06	-8.277314e-09	-2.715827e+01	-5.425464e+02
3.140000e-06	-4.041320e-06	-8.311543e-09	-2.734769e+01	-5.447370e+02
3.150000e-06	-4.067943e-06	-8.345675e-09	-2.752784e+01	-5.467415e+02
3.160000e-06	-4.093140e-06	-8.377103e-09	-2.769836e+01	-5.486507e+02
3.170000e-06	-4.116999e-06	-8.403612e-09	-2.785981e+01	-5.505176e+02
3.180000e-06	-4.139406e-06	-8.428134e-09	-2.801144e+01	-5.523368e+02
3.190000e-06	-4.160187e-06	-8.453665e-09	-2.815206e+01	-5.540603e+02
3.200000e-06	-4.179500e-06	-8.479893e-09	-2.828275e+01	-5.556333e+02
3.210000e-06	-4.197442e-06	-8.501753e-09	-2.840416e+01	-5.570237e+02
3.220000e-06	-4.213997e-06	-8.519386e-09	-2.851620e+01	-5.582290e+02
3.230000e-06	-4.229044e-06	-8.535910e-09	-2.861802e+01	-5.592637e+02
3.240000e-06	-4.242316e-06	-8.552289e-09	-2.870783e+01	-5.601455e+02
3.250000e-06	-4.253862e-06	-8.564725e-09	-2.878597e+01	-5.608938e+02
3.260000e-06	-4.263833e-06	-8.573272e-09	-2.885343e+01	-5.615396e+02
3.270000e-06	-4.272322e-06	-8.580762e-09	-2.891088e+01	-5.621300e+02
3.280000e-06	-4.279428e-06	-8.591208e-09	-2.895896e+01	-5.627122e+02
3.290000e-06	-4.284911e-06	-8.601975e-09	-2.899607e+01	-5.633009e+02
3.300000e-06	-4.288759e-06	-8.609298e-09	-2.902211e+01	-5.638529e+02
3.310000e-06	-4.291236e-06	-8.612447e-09	-2.903888e+01	-5.642733e+02
3.320000e-06	-4.292358e-06	-8.613522e-09	-2.904646e+01	-5.644621e+02
