# Temperatura_=_20.0
# Concentracion g/m^3_=_10000.0
# C_Vs_to_Am_M_A/Vsm_=_65563218390.804596
# pendiente_HvsI_1/m_=_3716.3
# ordenada_HvsI_A/m_=_1297.0
# frecuencia_Hz_=_300939.1375690085

Tiempo_(s)	Campo_(V.s)	Magnetizacion_(V.s)	Campo_(kA/m)	Magnetizacion_(A/m)
0.000000e+00	-4.313187e-06	-8.657206e-09	-2.904055e+01	-5.675033e+02
1.000000e-08	-4.311092e-06	-8.654949e-09	-2.902644e+01	-5.671931e+02
2.000000e-08	-4.307411e-06	-8.646647e-09	-2.900166e+01	-5.668291e+02
3.000000e-08	-4.302437e-06	-8.637107e-09	-2.896817e+01	-5.664557e+02
4.000000e-08	-4.296167e-06	-8.630200e-09	-2.892595e+01	-5.660716e+02
5.000000e-08	-4.288625e-06	-8.626693e-09	-2.887517e+01	-5.656468e+02
6.000000e-08	-4.279782e-06	-8.618897e-09	-2.881563e+01	-5.651488e+02
7.000000e-08	-4.269259e-06	-8.595900e-09	-2.874478e+01	-5.645577e+02
8.000000e-08	-4.256900e-06	-8.589910e-09	-2.866157e+01	-5.638601e+02
9.000000e-08	-4.242512e-06	-8.618702e-09	-2.856469e+01	-5.630355e+02
1.000000e-07	-4.225822e-06	-8.608952e-09	-2.845232e+01	-5.620550e+02
1.100000e-07	-4.207357e-06	-8.585339e-09	-2.832800e+01	-5.608997e+02
1.200000e-07	-4.187815e-06	-8.485909e-09	-2.819642e+01	-5.595887e+02
1.300000e-07	-4.167494e-06	-8.430476e-09	-2.805960e+01	-5.581900e+02
1.400000e-07	-4.146082e-06	-8.563286e-09	-2.791543e+01	-5.567964e+02
1.500000e-07	-4.123298e-06	-8.491687e-09	-2.776203e+01	-5.554749e+02
1.600000e-07	-4.099319e-06	-8.378163e-09	-2.760058e+01	-5.542177e+02
1.700000e-07	-4.073638e-06	-8.491790e-09	-2.742767e+01	-5.529339e+02
1.800000e-07	-4.046196e-06	-8.426417e-09	-2.724291e+01	-5.514914e+02
1.900000e-07	-4.017734e-06	-8.327618e-09	-2.705127e+01	-5.497897e+02
2.000000e-07	-3.987995e-06	-8.439828e-09	-2.685104e+01	-5.478196e+02
2.100000e-07	-3.956678e-06	-8.333195e-09	-2.664019e+01	-5.456695e+02
2.200000e-07	-3.924118e-06	-8.194070e-09	-2.642096e+01	-5.434729e+02
2.300000e-07	-3.890086e-06	-8.292616e-09	-2.619182e+01	-5.413298e+02
2.400000e-07	-3.854485e-06	-8.273114e-09	-2.595213e+01	-5.392483e+02
2.500000e-07	-3.817480e-06	-8.194329e-09	-2.570297e+01	-5.371433e+02
2.600000e-07	-3.779019e-06	-8.153758e-09	-2.544401e+01	-5.348896e+02
2.700000e-07	-3.739404e-06	-8.091145e-09	-2.517729e+01	-5.323941e+02
2.800000e-07	-3.698735e-06	-8.088051e-09	-2.490346e+01	-5.296431e+02
2.900000e-07	-3.656519e-06	-8.065237e-09	-2.461922e+01	-5.266985e+02
3.000000e-07	-3.612678e-06	-7.976606e-09	-2.432404e+01	-5.236528e+02
3.100000e-07	-3.567500e-06	-7.916689e-09	-2.401986e+01	-5.205735e+02
3.200000e-07	-3.521069e-06	-7.888882e-09	-2.370724e+01	-5.174722e+02
3.300000e-07	-3.473536e-06	-7.872860e-09	-2.338721e+01	-5.143105e+02
3.400000e-07	-3.424741e-06	-7.814300e-09	-2.305867e+01	-5.110309e+02
3.500000e-07	-3.374279e-06	-7.727858e-09	-2.271891e+01	-5.075894e+02
3.600000e-07	-3.322181e-06	-7.661947e-09	-2.236814e+01	-5.039708e+02
3.700000e-07	-3.268798e-06	-7.626314e-09	-2.200871e+01	-5.001838e+02
3.800000e-07	-3.214342e-06	-7.600074e-09	-2.164206e+01	-4.962474e+02
3.900000e-07	-3.158847e-06	-7.508491e-09	-2.126841e+01	-4.921806e+02
4.000000e-07	-3.102352e-06	-7.414669e-09	-2.088804e+01	-4.879988e+02
4.100000e-07	-3.044657e-06	-7.370743e-09	-2.049958e+01	-4.837133e+02
4.200000e-07	-2.985649e-06	-7.331550e-09	-2.010228e+01	-4.793275e+02
4.300000e-07	-2.925548e-06	-7.262833e-09	-1.969762e+01	-4.748316e+02
4.400000e-07	-2.864392e-06	-7.159915e-09	-1.928586e+01	-4.702009e+02
4.500000e-07	-2.802251e-06	-7.073748e-09	-1.886747e+01	-4.654044e+02
4.600000e-07	-2.739254e-06	-7.026904e-09	-1.844331e+01	-4.604208e+02
4.700000e-07	-2.675479e-06	-6.970256e-09	-1.801391e+01	-4.552526e+02
4.800000e-07	-2.610808e-06	-6.875867e-09	-1.757849e+01	-4.499246e+02
4.900000e-07	-2.544882e-06	-6.766129e-09	-1.713461e+01	-4.444670e+02
5.000000e-07	-2.477749e-06	-6.687012e-09	-1.668260e+01	-4.388927e+02
5.100000e-07	-2.409872e-06	-6.627855e-09	-1.622559e+01	-4.331851e+02
5.200000e-07	-2.341344e-06	-6.537034e-09	-1.576419e+01	-4.273057e+02
5.300000e-07	-2.272021e-06	-6.422944e-09	-1.529745e+01	-4.212179e+02
5.400000e-07	-2.201893e-06	-6.316210e-09	-1.482527e+01	-4.149100e+02
5.500000e-07	-2.130952e-06	-6.237165e-09	-1.434763e+01	-4.084000e+02
5.600000e-07	-2.059362e-06	-6.154454e-09	-1.386562e+01	-4.017201e+02
5.700000e-07	-1.987190e-06	-6.037440e-09	-1.337968e+01	-3.948917e+02
5.800000e-07	-1.914216e-06	-5.908246e-09	-1.288835e+01	-3.879088e+02
5.900000e-07	-1.840339e-06	-5.796703e-09	-1.239094e+01	-3.807420e+02
6.000000e-07	-1.765590e-06	-5.706164e-09	-1.188766e+01	-3.733597e+02
6.100000e-07	-1.690043e-06	-5.599646e-09	-1.137901e+01	-3.657488e+02
6.200000e-07	-1.613808e-06	-5.465497e-09	-1.086571e+01	-3.579201e+02
6.300000e-07	-1.536949e-06	-5.330876e-09	-1.034822e+01	-3.498951e+02
6.400000e-07	-1.459603e-06	-5.218714e-09	-9.827458e+00	-3.416855e+02
6.500000e-07	-1.381830e-06	-5.106314e-09	-9.303819e+00	-3.332816e+02
6.600000e-07	-1.303511e-06	-4.964699e-09	-8.776495e+00	-3.246574e+02
6.700000e-07	-1.224479e-06	-4.810111e-09	-8.244375e+00	-3.157888e+02
6.800000e-07	-1.144756e-06	-4.670906e-09	-7.707608e+00	-3.066686e+02
6.900000e-07	-1.064510e-06	-4.545438e-09	-7.167314e+00	-2.973049e+02
7.000000e-07	-9.838622e-07	-4.404378e-09	-6.624312e+00	-2.877070e+02
7.100000e-07	-9.029078e-07	-4.239075e-09	-6.079249e+00	-2.778678e+02
7.200000e-07	-8.216753e-07	-4.073621e-09	-5.532313e+00	-2.677607e+02
7.300000e-07	-7.402239e-07	-3.923922e-09	-4.983903e+00	-2.573537e+02
7.400000e-07	-6.586215e-07	-3.772189e-09	-4.434477e+00	-2.466317e+02
7.500000e-07	-5.768393e-07	-3.600296e-09	-3.883840e+00	-2.356085e+02
7.600000e-07	-4.948614e-07	-3.415750e-09	-3.331886e+00	-2.243176e+02
7.700000e-07	-4.127574e-07	-3.239753e-09	-2.779082e+00	-2.127865e+02
7.800000e-07	-3.305550e-07	-3.073706e-09	-2.225616e+00	-2.010111e+02
7.900000e-07	-2.482330e-07	-2.893845e-09	-1.671345e+00	-1.889495e+02
8.000000e-07	-1.657715e-07	-2.692691e-09	-1.116134e+00	-1.765410e+02
8.100000e-07	-8.320856e-08	-2.487700e-09	-5.602405e-01	-1.637384e+02
8.200000e-07	-6.569009e-10	-2.294376e-09	-4.422893e-03	-1.505337e+02
8.300000e-07	8.186754e-08	-2.101069e-09	5.512115e-01	-1.369598e+02
8.400000e-07	1.643902e-07	-1.887632e-09	1.106834e+00	-1.230676e+02
8.500000e-07	2.468286e-07	-1.659745e-09	1.661889e+00	-1.088932e+02
8.600000e-07	3.291597e-07	-1.436784e-09	2.216221e+00	-9.443473e+01
8.700000e-07	4.113786e-07	-1.220363e-09	2.769799e+00	-7.965328e+01
8.800000e-07	4.934677e-07	-9.921200e-10	3.322502e+00	-6.449531e+01
8.900000e-07	5.753852e-07	-7.439655e-10	3.874050e+00	-4.892280e+01
9.000000e-07	6.570850e-07	-4.916795e-10	4.424132e+00	-3.293460e+01
9.100000e-07	7.385293e-07	-2.483981e-10	4.972494e+00	-1.656913e+01
9.200000e-07	8.197353e-07	-3.988337e-12	5.519251e+00	1.103206e-01
9.300000e-07	9.007423e-07	2.534696e-10	6.064669e+00	1.703811e+01
9.400000e-07	9.813916e-07	5.216046e-10	6.607678e+00	3.416488e+01
9.500000e-07	1.061642e-06	7.876314e-10	7.148002e+00	5.146447e+01
9.600000e-07	1.141487e-06	1.048655e-09	7.685598e+00	6.892714e+01
9.700000e-07	1.220835e-06	1.315940e-09	8.219845e+00	8.654319e+01
9.800000e-07	1.299687e-06	1.594741e-09	8.750752e+00	1.042844e+02
9.900000e-07	1.378048e-06	1.873875e-09	9.278356e+00	1.220922e+02
1.000000e-06	1.455927e-06	2.139466e-09	9.802712e+00	1.398784e+02
1.010000e-06	1.533276e-06	2.396736e-09	1.032350e+01	1.575394e+02
1.020000e-06	1.610063e-06	2.658254e-09	1.084050e+01	1.749794e+02
1.030000e-06	1.686289e-06	2.925160e-09	1.135373e+01	1.921285e+02
1.040000e-06	1.761897e-06	3.186419e-09	1.186280e+01	2.089484e+02
1.050000e-06	1.836723e-06	3.435850e-09	1.236660e+01	2.254212e+02
1.060000e-06	1.910617e-06	3.679305e-09	1.286413e+01	2.415277e+02
1.070000e-06	1.983589e-06	3.923081e-09	1.335544e+01	2.572313e+02
1.080000e-06	2.055823e-06	4.162176e-09	1.384179e+01	2.724774e+02
1.090000e-06	2.127447e-06	4.385313e-09	1.432403e+01	2.872099e+02
1.100000e-06	2.198358e-06	4.593157e-09	1.480147e+01	3.013947e+02
1.110000e-06	2.268517e-06	4.796205e-09	1.527385e+01	3.150319e+02
1.120000e-06	2.337936e-06	4.998551e-09	1.574125e+01	3.281494e+02
1.130000e-06	2.406593e-06	5.193557e-09	1.620351e+01	3.407798e+02
1.140000e-06	2.474552e-06	5.374924e-09	1.666108e+01	3.529379e+02
1.150000e-06	2.541624e-06	5.548616e-09	1.711267e+01	3.646127e+02
1.160000e-06	2.607477e-06	5.723140e-09	1.755606e+01	3.757814e+02
1.170000e-06	2.672209e-06	5.893496e-09	1.799190e+01	3.864327e+02
1.180000e-06	2.736119e-06	6.047428e-09	1.842220e+01	3.965835e+02
1.190000e-06	2.799203e-06	6.185284e-09	1.884694e+01	4.062759e+02
1.200000e-06	2.861367e-06	6.320009e-09	1.926549e+01	4.155573e+02
1.210000e-06	2.922582e-06	6.459143e-09	1.967765e+01	4.244588e+02
1.220000e-06	2.982949e-06	6.594901e-09	2.008410e+01	4.329874e+02
1.230000e-06	3.042409e-06	6.719283e-09	2.048444e+01	4.411373e+02
1.240000e-06	3.100505e-06	6.835173e-09	2.087560e+01	4.489088e+02
1.250000e-06	3.157231e-06	6.950648e-09	2.125753e+01	4.563194e+02
1.260000e-06	3.212907e-06	7.064349e-09	2.163240e+01	4.633965e+02
1.270000e-06	3.267564e-06	7.168075e-09	2.200040e+01	4.701577e+02
1.280000e-06	3.321111e-06	7.261463e-09	2.236093e+01	4.765976e+02
1.290000e-06	3.373417e-06	7.349529e-09	2.271311e+01	4.826928e+02
1.300000e-06	3.424188e-06	7.437600e-09	2.305494e+01	4.884274e+02
1.310000e-06	3.473342e-06	7.523086e-09	2.338590e+01	4.938199e+02
1.320000e-06	3.521191e-06	7.602479e-09	2.370806e+01	4.989300e+02
1.330000e-06	3.567880e-06	7.676563e-09	2.402242e+01	5.038372e+02
1.340000e-06	3.613351e-06	7.748965e-09	2.432858e+01	5.085996e+02
1.350000e-06	3.657741e-06	7.820794e-09	2.462745e+01	5.132222e+02
1.360000e-06	3.700882e-06	7.888405e-09	2.491792e+01	5.176542e+02
1.370000e-06	3.742429e-06	7.949943e-09	2.519766e+01	5.218215e+02
1.380000e-06	3.782612e-06	8.007055e-09	2.546821e+01	5.256747e+02
1.390000e-06	3.821599e-06	8.062035e-09	2.573070e+01	5.292221e+02
1.400000e-06	3.859279e-06	8.114807e-09	2.598440e+01	5.325294e+02
1.410000e-06	3.895759e-06	8.163669e-09	2.623002e+01	5.356861e+02
1.420000e-06	3.930896e-06	8.209460e-09	2.646660e+01	5.387602e+02
1.430000e-06	3.964375e-06	8.254684e-09	2.669201e+01	5.417677e+02
1.440000e-06	3.996394e-06	8.301043e-09	2.690759e+01	5.446715e+02
1.450000e-06	4.027141e-06	8.345208e-09	2.711461e+01	5.474065e+02
1.460000e-06	4.056580e-06	8.380997e-09	2.731282e+01	5.499132e+02
1.470000e-06	4.084768e-06	8.410496e-09	2.750261e+01	5.521636e+02
1.480000e-06	4.111401e-06	8.441337e-09	2.768193e+01	5.541691e+02
1.490000e-06	4.136298e-06	8.473632e-09	2.784956e+01	5.559739e+02
1.500000e-06	4.159693e-06	8.501404e-09	2.800708e+01	5.576389e+02
1.510000e-06	4.181704e-06	8.524897e-09	2.815528e+01	5.592226e+02
1.520000e-06	4.202436e-06	8.547215e-09	2.829487e+01	5.607618e+02
1.530000e-06	4.221914e-06	8.569884e-09	2.842601e+01	5.622564e+02
1.540000e-06	4.239914e-06	8.591830e-09	2.854720e+01	5.636661e+02
1.550000e-06	4.256298e-06	8.609219e-09	2.865752e+01	5.649240e+02
1.560000e-06	4.271122e-06	8.622508e-09	2.875733e+01	5.659682e+02
1.570000e-06	4.284337e-06	8.635632e-09	2.884630e+01	5.667776e+02
1.580000e-06	4.295840e-06	8.648344e-09	2.892375e+01	5.673911e+02
1.590000e-06	4.305521e-06	8.657196e-09	2.898894e+01	5.678956e+02
1.600000e-06	4.313594e-06	8.662168e-09	2.904329e+01	5.683832e+02
1.610000e-06	4.320275e-06	8.668013e-09	2.908828e+01	5.689024e+02
1.620000e-06	4.325571e-06	8.676418e-09	2.912393e+01	5.694296e+02
1.630000e-06	4.329517e-06	8.684214e-09	2.915050e+01	5.698819e+02
1.640000e-06	4.331756e-06	8.688779e-09	2.916557e+01	5.701641e+02
1.650000e-06	4.332302e-06	8.688433e-09	2.916925e+01	5.702217e+02
1.660000e-06	4.331478e-06	8.684796e-09	2.916370e+01	5.700678e+02
1.670000e-06	4.329276e-06	8.680640e-09	2.914888e+01	5.697702e+02
1.680000e-06	4.325851e-06	8.676218e-09	2.912582e+01	5.694090e+02
1.690000e-06	4.321080e-06	8.667775e-09	2.909369e+01	5.690350e+02
1.700000e-06	4.314601e-06	8.660568e-09	2.905007e+01	5.686529e+02
1.710000e-06	4.306641e-06	8.658689e-09	2.899647e+01	5.682350e+02
1.720000e-06	4.297492e-06	8.661571e-09	2.893487e+01	5.677479e+02
1.730000e-06	4.287131e-06	8.675617e-09	2.886512e+01	5.671699e+02
1.740000e-06	4.275258e-06	8.631916e-09	2.878517e+01	5.664874e+02
1.750000e-06	4.261142e-06	8.573770e-09	2.869013e+01	5.656816e+02
1.760000e-06	4.244500e-06	8.552595e-09	2.857808e+01	5.647239e+02
1.770000e-06	4.225971e-06	8.575861e-09	2.845333e+01	5.635925e+02
1.780000e-06	4.206616e-06	8.662760e-09	2.832301e+01	5.622996e+02
1.790000e-06	4.186986e-06	8.545265e-09	2.819084e+01	5.609068e+02
1.800000e-06	4.166009e-06	8.451465e-09	2.804961e+01	5.595061e+02
1.810000e-06	4.142958e-06	8.597295e-09	2.789440e+01	5.581716e+02
1.820000e-06	4.118838e-06	8.490979e-09	2.773201e+01	5.569080e+02
1.830000e-06	4.093559e-06	8.401155e-09	2.756180e+01	5.556348e+02
1.840000e-06	4.066470e-06	8.531555e-09	2.737941e+01	5.542216e+02
1.850000e-06	4.038109e-06	8.386914e-09	2.718846e+01	5.525589e+02
1.860000e-06	4.008263e-06	8.305877e-09	2.698750e+01	5.506227e+02
1.870000e-06	3.976695e-06	8.476355e-09	2.677496e+01	5.484892e+02
1.880000e-06	3.943906e-06	8.357268e-09	2.655419e+01	5.462904e+02
1.890000e-06	3.909688e-06	8.235462e-09	2.632380e+01	5.441357e+02
1.900000e-06	3.874216e-06	8.286480e-09	2.608497e+01	5.420477e+02
1.910000e-06	3.837677e-06	8.219617e-09	2.583896e+01	5.399526e+02
1.920000e-06	3.799274e-06	8.241668e-09	2.558039e+01	5.377262e+02
1.930000e-06	3.759234e-06	8.188199e-09	2.531080e+01	5.352671e+02
1.940000e-06	3.718138e-06	8.060632e-09	2.503410e+01	5.325491e+02
1.950000e-06	3.675698e-06	8.108861e-09	2.474836e+01	5.296255e+02
1.960000e-06	3.632115e-06	8.067016e-09	2.445491e+01	5.265880e+02
1.970000e-06	3.587391e-06	7.994674e-09	2.415378e+01	5.235103e+02
1.980000e-06	3.541227e-06	7.949110e-09	2.384296e+01	5.204125e+02
1.990000e-06	3.493816e-06	7.850825e-09	2.352375e+01	5.172618e+02
2.000000e-06	3.445101e-06	7.853072e-09	2.319575e+01	5.140013e+02
2.010000e-06	3.395158e-06	7.821284e-09	2.285949e+01	5.105835e+02
2.020000e-06	3.343951e-06	7.750845e-09	2.251472e+01	5.069891e+02
2.030000e-06	3.291094e-06	7.674507e-09	2.215883e+01	5.032240e+02
2.040000e-06	3.236705e-06	7.590145e-09	2.179263e+01	4.993066e+02
2.050000e-06	3.181153e-06	7.604165e-09	2.141860e+01	4.952563e+02
2.060000e-06	3.124673e-06	7.522719e-09	2.103832e+01	4.910891e+02
2.070000e-06	3.067095e-06	7.412004e-09	2.065065e+01	4.868168e+02
2.080000e-06	3.008359e-06	7.355083e-09	2.025518e+01	4.824446e+02
2.090000e-06	2.948763e-06	7.289267e-09	1.985393e+01	4.779646e+02
2.100000e-06	2.888158e-06	7.265745e-09	1.944588e+01	4.733540e+02
2.110000e-06	2.826289e-06	7.165651e-09	1.902931e+01	4.685817e+02
2.120000e-06	2.763296e-06	7.055943e-09	1.860518e+01	4.636243e+02
2.130000e-06	2.699414e-06	6.987617e-09	1.817507e+01	4.584803e+02
2.140000e-06	2.634691e-06	6.924629e-09	1.773929e+01	4.531721e+02
2.150000e-06	2.569008e-06	6.863903e-09	1.729705e+01	4.477305e+02
2.160000e-06	2.502415e-06	6.742618e-09	1.684868e+01	4.421721e+02
2.170000e-06	2.435014e-06	6.650444e-09	1.639487e+01	4.364846e+02
2.180000e-06	2.366872e-06	6.582071e-09	1.593608e+01	4.306312e+02
2.190000e-06	2.297783e-06	6.498243e-09	1.547090e+01	4.245736e+02
2.200000e-06	2.227494e-06	6.397471e-09	1.499764e+01	4.182956e+02
2.210000e-06	2.156215e-06	6.266095e-09	1.451773e+01	4.118114e+02
2.220000e-06	2.084242e-06	6.172551e-09	1.403314e+01	4.051530e+02
2.230000e-06	2.011739e-06	6.092074e-09	1.354498e+01	3.983444e+02
2.240000e-06	1.938658e-06	5.994800e-09	1.305292e+01	3.913839e+02
2.250000e-06	1.864876e-06	5.874254e-09	1.255615e+01	3.842444e+02
2.260000e-06	1.790402e-06	5.741204e-09	1.205472e+01	3.768933e+02
2.270000e-06	1.715308e-06	5.638902e-09	1.154911e+01	3.693138e+02
2.280000e-06	1.639575e-06	5.533771e-09	1.103920e+01	3.615138e+02
2.290000e-06	1.563125e-06	5.405496e-09	1.052447e+01	3.535146e+02
2.300000e-06	1.485929e-06	5.257275e-09	1.000471e+01	3.453305e+02
2.310000e-06	1.407944e-06	5.126007e-09	9.479640e+00	3.369546e+02
2.320000e-06	1.329297e-06	5.022549e-09	8.950117e+00	3.283625e+02
2.330000e-06	1.250194e-06	4.897647e-09	8.417512e+00	3.195287e+02
2.340000e-06	1.170680e-06	4.746373e-09	7.882153e+00	3.104431e+02
2.350000e-06	1.090792e-06	4.588015e-09	7.344267e+00	3.011124e+02
2.360000e-06	1.010609e-06	4.450328e-09	6.804399e+00	2.915468e+02
2.370000e-06	9.301840e-07	4.317145e-09	6.262899e+00	2.817423e+02
2.380000e-06	8.494746e-07	4.158598e-09	5.719485e+00	2.716744e+02
2.390000e-06	7.684246e-07	3.985965e-09	5.173778e+00	2.613107e+02
2.400000e-06	6.870693e-07	3.817753e-09	4.626016e+00	2.506325e+02
2.410000e-06	6.054945e-07	3.663858e-09	4.076775e+00	2.396495e+02
2.420000e-06	5.238057e-07	3.503375e-09	3.526767e+00	2.283936e+02
2.430000e-06	4.419521e-07	3.319425e-09	2.975649e+00	2.168951e+02
2.440000e-06	3.599018e-07	3.126804e-09	2.423207e+00	2.051553e+02
2.450000e-06	2.777548e-07	2.945546e-09	1.870114e+00	1.931371e+02
2.460000e-06	1.955580e-07	2.769684e-09	1.316685e+00	1.807807e+02
2.470000e-06	1.133322e-07	2.577713e-09	7.630619e-01	1.680349e+02
2.480000e-06	3.104623e-08	2.364337e-09	2.090333e-01	1.548853e+02
2.490000e-06	-5.126279e-08	2.149260e-09	-3.451507e-01	1.413600e+02
2.500000e-06	-1.335215e-07	1.946284e-09	-8.989957e-01	1.275094e+02
2.510000e-06	-2.156603e-07	1.740349e-09	-1.452034e+00	1.133733e+02
2.520000e-06	-2.977228e-07	1.516429e-09	-2.004558e+00	9.895605e+01
2.530000e-06	-3.797239e-07	1.283269e-09	-2.556669e+00	8.422293e+01
2.540000e-06	-4.615646e-07	1.057080e-09	-3.107700e+00	6.912068e+01
2.550000e-06	-5.432116e-07	8.327584e-10	-3.657426e+00	5.360738e+01
2.560000e-06	-6.246698e-07	5.930480e-10	-4.205882e+00	3.767597e+01
2.570000e-06	-7.058976e-07	3.331704e-10	-4.752786e+00	2.135980e+01
2.580000e-06	-7.868605e-07	6.996250e-11	-5.297906e+00	4.719928e+00
2.590000e-06	-8.676087e-07	-1.833560e-10	-5.841581e+00	-1.217699e+01
2.600000e-06	-9.480892e-07	-4.353682e-10	-6.383454e+00	-2.927853e+01
2.610000e-06	-1.028222e-06	-6.971744e-10	-6.922987e+00	-4.655534e+01
2.620000e-06	-1.108023e-06	-9.682770e-10	-7.460285e+00	-6.399616e+01
2.630000e-06	-1.187556e-06	-1.235471e-09	-7.995776e+00	-8.159248e+01
2.640000e-06	-1.266758e-06	-1.498147e-09	-8.529039e+00	-9.931973e+01
2.650000e-06	-1.345441e-06	-1.766885e-09	-9.058813e+00	-1.171239e+02
2.660000e-06	-1.423428e-06	-2.045017e-09	-9.583895e+00	-1.349204e+02
2.670000e-06	-1.500585e-06	-2.323996e-09	-1.010339e+01	-1.526067e+02
2.680000e-06	-1.576978e-06	-2.590103e-09	-1.061774e+01	-1.700843e+02
2.690000e-06	-1.652733e-06	-2.847182e-09	-1.112780e+01	-1.872791e+02
2.700000e-06	-1.727903e-06	-3.103966e-09	-1.163391e+01	-2.041485e+02
2.710000e-06	-1.802514e-06	-3.358801e-09	-1.213627e+01	-2.206728e+02
2.720000e-06	-1.876471e-06	-3.602191e-09	-1.263422e+01	-2.368344e+02
2.730000e-06	-1.949745e-06	-3.834182e-09	-1.312757e+01	-2.525997e+02
2.740000e-06	-2.022336e-06	-4.064426e-09	-1.361632e+01	-2.679159e+02
2.750000e-06	-2.094245e-06	-4.296134e-09	-1.410048e+01	-2.827257e+02
2.760000e-06	-2.165574e-06	-4.522400e-09	-1.458074e+01	-2.969906e+02
2.770000e-06	-2.236209e-06	-4.733737e-09	-1.505632e+01	-3.107058e+02
2.780000e-06	-2.305823e-06	-4.932844e-09	-1.552503e+01	-3.238964e+02
2.790000e-06	-2.374310e-06	-5.126189e-09	-1.598615e+01	-3.365960e+02
2.800000e-06	-2.441956e-06	-5.316369e-09	-1.644161e+01	-3.488227e+02
2.810000e-06	-2.508888e-06	-5.497262e-09	-1.689226e+01	-3.605690e+02
2.820000e-06	-2.574965e-06	-5.663264e-09	-1.733716e+01	-3.718123e+02
2.830000e-06	-2.640179e-06	-5.821327e-09	-1.777624e+01	-3.825383e+02
2.840000e-06	-2.704495e-06	-5.980379e-09	-1.820928e+01	-3.927595e+02
2.850000e-06	-2.768014e-06	-6.138091e-09	-1.863695e+01	-4.025154e+02
2.860000e-06	-2.830590e-06	-6.285584e-09	-1.905827e+01	-4.118542e+02
2.870000e-06	-2.891780e-06	-6.420187e-09	-1.947026e+01	-4.208100e+02
2.880000e-06	-2.951779e-06	-6.548107e-09	-1.987423e+01	-4.293932e+02
2.890000e-06	-3.010980e-06	-6.673853e-09	-2.027283e+01	-4.375986e+02
2.900000e-06	-3.069223e-06	-6.792701e-09	-2.066498e+01	-4.454245e+02
2.910000e-06	-3.126334e-06	-6.902114e-09	-2.104950e+01	-4.528862e+02
2.920000e-06	-3.182398e-06	-7.007828e-09	-2.142698e+01	-4.600104e+02
2.930000e-06	-3.237459e-06	-7.113713e-09	-2.179771e+01	-4.668176e+02
2.940000e-06	-3.291142e-06	-7.216565e-09	-2.215916e+01	-4.733056e+02
2.950000e-06	-3.343215e-06	-7.312155e-09	-2.250976e+01	-4.794526e+02
2.960000e-06	-3.393993e-06	-7.400512e-09	-2.285165e+01	-4.852397e+02
2.970000e-06	-3.443534e-06	-7.484322e-09	-2.318520e+01	-4.906793e+02
2.980000e-06	-3.491460e-06	-7.563523e-09	-2.350789e+01	-4.958261e+02
2.990000e-06	-3.537872e-06	-7.637555e-09	-2.382038e+01	-5.007588e+02
3.000000e-06	-3.583164e-06	-7.707509e-09	-2.412533e+01	-5.055413e+02
3.010000e-06	-3.627387e-06	-7.777191e-09	-2.442308e+01	-5.101869e+02
3.020000e-06	-3.670594e-06	-7.848379e-09	-2.471399e+01	-5.146516e+02
3.030000e-06	-3.712666e-06	-7.915501e-09	-2.499726e+01	-5.188620e+02
3.040000e-06	-3.753444e-06	-7.974064e-09	-2.527182e+01	-5.227621e+02
3.050000e-06	-3.793091e-06	-8.027348e-09	-2.553876e+01	-5.263513e+02
3.060000e-06	-3.831455e-06	-8.080432e-09	-2.579706e+01	-5.296886e+02
3.070000e-06	-3.868161e-06	-8.130172e-09	-2.604420e+01	-5.328628e+02
3.080000e-06	-3.903440e-06	-8.175442e-09	-2.628174e+01	-5.359474e+02
3.090000e-06	-3.937459e-06	-8.217988e-09	-2.651079e+01	-5.389667e+02
3.100000e-06	-3.970140e-06	-8.261924e-09	-2.673082e+01	-5.418901e+02
3.110000e-06	-4.001553e-06	-8.306906e-09	-2.694233e+01	-5.446543e+02
3.120000e-06	-4.031368e-06	-8.347525e-09	-2.714307e+01	-5.471973e+02
3.130000e-06	-4.059538e-06	-8.381481e-09	-2.733274e+01	-5.494856e+02
3.140000e-06	-4.086437e-06	-8.410712e-09	-2.751384e+01	-5.515251e+02
3.150000e-06	-4.111959e-06	-8.439765e-09	-2.768569e+01	-5.533561e+02
3.160000e-06	-4.136045e-06	-8.466160e-09	-2.784786e+01	-5.550383e+02
3.170000e-06	-4.158652e-06	-8.489252e-09	-2.800007e+01	-5.566317e+02
3.180000e-06	-4.179594e-06	-8.511879e-09	-2.814107e+01	-5.581773e+02
3.190000e-06	-4.199074e-06	-8.535923e-09	-2.827223e+01	-5.596810e+02
3.200000e-06	-4.217230e-06	-8.557789e-09	-2.839447e+01	-5.611077e+02
3.210000e-06	-4.233992e-06	-8.577344e-09	-2.850733e+01	-5.623926e+02
3.220000e-06	-4.249331e-06	-8.594160e-09	-2.861061e+01	-5.634709e+02
3.230000e-06	-4.262861e-06	-8.607482e-09	-2.870170e+01	-5.643140e+02
3.240000e-06	-4.274543e-06	-8.618104e-09	-2.878036e+01	-5.649521e+02
3.250000e-06	-4.284660e-06	-8.624107e-09	-2.884847e+01	-5.654671e+02
3.260000e-06	-4.293306e-06	-8.629174e-09	-2.890669e+01	-5.659537e+02
3.270000e-06	-4.300659e-06	-8.637562e-09	-2.895620e+01	-5.664692e+02
3.280000e-06	-4.306395e-06	-8.648450e-09	-2.899482e+01	-5.670004e+02
3.290000e-06	-4.310437e-06	-8.656638e-09	-2.902203e+01	-5.674706e+02
3.300000e-06	-4.313111e-06	-8.659083e-09	-2.904004e+01	-5.677830e+02
3.310000e-06	-4.314330e-06	-8.657621e-09	-2.904825e+01	-5.678745e+02
3.320000e-06	-4.314168e-06	-8.656424e-09	-2.904715e+01	-5.677487e+02
