# Temperatura_=_20.0
# Concentracion g/m^3_=_10000.0
# C_Vs_to_Am_M_A/Vsm_=_65563218390.804596
# pendiente_HvsI_1/m_=_3716.3
# ordenada_HvsI_A/m_=_1297.0
# frecuencia_Hz_=_300944.21422425576

Tiempo_(s)	Campo_(V.s)	Magnetizacion_(V.s)	Campo_(kA/m)	Magnetizacion_(A/m)
0.000000e+00	-4.303285e-06	-8.706246e-09	-2.904811e+01	-5.703104e+02
1.000000e-08	-4.302577e-06	-8.705840e-09	-2.904333e+01	-5.701969e+02
2.000000e-08	-4.300320e-06	-8.702252e-09	-2.902809e+01	-5.698809e+02
3.000000e-08	-4.296507e-06	-8.694466e-09	-2.900235e+01	-5.694526e+02
4.000000e-08	-4.291416e-06	-8.684183e-09	-2.896798e+01	-5.690157e+02
5.000000e-08	-4.285062e-06	-8.676988e-09	-2.892510e+01	-5.686261e+02
6.000000e-08	-4.277409e-06	-8.673702e-09	-2.887344e+01	-5.682582e+02
7.000000e-08	-4.268360e-06	-8.671542e-09	-2.881235e+01	-5.678209e+02
8.000000e-08	-4.257646e-06	-8.672450e-09	-2.874003e+01	-5.672128e+02
9.000000e-08	-4.245055e-06	-8.633914e-09	-2.865504e+01	-5.663827e+02
1.000000e-07	-4.230355e-06	-8.595259e-09	-2.855581e+01	-5.653575e+02
1.100000e-07	-4.213523e-06	-8.600573e-09	-2.844219e+01	-5.642214e+02
1.200000e-07	-4.195051e-06	-8.601799e-09	-2.831750e+01	-5.630629e+02
1.300000e-07	-4.175499e-06	-8.657025e-09	-2.818552e+01	-5.619217e+02
1.400000e-07	-4.155078e-06	-8.548918e-09	-2.804768e+01	-5.607711e+02
1.500000e-07	-4.133569e-06	-8.434052e-09	-2.790249e+01	-5.595418e+02
1.600000e-07	-4.110774e-06	-8.606499e-09	-2.774861e+01	-5.581697e+02
1.700000e-07	-4.086626e-06	-8.523497e-09	-2.758561e+01	-5.566368e+02
1.800000e-07	-4.060739e-06	-8.387492e-09	-2.741086e+01	-5.549789e+02
1.900000e-07	-4.033216e-06	-8.519574e-09	-2.722508e+01	-5.532583e+02
2.000000e-07	-4.004591e-06	-8.420526e-09	-2.703186e+01	-5.515217e+02
2.100000e-07	-3.974747e-06	-8.309185e-09	-2.683040e+01	-5.497694e+02
2.200000e-07	-3.943465e-06	-8.446858e-09	-2.661924e+01	-5.479540e+02
2.300000e-07	-3.910848e-06	-8.358882e-09	-2.639907e+01	-5.460076e+02
2.400000e-07	-3.876766e-06	-8.240474e-09	-2.616901e+01	-5.438780e+02
2.500000e-07	-3.841126e-06	-8.290856e-09	-2.592843e+01	-5.415545e+02
2.600000e-07	-3.804048e-06	-8.201868e-09	-2.567815e+01	-5.390686e+02
2.700000e-07	-3.765561e-06	-8.191193e-09	-2.541835e+01	-5.364727e+02
2.800000e-07	-3.725916e-06	-8.185203e-09	-2.515074e+01	-5.338108e+02
2.900000e-07	-3.685119e-06	-8.048081e-09	-2.487535e+01	-5.310953e+02
3.000000e-07	-3.642751e-06	-8.047377e-09	-2.458935e+01	-5.283041e+02
3.100000e-07	-3.598876e-06	-8.062973e-09	-2.429319e+01	-5.253934e+02
3.200000e-07	-3.553702e-06	-7.957224e-09	-2.398826e+01	-5.223219e+02
3.300000e-07	-3.507299e-06	-7.903899e-09	-2.367503e+01	-5.190717e+02
3.400000e-07	-3.459789e-06	-7.871897e-09	-2.335432e+01	-5.156578e+02
3.500000e-07	-3.410945e-06	-7.800646e-09	-2.302461e+01	-5.121201e+02
3.600000e-07	-3.360417e-06	-7.761783e-09	-2.268354e+01	-5.085051e+02
3.700000e-07	-3.308297e-06	-7.725746e-09	-2.233172e+01	-5.048421e+02
3.800000e-07	-3.254940e-06	-7.627158e-09	-2.197155e+01	-5.011282e+02
3.900000e-07	-3.200483e-06	-7.554034e-09	-2.160395e+01	-4.973281e+02
4.000000e-07	-3.144954e-06	-7.549548e-09	-2.122912e+01	-4.933891e+02
4.100000e-07	-3.088426e-06	-7.478206e-09	-2.084755e+01	-4.892653e+02
4.200000e-07	-3.030821e-06	-7.388052e-09	-2.045870e+01	-4.849375e+02
4.300000e-07	-2.971934e-06	-7.317193e-09	-2.006119e+01	-4.804208e+02
4.400000e-07	-2.911814e-06	-7.244935e-09	-1.965537e+01	-4.757545e+02
4.500000e-07	-2.850686e-06	-7.198766e-09	-1.924274e+01	-4.709823e+02
4.600000e-07	-2.788635e-06	-7.115950e-09	-1.882389e+01	-4.661308e+02
4.700000e-07	-2.725748e-06	-7.015255e-09	-1.839939e+01	-4.611975e+02
4.800000e-07	-2.662020e-06	-6.942107e-09	-1.796921e+01	-4.561521e+02
4.900000e-07	-2.597331e-06	-6.882626e-09	-1.753255e+01	-4.509498e+02
5.000000e-07	-2.531539e-06	-6.807805e-09	-1.708844e+01	-4.455484e+02
5.100000e-07	-2.464581e-06	-6.709667e-09	-1.663645e+01	-4.399231e+02
5.200000e-07	-2.396705e-06	-6.607085e-09	-1.617828e+01	-4.340738e+02
5.300000e-07	-2.328176e-06	-6.519262e-09	-1.571569e+01	-4.280239e+02
5.400000e-07	-2.258926e-06	-6.443866e-09	-1.524824e+01	-4.218102e+02
5.500000e-07	-2.188840e-06	-6.349419e-09	-1.477514e+01	-4.154676e+02
5.600000e-07	-2.118015e-06	-6.230560e-09	-1.429706e+01	-4.090120e+02
5.700000e-07	-2.046565e-06	-6.123864e-09	-1.381476e+01	-4.024301e+02
5.800000e-07	-1.974446e-06	-6.036293e-09	-1.332794e+01	-3.956805e+02
5.900000e-07	-1.901571e-06	-5.936969e-09	-1.283601e+01	-3.887098e+02
6.000000e-07	-1.827875e-06	-5.819517e-09	-1.233855e+01	-3.814768e+02
6.100000e-07	-1.753339e-06	-5.689705e-09	-1.183542e+01	-3.739738e+02
6.200000e-07	-1.678005e-06	-5.574980e-09	-1.132689e+01	-3.662304e+02
6.300000e-07	-1.601905e-06	-5.471441e-09	-1.081320e+01	-3.582966e+02
6.400000e-07	-1.525150e-06	-5.352045e-09	-1.029509e+01	-3.502122e+02
6.500000e-07	-1.447925e-06	-5.213899e-09	-9.773808e+00	-3.419804e+02
6.600000e-07	-1.370270e-06	-5.075152e-09	-9.249616e+00	-3.335627e+02
6.700000e-07	-1.292105e-06	-4.951875e-09	-8.721988e+00	-3.248990e+02
6.800000e-07	-1.213330e-06	-4.825141e-09	-8.190237e+00	-3.159415e+02
6.900000e-07	-1.133977e-06	-4.680639e-09	-7.654588e+00	-3.066806e+02
7.000000e-07	-1.054177e-06	-4.522060e-09	-7.115920e+00	-2.971459e+02
7.100000e-07	-9.738830e-07	-4.373162e-09	-6.573921e+00	-2.873812e+02
7.200000e-07	-8.930814e-07	-4.233797e-09	-6.028493e+00	-2.774093e+02
7.300000e-07	-8.119328e-07	-4.082394e-09	-5.480722e+00	-2.672123e+02
7.400000e-07	-7.305831e-07	-3.912301e-09	-4.931594e+00	-2.567390e+02
7.500000e-07	-6.490852e-07	-3.736224e-09	-4.381466e+00	-2.459367e+02
7.600000e-07	-5.674089e-07	-3.571421e-09	-3.830133e+00	-2.347846e+02
7.700000e-07	-4.855115e-07	-3.408534e-09	-3.277308e+00	-2.233052e+02
7.800000e-07	-4.034348e-07	-3.230626e-09	-2.723272e+00	-2.115463e+02
7.900000e-07	-3.213068e-07	-3.036997e-09	-2.168890e+00	-1.995441e+02
8.000000e-07	-2.391281e-07	-2.847641e-09	-1.614166e+00	-1.872926e+02
8.100000e-07	-1.568487e-07	-2.665256e-09	-1.058763e+00	-1.747414e+02
8.200000e-07	-7.452309e-08	-2.475448e-09	-5.030470e-01	-1.618233e+02
8.300000e-07	7.824873e-09	-2.267400e-09	5.281959e-02	-1.484945e+02
8.400000e-07	9.016284e-08	-2.048056e-09	6.086186e-01	-1.347609e+02
8.500000e-07	1.724910e-07	-1.832869e-09	1.164352e+00	-1.206730e+02
8.600000e-07	2.547676e-07	-1.621478e-09	1.719736e+00	-1.062928e+02
8.700000e-07	3.369198e-07	-1.401177e-09	2.274282e+00	-9.165316e+01
8.800000e-07	4.189214e-07	-1.164382e-09	2.827810e+00	-7.673526e+01
8.900000e-07	5.007420e-07	-9.245436e-10	3.380117e+00	-6.147735e+01
9.000000e-07	5.824239e-07	-6.898051e-10	3.931487e+00	-4.580998e+01
9.100000e-07	6.639163e-07	-4.513153e-10	4.481579e+00	-2.969650e+01
9.200000e-07	7.451712e-07	-1.962715e-10	5.030067e+00	-1.315702e+01
9.300000e-07	8.261943e-07	6.976106e-11	5.576991e+00	3.735664e+00
9.400000e-07	9.069638e-07	3.307465e-10	6.122202e+00	2.088355e+01
9.500000e-07	9.873844e-07	5.864039e-10	6.665058e+00	3.819842e+01
9.600000e-07	1.067362e-06	8.489694e-10	7.204926e+00	5.562694e+01
9.700000e-07	1.146863e-06	1.125094e-09	7.741573e+00	7.315517e+01
9.800000e-07	1.225882e-06	1.401317e-09	8.274970e+00	9.079270e+01
9.900000e-07	1.304497e-06	1.669467e-09	8.805637e+00	1.085449e+02
1.000000e-06	1.382659e-06	1.935057e-09	9.333251e+00	1.263859e+02
1.010000e-06	1.460256e-06	2.207407e-09	9.857045e+00	1.442436e+02
1.020000e-06	1.537305e-06	2.484390e-09	1.037714e+01	1.620042e+02
1.030000e-06	1.613842e-06	2.752352e-09	1.089378e+01	1.795344e+02
1.040000e-06	1.689844e-06	3.007827e-09	1.140681e+01	1.967155e+02
1.050000e-06	1.765149e-06	3.260191e-09	1.191514e+01	2.134726e+02
1.060000e-06	1.839544e-06	3.515609e-09	1.241732e+01	2.297869e+02
1.070000e-06	1.912990e-06	3.766016e-09	1.291309e+01	2.456833e+02
1.080000e-06	1.985658e-06	4.000923e-09	1.340362e+01	2.611970e+02
1.090000e-06	2.057734e-06	4.223029e-09	1.389015e+01	2.763373e+02
1.100000e-06	2.129136e-06	4.445382e-09	1.437213e+01	2.910668e+02
1.110000e-06	2.199766e-06	4.668135e-09	1.484889e+01	3.053083e+02
1.120000e-06	2.269636e-06	4.877352e-09	1.532053e+01	3.189779e+02
1.130000e-06	2.338721e-06	5.070000e-09	1.578687e+01	3.320241e+02
1.140000e-06	2.407105e-06	5.253456e-09	1.624848e+01	3.444528e+02
1.150000e-06	2.474840e-06	5.437577e-09	1.670570e+01	3.563236e+02
1.160000e-06	2.541613e-06	5.617539e-09	1.715644e+01	3.677198e+02
1.170000e-06	2.607145e-06	5.785332e-09	1.759879e+01	3.787092e+02
1.180000e-06	2.671672e-06	5.941850e-09	1.803437e+01	3.893171e+02
1.190000e-06	2.735398e-06	6.094489e-09	1.846453e+01	3.995240e+02
1.200000e-06	2.798265e-06	6.245053e-09	1.888889e+01	4.092865e+02
1.210000e-06	2.860207e-06	6.386902e-09	1.930701e+01	4.185680e+02
1.220000e-06	2.921228e-06	6.518514e-09	1.971892e+01	4.273624e+02
1.230000e-06	2.981444e-06	6.643800e-09	2.012539e+01	4.357004e+02
1.240000e-06	3.040623e-06	6.767769e-09	2.052486e+01	4.436379e+02
1.250000e-06	3.098392e-06	6.886820e-09	2.091482e+01	4.512355e+02
1.260000e-06	3.154898e-06	6.999299e-09	2.129624e+01	4.585377e+02
1.270000e-06	3.210359e-06	7.103277e-09	2.167062e+01	4.655613e+02
1.280000e-06	3.264766e-06	7.203913e-09	2.203788e+01	4.722951e+02
1.290000e-06	3.318043e-06	7.302219e-09	2.239751e+01	4.787101e+02
1.300000e-06	3.369991e-06	7.394199e-09	2.274817e+01	4.847783e+02
1.310000e-06	3.420403e-06	7.478533e-09	2.308846e+01	4.904908e+02
1.320000e-06	3.469321e-06	7.558329e-09	2.341867e+01	4.958698e+02
1.330000e-06	3.516972e-06	7.637389e-09	2.374032e+01	5.009662e+02
1.340000e-06	3.563418e-06	7.715296e-09	2.405384e+01	5.058420e+02
1.350000e-06	3.608665e-06	7.789230e-09	2.435927e+01	5.105437e+02
1.360000e-06	3.652764e-06	7.856103e-09	2.465695e+01	5.150822e+02
1.370000e-06	3.695519e-06	7.918983e-09	2.494556e+01	5.194291e+02
1.380000e-06	3.736785e-06	7.979305e-09	2.522411e+01	5.235361e+02
1.390000e-06	3.776710e-06	8.037356e-09	2.549361e+01	5.273663e+02
1.400000e-06	3.815396e-06	8.092116e-09	2.575475e+01	5.309210e+02
1.410000e-06	3.852844e-06	8.141451e-09	2.600753e+01	5.342446e+02
1.420000e-06	3.889111e-06	8.188242e-09	2.625234e+01	5.374050e+02
1.430000e-06	3.924015e-06	8.236648e-09	2.648795e+01	5.404604e+02
1.440000e-06	3.957346e-06	8.285734e-09	2.671294e+01	5.434317e+02
1.450000e-06	3.989241e-06	8.331151e-09	2.692824e+01	5.462973e+02
1.460000e-06	4.019795e-06	8.370662e-09	2.713448e+01	5.490107e+02
1.470000e-06	4.049066e-06	8.404727e-09	2.733207e+01	5.515279e+02
1.480000e-06	4.077030e-06	8.437145e-09	2.752084e+01	5.538292e+02
1.490000e-06	4.103402e-06	8.470174e-09	2.769885e+01	5.559237e+02
1.500000e-06	4.128105e-06	8.500583e-09	2.786560e+01	5.578387e+02
1.510000e-06	4.151390e-06	8.526581e-09	2.802278e+01	5.596054e+02
1.520000e-06	4.173289e-06	8.551147e-09	2.817060e+01	5.612502e+02
1.530000e-06	4.193872e-06	8.576226e-09	2.830954e+01	5.627931e+02
1.540000e-06	4.213155e-06	8.599942e-09	2.843971e+01	5.642487e+02
1.550000e-06	4.230906e-06	8.621042e-09	2.855953e+01	5.656212e+02
1.560000e-06	4.247089e-06	8.638876e-09	2.866877e+01	5.668974e+02
1.570000e-06	4.261698e-06	8.654271e-09	2.876738e+01	5.680437e+02
1.580000e-06	4.274714e-06	8.668413e-09	2.885524e+01	5.690180e+02
1.590000e-06	4.286061e-06	8.679660e-09	2.893184e+01	5.697934e+02
1.600000e-06	4.295610e-06	8.687954e-09	2.899630e+01	5.703822e+02
1.610000e-06	4.303514e-06	8.696258e-09	2.904965e+01	5.708398e+02
1.620000e-06	4.309997e-06	8.704898e-09	2.909341e+01	5.712413e+02
1.630000e-06	4.315119e-06	8.712785e-09	2.912799e+01	5.716393e+02
1.640000e-06	4.318809e-06	8.719387e-09	2.915289e+01	5.720291e+02
1.650000e-06	4.320836e-06	8.722277e-09	2.916658e+01	5.723451e+02
1.660000e-06	4.321232e-06	8.722974e-09	2.916925e+01	5.724969e+02
1.670000e-06	4.320264e-06	8.723119e-09	2.916272e+01	5.724247e+02
1.680000e-06	4.317995e-06	8.720753e-09	2.914740e+01	5.721398e+02
1.690000e-06	4.314379e-06	8.714478e-09	2.912299e+01	5.717237e+02
1.700000e-06	4.309279e-06	8.707050e-09	2.908856e+01	5.712823e+02
1.710000e-06	4.302624e-06	8.701092e-09	2.904364e+01	5.708839e+02
1.720000e-06	4.294644e-06	8.696165e-09	2.898978e+01	5.705177e+02
1.730000e-06	4.285499e-06	8.682289e-09	2.892805e+01	5.701010e+02
1.740000e-06	4.275068e-06	8.658338e-09	2.885763e+01	5.695294e+02
1.750000e-06	4.262976e-06	8.701146e-09	2.877601e+01	5.687395e+02
1.760000e-06	4.248634e-06	8.688065e-09	2.867920e+01	5.677441e+02
1.770000e-06	4.231862e-06	8.655727e-09	2.856599e+01	5.666209e+02
1.780000e-06	4.213323e-06	8.565453e-09	2.844084e+01	5.654617e+02
1.790000e-06	4.194052e-06	8.537509e-09	2.831076e+01	5.643177e+02
1.800000e-06	4.174297e-06	8.689639e-09	2.817741e+01	5.631735e+02
1.810000e-06	4.153071e-06	8.563866e-09	2.803413e+01	5.619639e+02
1.820000e-06	4.130029e-06	8.437246e-09	2.787859e+01	5.606204e+02
1.830000e-06	4.105881e-06	8.606350e-09	2.771558e+01	5.591152e+02
1.840000e-06	4.080473e-06	8.505809e-09	2.754407e+01	5.574755e+02
1.850000e-06	4.053378e-06	8.364671e-09	2.736118e+01	5.557619e+02
1.860000e-06	4.024852e-06	8.549206e-09	2.716862e+01	5.540267e+02
1.870000e-06	3.994847e-06	8.426325e-09	2.696608e+01	5.522797e+02
1.880000e-06	3.963243e-06	8.273439e-09	2.675275e+01	5.504807e+02
1.890000e-06	3.930267e-06	8.428515e-09	2.653015e+01	5.485626e+02
1.900000e-06	3.895896e-06	8.323708e-09	2.629814e+01	5.464680e+02
1.910000e-06	3.860344e-06	8.279097e-09	2.605816e+01	5.441780e+02
1.920000e-06	3.823628e-06	8.327194e-09	2.581032e+01	5.417177e+02
1.930000e-06	3.785213e-06	8.129216e-09	2.555101e+01	5.391378e+02
1.940000e-06	3.745287e-06	8.209919e-09	2.528150e+01	5.364859e+02
1.950000e-06	3.704134e-06	8.219692e-09	2.500370e+01	5.337809e+02
1.960000e-06	3.661620e-06	8.015962e-09	2.471673e+01	5.310062e+02
1.970000e-06	3.617966e-06	8.069719e-09	2.442205e+01	5.281204e+02
1.980000e-06	3.573209e-06	8.025710e-09	2.411993e+01	5.250800e+02
1.990000e-06	3.527143e-06	7.940494e-09	2.380898e+01	5.218619e+02
2.000000e-06	3.479763e-06	7.934178e-09	2.348915e+01	5.184749e+02
2.010000e-06	3.431026e-06	7.843522e-09	2.316017e+01	5.149560e+02
2.020000e-06	3.381041e-06	7.788632e-09	2.282276e+01	5.113521e+02
2.030000e-06	3.329777e-06	7.730089e-09	2.247671e+01	5.076970e+02
2.040000e-06	3.277013e-06	7.715319e-09	2.212055e+01	5.039942e+02
2.050000e-06	3.222811e-06	7.653268e-09	2.175467e+01	5.002133e+02
2.060000e-06	3.167394e-06	7.526027e-09	2.138059e+01	4.963031e+02
2.070000e-06	3.110949e-06	7.518877e-09	2.099958e+01	4.922149e+02
2.080000e-06	3.053427e-06	7.445615e-09	2.061129e+01	4.879236e+02
2.090000e-06	2.994840e-06	7.383666e-09	2.021582e+01	4.834383e+02
2.100000e-06	2.935313e-06	7.316033e-09	1.981400e+01	4.787955e+02
2.110000e-06	2.874724e-06	7.193035e-09	1.940501e+01	4.740398e+02
2.120000e-06	2.812974e-06	7.182116e-09	1.898818e+01	4.692020e+02
2.130000e-06	2.750126e-06	7.095692e-09	1.856395e+01	4.642850e+02
2.140000e-06	2.686344e-06	7.007730e-09	1.813340e+01	4.592628e+02
2.150000e-06	2.621613e-06	6.930115e-09	1.769645e+01	4.540922e+02
2.160000e-06	2.555908e-06	6.824852e-09	1.725293e+01	4.487290e+02
2.170000e-06	2.489343e-06	6.778538e-09	1.680360e+01	4.431446e+02
2.180000e-06	2.421965e-06	6.679410e-09	1.634879e+01	4.373344e+02
2.190000e-06	2.353851e-06	6.583142e-09	1.588901e+01	4.313180e+02
2.200000e-06	2.284863e-06	6.472307e-09	1.542332e+01	4.251309e+02
2.210000e-06	2.214705e-06	6.378607e-09	1.494974e+01	4.188095e+02
2.220000e-06	2.143510e-06	6.309246e-09	1.446916e+01	4.123744e+02
2.230000e-06	2.071650e-06	6.192007e-09	1.398409e+01	4.058176e+02
2.240000e-06	1.999254e-06	6.087758e-09	1.349540e+01	3.991020e+02
2.250000e-06	1.926246e-06	5.974107e-09	1.300258e+01	3.921747e+02
2.260000e-06	1.852575e-06	5.877236e-09	1.250528e+01	3.849904e+02
2.270000e-06	1.778249e-06	5.777788e-09	1.200356e+01	3.775346e+02
2.280000e-06	1.703192e-06	5.643177e-09	1.149691e+01	3.698309e+02
2.290000e-06	1.627495e-06	5.514562e-09	1.098594e+01	3.619276e+02
2.300000e-06	1.551245e-06	5.390531e-09	1.047124e+01	3.538688e+02
2.310000e-06	1.474290e-06	5.282006e-09	9.951774e+00	3.456652e+02
2.320000e-06	1.396561e-06	5.153933e-09	9.427091e+00	3.372851e+02
2.330000e-06	1.318156e-06	5.008340e-09	8.897837e+00	3.286699e+02
2.340000e-06	1.239143e-06	4.872695e-09	8.364480e+00	3.197670e+02
2.350000e-06	1.159683e-06	4.741596e-09	7.828111e+00	3.105592e+02
2.360000e-06	1.079943e-06	4.609245e-09	7.289850e+00	3.010703e+02
2.370000e-06	9.999606e-07	4.448979e-09	6.749951e+00	2.913442e+02
2.380000e-06	9.197451e-07	4.285974e-09	6.208479e+00	2.814095e+02
2.390000e-06	8.392542e-07	4.135743e-09	5.665147e+00	2.712560e+02
2.400000e-06	7.584590e-07	3.986630e-09	5.119762e+00	2.608366e+02
2.410000e-06	6.773103e-07	3.828428e-09	4.571991e+00	2.500960e+02
2.420000e-06	5.958828e-07	3.649183e-09	4.022338e+00	2.390060e+02
2.430000e-06	5.143281e-07	3.469884e-09	3.471826e+00	2.275820e+02
2.440000e-06	4.326414e-07	3.297306e-09	2.920423e+00	2.158698e+02
2.450000e-06	3.507746e-07	3.121133e-09	2.367804e+00	2.039102e+02
2.460000e-06	2.687615e-07	2.929731e-09	1.814198e+00	1.917060e+02
2.470000e-06	1.867092e-07	2.728300e-09	1.260328e+00	1.792135e+02
2.480000e-06	1.046776e-07	2.533094e-09	7.065965e-01	1.663655e+02
2.490000e-06	2.265010e-08	2.339973e-09	1.528931e-01	1.531114e+02
2.500000e-06	-5.940256e-08	2.135757e-09	-4.009801e-01	1.394475e+02
2.510000e-06	-1.414531e-07	1.914288e-09	-9.548392e-01	1.254183e+02
2.520000e-06	-2.234177e-07	1.691506e-09	-1.508118e+00	1.110867e+02
2.530000e-06	-3.053026e-07	1.475244e-09	-2.060858e+00	9.649344e+01
2.540000e-06	-3.871070e-07	1.255797e-09	-2.613056e+00	8.162907e+01
2.550000e-06	-4.687280e-07	1.024567e-09	-3.164015e+00	6.643750e+01
2.560000e-06	-5.501664e-07	7.810960e-10	-3.713742e+00	5.084752e+01
2.570000e-06	-6.314416e-07	5.361907e-10	-4.262367e+00	3.481417e+01
2.580000e-06	-7.124852e-07	2.912367e-10	-4.809429e+00	1.834687e+01
2.590000e-06	-7.932623e-07	3.692245e-11	-5.354692e+00	1.510509e+00
2.600000e-06	-8.737547e-07	-2.303154e-10	-5.898033e+00	-1.559880e+01
2.610000e-06	-9.539838e-07	-4.988868e-10	-6.439597e+00	-3.288877e+01
2.620000e-06	-1.033931e-06	-7.602252e-10	-6.979261e+00	-5.029886e+01
2.630000e-06	-1.113616e-06	-1.020620e-09	-7.517151e+00	-6.780875e+01
2.640000e-06	-1.193001e-06	-1.289821e-09	-8.053018e+00	-8.542566e+01
2.650000e-06	-1.271919e-06	-1.565773e-09	-8.585731e+00	-1.031579e+02
2.660000e-06	-1.350242e-06	-1.837093e-09	-9.114429e+00	-1.209867e+02
2.670000e-06	-1.427829e-06	-2.103296e-09	-9.638155e+00	-1.388487e+02
2.680000e-06	-1.504666e-06	-2.372530e-09	-1.015682e+01	-1.566360e+02
2.690000e-06	-1.580816e-06	-2.647302e-09	-1.067085e+01	-1.742168e+02
2.700000e-06	-1.656333e-06	-2.916851e-09	-1.118060e+01	-1.914671e+02
2.710000e-06	-1.731226e-06	-3.170665e-09	-1.168615e+01	-2.083026e+02
2.720000e-06	-1.805525e-06	-3.412556e-09	-1.218769e+01	-2.246949e+02
2.730000e-06	-1.879217e-06	-3.654221e-09	-1.268512e+01	-2.406630e+02
2.740000e-06	-1.952212e-06	-3.897888e-09	-1.317785e+01	-2.562430e+02
2.750000e-06	-2.024502e-06	-4.132690e-09	-1.366582e+01	-2.714511e+02
2.760000e-06	-2.096215e-06	-4.354547e-09	-1.414991e+01	-2.862586e+02
2.770000e-06	-2.167361e-06	-4.571217e-09	-1.463016e+01	-3.005936e+02
2.780000e-06	-2.237652e-06	-4.787213e-09	-1.510464e+01	-3.143703e+02
2.790000e-06	-2.306859e-06	-4.994197e-09	-1.557180e+01	-3.275290e+02
2.800000e-06	-2.375076e-06	-5.184243e-09	-1.603228e+01	-3.400647e+02
2.810000e-06	-2.442530e-06	-5.362077e-09	-1.648760e+01	-3.520290e+02
2.820000e-06	-2.509176e-06	-5.536844e-09	-1.693748e+01	-3.635038e+02
2.830000e-06	-2.574960e-06	-5.709738e-09	-1.738154e+01	-3.745624e+02
2.840000e-06	-2.639892e-06	-5.874521e-09	-1.781984e+01	-3.852385e+02
2.850000e-06	-2.704007e-06	-6.028862e-09	-1.825263e+01	-3.955198e+02
2.860000e-06	-2.767307e-06	-6.177081e-09	-1.867992e+01	-4.053647e+02
2.870000e-06	-2.829493e-06	-6.324037e-09	-1.909969e+01	-4.147334e+02
2.880000e-06	-2.890376e-06	-6.463934e-09	-1.951066e+01	-4.236134e+02
2.890000e-06	-2.950184e-06	-6.590170e-09	-1.991438e+01	-4.320290e+02
2.900000e-06	-3.009080e-06	-6.707056e-09	-2.031194e+01	-4.400333e+02
2.910000e-06	-3.066979e-06	-6.822862e-09	-2.070277e+01	-4.476874e+02
2.920000e-06	-3.123812e-06	-6.939051e-09	-2.108641e+01	-4.550401e+02
2.930000e-06	-3.179685e-06	-7.049741e-09	-2.146356e+01	-4.621134e+02
2.940000e-06	-3.234496e-06	-7.151075e-09	-2.183355e+01	-4.689005e+02
2.950000e-06	-3.287817e-06	-7.247422e-09	-2.219348e+01	-4.753747e+02
2.960000e-06	-3.339621e-06	-7.343213e-09	-2.254316e+01	-4.815060e+02
2.970000e-06	-3.390193e-06	-7.435667e-09	-2.288454e+01	-4.872811e+02
2.980000e-06	-3.439388e-06	-7.519671e-09	-2.321661e+01	-4.927164e+02
2.990000e-06	-3.486947e-06	-7.594863e-09	-2.353765e+01	-4.978586e+02
3.000000e-06	-3.533098e-06	-7.667481e-09	-2.384917e+01	-5.027694e+02
3.010000e-06	-3.578133e-06	-7.740967e-09	-2.415317e+01	-5.075001e+02
3.020000e-06	-3.622184e-06	-7.812723e-09	-2.445053e+01	-5.120686e+02
3.030000e-06	-3.665209e-06	-7.879971e-09	-2.474095e+01	-5.164528e+02
3.040000e-06	-3.707039e-06	-7.942920e-09	-2.502332e+01	-5.206059e+02
3.050000e-06	-3.747628e-06	-8.004509e-09	-2.529730e+01	-5.244866e+02
3.060000e-06	-3.787038e-06	-8.062740e-09	-2.556332e+01	-5.280881e+02
3.070000e-06	-3.825079e-06	-8.114843e-09	-2.582011e+01	-5.314481e+02
3.080000e-06	-3.861541e-06	-8.160564e-09	-2.606623e+01	-5.346326e+02
3.090000e-06	-3.896626e-06	-8.203959e-09	-2.630307e+01	-5.377037e+02
3.100000e-06	-3.930441e-06	-8.249557e-09	-2.653133e+01	-5.406902e+02
3.110000e-06	-3.962934e-06	-8.295507e-09	-2.675066e+01	-5.435776e+02
3.120000e-06	-3.994047e-06	-8.337918e-09	-2.696068e+01	-5.463217e+02
3.130000e-06	-4.023569e-06	-8.377004e-09	-2.715996e+01	-5.488760e+02
3.140000e-06	-4.051568e-06	-8.413674e-09	-2.734896e+01	-5.512157e+02
3.150000e-06	-4.078279e-06	-8.449266e-09	-2.752927e+01	-5.533453e+02
3.160000e-06	-4.103618e-06	-8.479902e-09	-2.770031e+01	-5.552899e+02
3.170000e-06	-4.127551e-06	-8.505341e-09	-2.786186e+01	-5.570808e+02
3.180000e-06	-4.149997e-06	-8.528179e-09	-2.801337e+01	-5.587455e+02
3.190000e-06	-4.170805e-06	-8.551845e-09	-2.815384e+01	-5.603052e+02
3.200000e-06	-4.190144e-06	-8.576232e-09	-2.828438e+01	-5.617754e+02
3.210000e-06	-4.208142e-06	-8.596824e-09	-2.840587e+01	-5.631630e+02
3.220000e-06	-4.224733e-06	-8.616398e-09	-2.851786e+01	-5.644581e+02
3.230000e-06	-4.239766e-06	-8.635886e-09	-2.861934e+01	-5.656305e+02
3.240000e-06	-4.252996e-06	-8.654780e-09	-2.870865e+01	-5.666381e+02
3.250000e-06	-4.264496e-06	-8.668235e-09	-2.878627e+01	-5.674494e+02
3.260000e-06	-4.274457e-06	-8.674376e-09	-2.885351e+01	-5.680683e+02
3.270000e-06	-4.282989e-06	-8.677493e-09	-2.891110e+01	-5.685437e+02
3.280000e-06	-4.290094e-06	-8.684771e-09	-2.895906e+01	-5.689499e+02
3.290000e-06	-4.295606e-06	-8.693287e-09	-2.899627e+01	-5.693468e+02
3.300000e-06	-4.299538e-06	-8.698698e-09	-2.902281e+01	-5.697412e+02
3.310000e-06	-4.302034e-06	-8.701681e-09	-2.903966e+01	-5.700768e+02
3.320000e-06	-4.303121e-06	-8.703536e-09	-2.904700e+01	-5.702637e+02
