# Temperatura_=_20.0
# Concentracion g/m^3_=_10000.0
# C_Vs_to_Am_M_A/Vsm_=_65563218390.804596
# pendiente_HvsI_1/m_=_3716.3
# ordenada_HvsI_A/m_=_1297.0
# frecuencia_Hz_=_300942.35963590455

Tiempo_(s)	Campo_(V.s)	Magnetizacion_(V.s)	Campo_(kA/m)	Magnetizacion_(A/m)
0.000000e+00	-4.299915e-06	-8.667802e-09	-2.904714e+01	-5.680696e+02
1.000000e-08	-4.298987e-06	-8.668037e-09	-2.904086e+01	-5.679381e+02
2.000000e-08	-4.296469e-06	-8.667365e-09	-2.902385e+01	-5.677007e+02
3.000000e-08	-4.292450e-06	-8.662996e-09	-2.899671e+01	-5.674014e+02
4.000000e-08	-4.287145e-06	-8.655334e-09	-2.896087e+01	-5.670659e+02
5.000000e-08	-4.280554e-06	-8.647700e-09	-2.891635e+01	-5.666935e+02
6.000000e-08	-4.272691e-06	-8.641531e-09	-2.886323e+01	-5.662629e+02
7.000000e-08	-4.263434e-06	-8.629336e-09	-2.880069e+01	-5.657456e+02
8.000000e-08	-4.252452e-06	-8.613758e-09	-2.872651e+01	-5.651166e+02
9.000000e-08	-4.239589e-06	-8.613567e-09	-2.863962e+01	-5.643591e+02
1.000000e-07	-4.224647e-06	-8.610775e-09	-2.853868e+01	-5.634643e+02
1.100000e-07	-4.207540e-06	-8.603409e-09	-2.842311e+01	-5.624316e+02
1.200000e-07	-4.188848e-06	-8.565143e-09	-2.829685e+01	-5.612737e+02
1.300000e-07	-4.169149e-06	-8.512058e-09	-2.816377e+01	-5.600200e+02
1.400000e-07	-4.148610e-06	-8.527727e-09	-2.802503e+01	-5.587141e+02
1.500000e-07	-4.126948e-06	-8.521776e-09	-2.787870e+01	-5.573997e+02
1.600000e-07	-4.104019e-06	-8.466786e-09	-2.772380e+01	-5.560987e+02
1.700000e-07	-4.079747e-06	-8.470033e-09	-2.755983e+01	-5.547954e+02
1.800000e-07	-4.053620e-06	-8.459793e-09	-2.738334e+01	-5.534372e+02
1.900000e-07	-4.025895e-06	-8.405472e-09	-2.719605e+01	-5.519554e+02
2.000000e-07	-3.997154e-06	-8.413253e-09	-2.700190e+01	-5.502978e+02
2.100000e-07	-3.967084e-06	-8.393379e-09	-2.679877e+01	-5.484542e+02
2.200000e-07	-3.935544e-06	-8.314202e-09	-2.658571e+01	-5.464610e+02
2.300000e-07	-3.902713e-06	-8.286989e-09	-2.636392e+01	-5.443793e+02
2.400000e-07	-3.868364e-06	-8.289689e-09	-2.613188e+01	-5.422599e+02
2.500000e-07	-3.832515e-06	-8.260172e-09	-2.588972e+01	-5.401128e+02
2.600000e-07	-3.795263e-06	-8.187266e-09	-2.563807e+01	-5.378989e+02
2.700000e-07	-3.756609e-06	-8.140680e-09	-2.537695e+01	-5.355486e+02
2.800000e-07	-3.716843e-06	-8.136808e-09	-2.510832e+01	-5.329966e+02
2.900000e-07	-3.675918e-06	-8.086662e-09	-2.483186e+01	-5.302148e+02
3.000000e-07	-3.633426e-06	-8.031350e-09	-2.454481e+01	-5.272263e+02
3.100000e-07	-3.589341e-06	-7.999005e-09	-2.424701e+01	-5.240939e+02
3.200000e-07	-3.543948e-06	-7.925093e-09	-2.394036e+01	-5.208904e+02
3.300000e-07	-3.497387e-06	-7.887481e-09	-2.362583e+01	-5.176645e+02
3.400000e-07	-3.449741e-06	-7.873704e-09	-2.330397e+01	-5.144195e+02
3.500000e-07	-3.400783e-06	-7.791161e-09	-2.297324e+01	-5.111132e+02
3.600000e-07	-3.350085e-06	-7.712246e-09	-2.263077e+01	-5.076780e+02
3.700000e-07	-3.297793e-06	-7.683654e-09	-2.227752e+01	-5.040525e+02
3.800000e-07	-3.244322e-06	-7.639868e-09	-2.191631e+01	-5.002081e+02
3.900000e-07	-3.189754e-06	-7.565955e-09	-2.154768e+01	-4.961609e+02
4.000000e-07	-3.134120e-06	-7.494796e-09	-2.117186e+01	-4.919618e+02
4.100000e-07	-3.077515e-06	-7.428980e-09	-2.078948e+01	-4.876701e+02
4.200000e-07	-3.019805e-06	-7.375594e-09	-2.039963e+01	-4.833236e+02
4.300000e-07	-2.960760e-06	-7.319226e-09	-2.000077e+01	-4.789188e+02
4.400000e-07	-2.900497e-06	-7.233226e-09	-1.959367e+01	-4.744117e+02
4.500000e-07	-2.839253e-06	-7.145867e-09	-1.917995e+01	-4.697398e+02
4.600000e-07	-2.777118e-06	-7.081143e-09	-1.876021e+01	-4.648521e+02
4.700000e-07	-2.714120e-06	-7.016470e-09	-1.833464e+01	-4.597340e+02
4.800000e-07	-2.650274e-06	-6.940447e-09	-1.790334e+01	-4.544115e+02
4.900000e-07	-2.585544e-06	-6.846954e-09	-1.746608e+01	-4.489355e+02
5.000000e-07	-2.519689e-06	-6.753056e-09	-1.702121e+01	-4.433526e+02
5.100000e-07	-2.452603e-06	-6.682337e-09	-1.656802e+01	-4.376805e+02
5.200000e-07	-2.384645e-06	-6.603268e-09	-1.610895e+01	-4.319004e+02
5.300000e-07	-2.316084e-06	-6.498085e-09	-1.564580e+01	-4.259684e+02
5.400000e-07	-2.246802e-06	-6.392227e-09	-1.517778e+01	-4.198394e+02
5.500000e-07	-2.176697e-06	-6.304145e-09	-1.470420e+01	-4.134889e+02
5.600000e-07	-2.105856e-06	-6.216757e-09	-1.422565e+01	-4.069205e+02
5.700000e-07	-2.034313e-06	-6.112436e-09	-1.374236e+01	-4.001586e+02
5.800000e-07	-1.962062e-06	-5.995402e-09	-1.325428e+01	-3.932302e+02
5.900000e-07	-1.889135e-06	-5.881220e-09	-1.276164e+01	-3.861491e+02
6.000000e-07	-1.815512e-06	-5.780928e-09	-1.226429e+01	-3.789100e+02
6.100000e-07	-1.741058e-06	-5.676721e-09	-1.176133e+01	-3.714930e+02
6.200000e-07	-1.665681e-06	-5.555199e-09	-1.125214e+01	-3.638749e+02
6.300000e-07	-1.589511e-06	-5.425766e-09	-1.073759e+01	-3.560400e+02
6.400000e-07	-1.512781e-06	-5.304396e-09	-1.021926e+01	-3.479835e+02
6.500000e-07	-1.435631e-06	-5.187204e-09	-9.698090e+00	-3.397101e+02
6.600000e-07	-1.357977e-06	-5.057359e-09	-9.173519e+00	-3.312274e+02
6.700000e-07	-1.279759e-06	-4.914634e-09	-8.645133e+00	-3.225393e+02
6.800000e-07	-1.200992e-06	-4.776558e-09	-8.113041e+00	-3.136417e+02
6.900000e-07	-1.121635e-06	-4.649054e-09	-7.576959e+00	-3.045209e+02
7.000000e-07	-1.041741e-06	-4.512742e-09	-7.037250e+00	-2.951545e+02
7.100000e-07	-9.614038e-07	-4.357584e-09	-6.494553e+00	-2.855158e+02
7.200000e-07	-8.805786e-07	-4.194589e-09	-5.948556e+00	-2.755807e+02
7.300000e-07	-7.993544e-07	-4.038703e-09	-5.399863e+00	-2.653356e+02
7.400000e-07	-7.179654e-07	-3.885431e-09	-4.850058e+00	-2.547838e+02
7.500000e-07	-6.364547e-07	-3.722085e-09	-4.299430e+00	-2.439448e+02
7.600000e-07	-5.547407e-07	-3.547407e-09	-3.747429e+00	-2.328470e+02
7.700000e-07	-4.728653e-07	-3.373091e-09	-3.194338e+00	-2.215132e+02
7.800000e-07	-3.909050e-07	-3.204596e-09	-2.640673e+00	-2.099469e+02
7.900000e-07	-3.088951e-07	-3.029734e-09	-2.086673e+00	-1.981240e+02
8.000000e-07	-2.268349e-07	-2.840518e-09	-1.532334e+00	-1.859979e+02
8.100000e-07	-1.446392e-07	-2.641610e-09	-9.770785e-01	-1.735148e+02
8.200000e-07	-6.230483e-08	-2.446300e-09	-4.208867e-01	-1.606355e+02
8.300000e-07	2.002166e-08	-2.252573e-09	1.352519e-01	-1.473516e+02
8.400000e-07	1.022629e-07	-2.047280e-09	6.908148e-01	-1.336899e+02
8.500000e-07	1.844257e-07	-1.827630e-09	1.245847e+00	-1.196993e+02
8.600000e-07	2.665111e-07	-1.605207e-09	1.800357e+00	-1.054267e+02
8.700000e-07	3.485287e-07	-1.387908e-09	2.354410e+00	-9.089107e+01
8.800000e-07	4.304475e-07	-1.165776e-09	2.907794e+00	-7.606956e+01
8.900000e-07	5.122765e-07	-9.291821e-10	3.460572e+00	-6.090363e+01
9.000000e-07	5.939547e-07	-6.826340e-10	4.012331e+00	-4.532537e+01
9.100000e-07	6.753889e-07	-4.374262e-10	4.562442e+00	-2.929284e+01
9.200000e-07	7.565834e-07	-1.924386e-10	5.110933e+00	-1.281784e+01
9.300000e-07	8.375702e-07	6.137994e-11	5.658022e+00	4.028992e+00
9.400000e-07	9.183361e-07	3.266289e-10	6.203619e+00	2.114008e+01
9.500000e-07	9.987571e-07	5.940977e-10	6.746885e+00	3.841038e+01
9.600000e-07	1.078674e-06	8.563203e-10	7.286744e+00	5.577437e+01
9.700000e-07	1.158059e-06	1.119882e-09	7.823015e+00	7.322053e+01
9.800000e-07	1.236929e-06	1.390779e-09	8.355804e+00	9.077433e+01
9.900000e-07	1.315286e-06	1.667406e-09	8.885125e+00	1.084584e+02
1.000000e-06	1.393179e-06	1.940289e-09	9.411317e+00	1.262515e+02
1.010000e-06	1.470580e-06	2.206143e-09	9.934184e+00	1.440703e+02
1.020000e-06	1.547442e-06	2.472129e-09	1.045341e+01	1.617837e+02
1.030000e-06	1.623796e-06	2.741855e-09	1.096920e+01	1.792539e+02
1.040000e-06	1.699656e-06	3.007437e-09	1.148165e+01	1.963788e+02
1.050000e-06	1.774814e-06	3.262334e-09	1.198937e+01	2.131142e+02
1.060000e-06	1.848949e-06	3.509299e-09	1.249017e+01	2.294634e+02
1.070000e-06	1.922068e-06	3.753551e-09	1.298411e+01	2.454423e+02
1.080000e-06	1.994507e-06	3.995460e-09	1.347346e+01	2.610436e+02
1.090000e-06	2.066432e-06	4.227100e-09	1.395933e+01	2.762208e+02
1.100000e-06	2.137704e-06	4.445631e-09	1.444079e+01	2.909018e+02
1.110000e-06	2.208188e-06	4.656980e-09	1.491693e+01	3.050220e+02
1.120000e-06	2.277885e-06	4.863900e-09	1.538775e+01	3.185553e+02
1.130000e-06	2.346800e-06	5.063975e-09	1.585330e+01	3.315243e+02
1.140000e-06	2.415058e-06	5.252457e-09	1.631440e+01	3.439829e+02
1.150000e-06	2.482680e-06	5.432175e-09	1.677120e+01	3.559836e+02
1.160000e-06	2.549259e-06	5.608614e-09	1.722096e+01	3.675485e+02
1.170000e-06	2.614536e-06	5.782376e-09	1.766192e+01	3.786607e+02
1.180000e-06	2.678821e-06	5.948072e-09	1.809619e+01	3.892805e+02
1.190000e-06	2.742330e-06	6.099568e-09	1.852521e+01	3.993757e+02
1.200000e-06	2.805011e-06	6.240185e-09	1.894864e+01	4.089483e+02
1.210000e-06	2.866787e-06	6.378595e-09	1.936595e+01	4.180430e+02
1.220000e-06	2.927644e-06	6.515777e-09	1.977706e+01	4.267334e+02
1.230000e-06	2.987672e-06	6.644469e-09	2.018257e+01	4.350931e+02
1.240000e-06	3.046581e-06	6.763359e-09	2.058051e+01	4.431666e+02
1.250000e-06	3.104061e-06	6.878926e-09	2.096880e+01	4.509542e+02
1.260000e-06	3.160350e-06	6.995874e-09	2.134905e+01	4.584166e+02
1.270000e-06	3.215618e-06	7.107593e-09	2.172240e+01	4.654994e+02
1.280000e-06	3.269806e-06	7.208084e-09	2.208846e+01	4.721630e+02
1.290000e-06	3.322851e-06	7.298615e-09	2.244679e+01	4.784082e+02
1.300000e-06	3.374587e-06	7.385957e-09	2.279628e+01	4.842823e+02
1.310000e-06	3.424698e-06	7.473415e-09	2.313480e+01	4.898640e+02
1.320000e-06	3.473280e-06	7.558342e-09	2.346298e+01	4.952321e+02
1.330000e-06	3.520677e-06	7.636793e-09	2.378317e+01	5.004337e+02
1.340000e-06	3.566883e-06	7.709959e-09	2.409530e+01	5.054659e+02
1.350000e-06	3.611927e-06	7.782951e-09	2.439958e+01	5.102824e+02
1.360000e-06	3.655861e-06	7.855207e-09	2.469637e+01	5.148213e+02
1.370000e-06	3.698415e-06	7.921112e-09	2.498383e+01	5.190417e+02
1.380000e-06	3.739465e-06	7.976640e-09	2.526113e+01	5.229479e+02
1.390000e-06	3.779229e-06	8.027311e-09	2.552976e+01	5.265906e+02
1.400000e-06	3.817759e-06	8.080018e-09	2.579003e+01	5.300437e+02
1.410000e-06	3.855050e-06	8.132374e-09	2.604194e+01	5.333704e+02
1.420000e-06	3.891113e-06	8.180230e-09	2.628556e+01	5.365981e+02
1.430000e-06	3.925683e-06	8.225373e-09	2.651909e+01	5.397133e+02
1.440000e-06	3.958682e-06	8.271174e-09	2.674201e+01	5.426783e+02
1.450000e-06	3.990347e-06	8.317809e-09	2.695591e+01	5.454558e+02
1.460000e-06	4.020730e-06	8.360079e-09	2.716116e+01	5.480281e+02
1.470000e-06	4.049853e-06	8.393018e-09	2.735790e+01	5.504007e+02
1.480000e-06	4.077661e-06	8.420745e-09	2.754574e+01	5.525928e+02
1.490000e-06	4.103815e-06	8.450727e-09	2.772242e+01	5.546241e+02
1.500000e-06	4.128302e-06	8.482383e-09	2.788784e+01	5.565081e+02
1.510000e-06	4.151371e-06	8.509780e-09	2.804368e+01	5.582541e+02
1.520000e-06	4.173080e-06	8.532240e-09	2.819033e+01	5.598723e+02
1.530000e-06	4.193523e-06	8.553940e-09	2.832843e+01	5.613748e+02
1.540000e-06	4.212613e-06	8.577269e-09	2.845739e+01	5.627700e+02
1.550000e-06	4.230178e-06	8.598770e-09	2.857604e+01	5.640552e+02
1.560000e-06	4.246131e-06	8.615076e-09	2.868381e+01	5.652150e+02
1.570000e-06	4.260470e-06	8.627216e-09	2.878067e+01	5.662301e+02
1.580000e-06	4.273280e-06	8.639176e-09	2.886721e+01	5.670926e+02
1.590000e-06	4.284437e-06	8.651367e-09	2.894258e+01	5.678175e+02
1.600000e-06	4.293784e-06	8.660751e-09	2.900572e+01	5.684391e+02
1.610000e-06	4.301503e-06	8.667449e-09	2.905786e+01	5.689949e+02
1.620000e-06	4.307733e-06	8.673763e-09	2.909995e+01	5.695026e+02
1.630000e-06	4.312577e-06	8.682420e-09	2.913267e+01	5.699487e+02
1.640000e-06	4.315999e-06	8.692041e-09	2.915579e+01	5.702942e+02
1.650000e-06	4.317767e-06	8.696937e-09	2.916773e+01	5.704969e+02
1.660000e-06	4.317992e-06	8.695402e-09	2.916925e+01	5.705356e+02
1.670000e-06	4.316841e-06	8.690543e-09	2.916148e+01	5.704227e+02
1.680000e-06	4.314367e-06	8.687330e-09	2.914476e+01	5.701974e+02
1.690000e-06	4.310636e-06	8.683051e-09	2.911956e+01	5.699046e+02
1.700000e-06	4.305444e-06	8.676003e-09	2.908448e+01	5.695735e+02
1.710000e-06	4.298624e-06	8.669795e-09	2.903841e+01	5.692071e+02
1.720000e-06	4.290433e-06	8.668191e-09	2.898308e+01	5.687863e+02
1.730000e-06	4.281055e-06	8.675035e-09	2.891973e+01	5.682829e+02
1.740000e-06	4.270435e-06	8.663934e-09	2.884799e+01	5.676709e+02
1.750000e-06	4.258139e-06	8.632913e-09	2.876492e+01	5.669323e+02
1.760000e-06	4.243465e-06	8.603488e-09	2.866580e+01	5.660572e+02
1.770000e-06	4.226330e-06	8.586880e-09	2.855005e+01	5.650436e+02
1.780000e-06	4.207556e-06	8.613651e-09	2.842322e+01	5.639020e+02
1.790000e-06	4.188218e-06	8.591354e-09	2.829259e+01	5.626593e+02
1.800000e-06	4.168443e-06	8.533823e-09	2.815901e+01	5.613578e+02
1.810000e-06	4.147022e-06	8.555454e-09	2.801430e+01	5.600423e+02
1.820000e-06	4.123719e-06	8.527288e-09	2.785688e+01	5.587392e+02
1.830000e-06	4.099465e-06	8.481194e-09	2.769303e+01	5.574386e+02
1.840000e-06	4.073862e-06	8.505824e-09	2.752008e+01	5.560922e+02
1.850000e-06	4.046541e-06	8.452834e-09	2.733552e+01	5.546318e+02
1.860000e-06	4.017932e-06	8.390144e-09	2.714226e+01	5.530009e+02
1.870000e-06	3.987739e-06	8.428573e-09	2.693830e+01	5.511824e+02
1.880000e-06	3.955916e-06	8.404861e-09	2.672332e+01	5.492068e+02
1.890000e-06	3.922767e-06	8.333175e-09	2.649939e+01	5.471338e+02
1.900000e-06	3.888224e-06	8.300269e-09	2.626605e+01	5.450178e+02
1.910000e-06	3.852569e-06	8.279155e-09	2.602519e+01	5.428758e+02
1.920000e-06	3.815680e-06	8.281145e-09	2.577599e+01	5.406752e+02
1.930000e-06	3.776971e-06	8.218171e-09	2.551450e+01	5.383486e+02
1.940000e-06	3.736855e-06	8.155530e-09	2.524350e+01	5.358281e+02
1.950000e-06	3.695598e-06	8.156261e-09	2.496480e+01	5.330787e+02
1.960000e-06	3.652942e-06	8.093657e-09	2.467665e+01	5.301164e+02
1.970000e-06	3.609183e-06	8.050429e-09	2.438105e+01	5.269998e+02
1.980000e-06	3.564224e-06	8.023157e-09	2.407733e+01	5.238024e+02
1.990000e-06	3.517894e-06	7.918735e-09	2.376437e+01	5.205781e+02
2.000000e-06	3.470321e-06	7.883637e-09	2.344299e+01	5.173373e+02
2.010000e-06	3.421417e-06	7.871712e-09	2.311263e+01	5.140434e+02
2.020000e-06	3.371317e-06	7.802701e-09	2.277419e+01	5.106307e+02
2.030000e-06	3.319929e-06	7.738345e-09	2.242705e+01	5.070349e+02
2.040000e-06	3.267024e-06	7.670870e-09	2.206966e+01	5.032216e+02
2.050000e-06	3.212686e-06	7.632425e-09	2.170260e+01	4.992007e+02
2.060000e-06	3.157164e-06	7.574664e-09	2.132753e+01	4.950193e+02
2.070000e-06	3.100624e-06	7.484858e-09	2.094559e+01	4.907376e+02
2.080000e-06	3.042916e-06	7.410800e-09	2.055576e+01	4.863979e+02
2.090000e-06	2.984137e-06	7.350268e-09	2.015869e+01	4.820030e+02
2.100000e-06	2.924506e-06	7.303595e-09	1.975586e+01	4.775141e+02
2.110000e-06	2.863825e-06	7.226048e-09	1.934595e+01	4.728693e+02
2.120000e-06	2.801884e-06	7.142511e-09	1.892752e+01	4.680142e+02
2.130000e-06	2.738831e-06	7.061527e-09	1.850157e+01	4.629280e+02
2.140000e-06	2.674943e-06	6.979123e-09	1.806999e+01	4.576317e+02
2.150000e-06	2.610165e-06	6.913636e-09	1.763240e+01	4.521742e+02
2.160000e-06	2.544366e-06	6.813822e-09	1.718791e+01	4.466044e+02
2.170000e-06	2.477699e-06	6.712244e-09	1.673755e+01	4.409452e+02
2.180000e-06	2.410280e-06	6.637742e-09	1.628212e+01	4.351827e+02
2.190000e-06	2.342122e-06	6.558484e-09	1.582169e+01	4.292751e+02
2.200000e-06	2.273017e-06	6.463642e-09	1.535487e+01	4.231763e+02
2.210000e-06	2.202760e-06	6.349976e-09	1.488027e+01	4.168576e+02
2.220000e-06	2.131544e-06	6.249635e-09	1.439918e+01	4.103190e+02
2.230000e-06	2.059680e-06	6.159931e-09	1.391371e+01	4.035828e+02
2.240000e-06	1.987279e-06	6.060345e-09	1.342463e+01	3.966766e+02
2.250000e-06	1.914224e-06	5.945968e-09	1.293112e+01	3.896170e+02
2.260000e-06	1.840477e-06	5.823134e-09	1.243294e+01	3.824013e+02
2.270000e-06	1.766092e-06	5.716826e-09	1.193044e+01	3.750110e+02
2.280000e-06	1.691030e-06	5.609805e-09	1.142338e+01	3.674227e+02
2.290000e-06	1.615327e-06	5.490276e-09	1.091199e+01	3.596191e+02
2.300000e-06	1.538974e-06	5.358568e-09	1.039620e+01	3.515939e+02
2.310000e-06	1.461838e-06	5.228147e-09	9.875125e+00	3.433509e+02
2.320000e-06	1.383959e-06	5.111722e-09	9.349032e+00	3.348975e+02
2.330000e-06	1.305455e-06	4.985230e-09	8.818713e+00	3.262385e+02
2.340000e-06	1.226453e-06	4.840895e-09	8.285036e+00	3.173713e+02
2.350000e-06	1.147065e-06	4.690299e-09	7.748745e+00	3.082835e+02
2.360000e-06	1.067382e-06	4.551122e-09	7.210464e+00	2.989535e+02
2.370000e-06	9.874057e-07	4.416410e-09	6.670203e+00	2.893552e+02
2.380000e-06	9.071320e-07	4.267045e-09	6.127932e+00	2.794633e+02
2.390000e-06	8.266269e-07	4.103357e-09	5.584097e+00	2.692626e+02
2.400000e-06	7.457774e-07	3.938589e-09	5.037936e+00	2.587535e+02
2.410000e-06	6.645823e-07	3.782197e-09	4.489440e+00	2.479537e+02
2.420000e-06	5.831788e-07	3.620260e-09	3.939537e+00	2.368909e+02
2.430000e-06	5.016556e-07	3.440968e-09	3.388824e+00	2.255899e+02
2.440000e-06	4.200143e-07	3.254011e-09	2.837315e+00	2.140575e+02
2.450000e-06	3.382174e-07	3.074693e-09	2.284753e+00	2.022735e+02
2.460000e-06	2.563270e-07	2.899682e-09	1.731561e+00	1.901938e+02
2.470000e-06	1.744087e-07	2.712952e-09	1.178180e+00	1.777645e+02
2.480000e-06	9.246519e-08	2.510690e-09	6.246283e-01	1.649430e+02
2.490000e-06	1.047785e-08	2.304438e-09	7.078085e-02	1.517158e+02
2.500000e-06	-7.155698e-08	2.101675e-09	-4.833875e-01	1.381052e+02
2.510000e-06	-1.535525e-07	1.894140e-09	-1.037291e+00	1.241581e+02
2.520000e-06	-2.354304e-07	1.673249e-09	-1.590398e+00	1.099236e+02
2.530000e-06	-3.171931e-07	1.445284e-09	-2.142729e+00	9.542571e+01
2.540000e-06	-3.988349e-07	1.222368e-09	-2.694242e+00	8.064780e+01
2.550000e-06	-4.803269e-07	1.002021e-09	-3.244743e+00	6.553519e+01
2.560000e-06	-5.616649e-07	7.703151e-10	-3.794204e+00	5.001919e+01
2.570000e-06	-6.428465e-07	5.218678e-10	-4.342608e+00	3.405209e+01
2.580000e-06	-7.238259e-07	2.666040e-10	-4.889647e+00	1.763703e+01
2.590000e-06	-8.045313e-07	1.359667e-11	-5.434835e+00	8.370136e-01
2.600000e-06	-8.849174e-07	-2.424739e-10	-5.977866e+00	-1.624347e+01
2.610000e-06	-9.650198e-07	-5.075052e-10	-6.518980e+00	-3.349645e+01
2.620000e-06	-1.044874e-06	-7.752332e-10	-7.058416e+00	-5.084918e+01
2.630000e-06	-1.124462e-06	-1.039206e-09	-7.596055e+00	-6.828273e+01
2.640000e-06	-1.203732e-06	-1.301417e-09	-8.131549e+00	-8.581940e+01
2.650000e-06	-1.282567e-06	-1.569146e-09	-8.664103e+00	-1.034850e+02
2.660000e-06	-1.360775e-06	-1.843923e-09	-9.192420e+00	-1.212664e+02
2.670000e-06	-1.438193e-06	-2.117457e-09	-9.715400e+00	-1.390889e+02
2.680000e-06	-1.514825e-06	-2.384505e-09	-1.023307e+01	-1.568264e+02
2.690000e-06	-1.590763e-06	-2.648175e-09	-1.074605e+01	-1.743390e+02
2.700000e-06	-1.666143e-06	-2.912436e-09	-1.125527e+01	-1.915175e+02
2.710000e-06	-1.740942e-06	-3.172465e-09	-1.176055e+01	-2.083093e+02
2.720000e-06	-1.815045e-06	-3.421585e-09	-1.226114e+01	-2.247128e+02
2.730000e-06	-1.888517e-06	-3.660331e-09	-1.275747e+01	-2.407444e+02
2.740000e-06	-1.961322e-06	-3.896125e-09	-1.324928e+01	-2.564018e+02
2.750000e-06	-2.033454e-06	-4.132124e-09	-1.373655e+01	-2.716439e+02
2.760000e-06	-2.105076e-06	-4.361444e-09	-1.422038e+01	-2.864005e+02
2.770000e-06	-2.176070e-06	-4.577471e-09	-1.469997e+01	-3.006037e+02
2.780000e-06	-2.246176e-06	-4.783606e-09	-1.517355e+01	-3.142208e+02
2.790000e-06	-2.315230e-06	-4.985777e-09	-1.564003e+01	-3.272677e+02
2.800000e-06	-2.383304e-06	-5.181941e-09	-1.609989e+01	-3.397957e+02
2.810000e-06	-2.450595e-06	-5.367528e-09	-1.655446e+01	-3.518598e+02
2.820000e-06	-2.517101e-06	-5.541583e-09	-1.700372e+01	-3.634873e+02
2.830000e-06	-2.582774e-06	-5.707766e-09	-1.744737e+01	-3.746665e+02
2.840000e-06	-2.647554e-06	-5.871283e-09	-1.788497e+01	-3.853594e+02
2.850000e-06	-2.711483e-06	-6.029493e-09	-1.831683e+01	-3.955306e+02
2.860000e-06	-2.774648e-06	-6.176200e-09	-1.874353e+01	-4.051763e+02
2.870000e-06	-2.836659e-06	-6.313204e-09	-1.916243e+01	-4.143353e+02
2.880000e-06	-2.897281e-06	-6.446612e-09	-1.957195e+01	-4.230788e+02
2.890000e-06	-2.956936e-06	-6.579023e-09	-1.997493e+01	-4.314823e+02
2.900000e-06	-3.015751e-06	-6.706021e-09	-2.037224e+01	-4.395958e+02
2.910000e-06	-3.073514e-06	-6.822747e-09	-2.076245e+01	-4.474261e+02
2.920000e-06	-3.130180e-06	-6.932831e-09	-2.114525e+01	-4.549385e+02
2.930000e-06	-3.185876e-06	-7.042277e-09	-2.152149e+01	-4.620788e+02
2.940000e-06	-3.240403e-06	-7.148436e-09	-2.188984e+01	-4.688035e+02
2.950000e-06	-3.293365e-06	-7.245582e-09	-2.224760e+01	-4.751068e+02
2.960000e-06	-3.344898e-06	-7.334111e-09	-2.259573e+01	-4.810298e+02
2.970000e-06	-3.395181e-06	-7.420811e-09	-2.293540e+01	-4.866482e+02
2.980000e-06	-3.444104e-06	-7.507708e-09	-2.326589e+01	-4.920431e+02
2.990000e-06	-3.491474e-06	-7.589489e-09	-2.358589e+01	-4.972677e+02
3.000000e-06	-3.537478e-06	-7.664182e-09	-2.389666e+01	-5.023263e+02
3.010000e-06	-3.582398e-06	-7.734189e-09	-2.420011e+01	-5.071776e+02
3.020000e-06	-3.626263e-06	-7.804031e-09	-2.449643e+01	-5.117597e+02
3.030000e-06	-3.669086e-06	-7.873600e-09	-2.478571e+01	-5.160267e+02
3.040000e-06	-3.710703e-06	-7.937075e-09	-2.506684e+01	-5.199759e+02
3.050000e-06	-3.751100e-06	-7.991862e-09	-2.533974e+01	-5.236521e+02
3.060000e-06	-3.790393e-06	-8.043975e-09	-2.560517e+01	-5.271279e+02
3.070000e-06	-3.828186e-06	-8.098276e-09	-2.586047e+01	-5.304702e+02
3.080000e-06	-3.864358e-06	-8.151194e-09	-2.610482e+01	-5.337122e+02
3.090000e-06	-3.899252e-06	-8.197210e-09	-2.634054e+01	-5.368457e+02
3.100000e-06	-3.932836e-06	-8.237455e-09	-2.656741e+01	-5.398349e+02
3.110000e-06	-3.965080e-06	-8.279925e-09	-2.678523e+01	-5.426410e+02
3.120000e-06	-3.995910e-06	-8.324508e-09	-2.699349e+01	-5.452430e+02
3.130000e-06	-4.025111e-06	-8.363746e-09	-2.719075e+01	-5.476433e+02
3.140000e-06	-4.052853e-06	-8.395674e-09	-2.737816e+01	-5.498601e+02
3.150000e-06	-4.079344e-06	-8.426745e-09	-2.755711e+01	-5.519135e+02
3.160000e-06	-4.104430e-06	-8.457654e-09	-2.772658e+01	-5.538182e+02
3.170000e-06	-4.128108e-06	-8.485411e-09	-2.788653e+01	-5.555836e+02
3.180000e-06	-4.150254e-06	-8.508192e-09	-2.803613e+01	-5.572195e+02
3.190000e-06	-4.170764e-06	-8.528051e-09	-2.817468e+01	-5.587380e+02
3.200000e-06	-4.189872e-06	-8.550154e-09	-2.830376e+01	-5.601485e+02
3.210000e-06	-4.207617e-06	-8.572888e-09	-2.842364e+01	-5.614504e+02
3.220000e-06	-4.223933e-06	-8.591645e-09	-2.853385e+01	-5.626295e+02
3.230000e-06	-4.238744e-06	-8.605764e-09	-2.863390e+01	-5.636663e+02
3.240000e-06	-4.251745e-06	-8.619571e-09	-2.872173e+01	-5.645506e+02
3.250000e-06	-4.262976e-06	-8.633549e-09	-2.879760e+01	-5.652935e+02
3.260000e-06	-4.272664e-06	-8.644070e-09	-2.886304e+01	-5.659276e+02
3.270000e-06	-4.280970e-06	-8.650420e-09	-2.891916e+01	-5.664912e+02
3.280000e-06	-4.287920e-06	-8.656895e-09	-2.896610e+01	-5.670061e+02
3.290000e-06	-4.293160e-06	-8.664830e-09	-2.900150e+01	-5.674631e+02
3.300000e-06	-4.296770e-06	-8.671690e-09	-2.902589e+01	-5.678260e+02
3.310000e-06	-4.299036e-06	-8.672929e-09	-2.904120e+01	-5.680513e+02
3.320000e-06	-4.299930e-06	-8.669997e-09	-2.904723e+01	-5.681136e+02
