# Temperatura_=_20.0
# Concentracion g/m^3_=_10000.0
# C_Vs_to_Am_M_A/Vsm_=_65563218390.804596
# pendiente_HvsI_1/m_=_3716.3
# ordenada_HvsI_A/m_=_1297.0
# frecuencia_Hz_=_300960.8203597404

Tiempo_(s)	Campo_(V.s)	Magnetizacion_(V.s)	Campo_(kA/m)	Magnetizacion_(A/m)
0.000000e+00	-4.283068e-06	-1.334687e-10	-2.902724e+01	-7.830039e+00
1.000000e-08	-4.280861e-06	-1.315452e-10	-2.901229e+01	-7.724909e+00
2.000000e-08	-4.277120e-06	-1.295076e-10	-2.898693e+01	-7.591604e+00
3.000000e-08	-4.272159e-06	-1.281211e-10	-2.895331e+01	-7.478247e+00
4.000000e-08	-4.265952e-06	-1.269981e-10	-2.891125e+01	-7.427457e+00
5.000000e-08	-4.258400e-06	-1.270320e-10	-2.886006e+01	-7.455675e+00
6.000000e-08	-4.249543e-06	-1.251930e-10	-2.880003e+01	-7.543328e+00
7.000000e-08	-4.239072e-06	-1.239152e-10	-2.872907e+01	-7.643029e+00
8.000000e-08	-4.226689e-06	-1.378612e-10	-2.864515e+01	-7.703218e+00
9.000000e-08	-4.212245e-06	-1.478752e-10	-2.854726e+01	-7.694910e+00
1.000000e-07	-4.195592e-06	-1.340472e-10	-2.843440e+01	-7.626329e+00
1.100000e-07	-4.177251e-06	-1.088916e-10	-2.831010e+01	-7.536859e+00
1.200000e-07	-4.157838e-06	-9.367222e-11	-2.817853e+01	-7.474228e+00
1.300000e-07	-4.137618e-06	-1.394761e-10	-2.804150e+01	-7.469147e+00
1.400000e-07	-4.116308e-06	-1.620823e-10	-2.789707e+01	-7.522601e+00
1.500000e-07	-4.093670e-06	-9.741706e-11	-2.774365e+01	-7.611952e+00
1.600000e-07	-4.069840e-06	-1.129453e-10	-2.758215e+01	-7.709296e+00
1.700000e-07	-4.044203e-06	-1.547535e-10	-2.740840e+01	-7.797932e+00
1.800000e-07	-4.016745e-06	-1.049650e-10	-2.722232e+01	-7.875814e+00
1.900000e-07	-3.988313e-06	-1.142670e-10	-2.702962e+01	-7.945755e+00
2.000000e-07	-3.958723e-06	-1.509908e-10	-2.682909e+01	-8.002704e+00
2.100000e-07	-3.927603e-06	-9.642273e-11	-2.661818e+01	-8.030437e+00
2.200000e-07	-3.895236e-06	-9.372443e-11	-2.639882e+01	-8.011914e+00
2.300000e-07	-3.861448e-06	-1.471332e-10	-2.616984e+01	-7.945624e+00
2.400000e-07	-3.826083e-06	-1.264168e-10	-2.593016e+01	-7.853947e+00
2.500000e-07	-3.789301e-06	-8.995439e-11	-2.568088e+01	-7.774387e+00
2.600000e-07	-3.751086e-06	-9.497237e-11	-2.542189e+01	-7.737346e+00
2.700000e-07	-3.711676e-06	-1.251922e-10	-2.515480e+01	-7.745393e+00
2.800000e-07	-3.671203e-06	-1.137144e-10	-2.488051e+01	-7.769655e+00
2.900000e-07	-3.629176e-06	-9.056014e-11	-2.459568e+01	-7.767693e+00
3.000000e-07	-3.585532e-06	-1.155763e-10	-2.429990e+01	-7.711678e+00
3.100000e-07	-3.540620e-06	-1.063744e-10	-2.399552e+01	-7.607392e+00
3.200000e-07	-3.494480e-06	-9.585646e-11	-2.368282e+01	-7.490161e+00
3.300000e-07	-3.447245e-06	-1.276702e-10	-2.336270e+01	-7.399946e+00
3.400000e-07	-3.398824e-06	-1.064547e-10	-2.303454e+01	-7.352982e+00
3.500000e-07	-3.348731e-06	-8.030150e-11	-2.269505e+01	-7.330432e+00
3.600000e-07	-3.296952e-06	-1.068141e-10	-2.234413e+01	-7.292677e+00
3.700000e-07	-3.243911e-06	-1.113484e-10	-2.198466e+01	-7.209361e+00
3.800000e-07	-3.189779e-06	-9.556660e-11	-2.161779e+01	-7.083370e+00
3.900000e-07	-3.134535e-06	-8.941866e-11	-2.124339e+01	-6.950629e+00
4.000000e-07	-3.078380e-06	-9.398772e-11	-2.086282e+01	-6.854649e+00
4.100000e-07	-3.021247e-06	-1.034957e-10	-2.047562e+01	-6.813237e+00
4.200000e-07	-2.962675e-06	-1.090084e-10	-2.007866e+01	-6.801377e+00
4.300000e-07	-2.902853e-06	-9.864025e-11	-1.967324e+01	-6.763861e+00
4.400000e-07	-2.842051e-06	-8.297838e-11	-1.926117e+01	-6.650788e+00
4.500000e-07	-2.780307e-06	-8.527219e-11	-1.884272e+01	-6.452660e+00
4.600000e-07	-2.717686e-06	-8.893903e-11	-1.841832e+01	-6.211017e+00
4.700000e-07	-2.654171e-06	-8.935281e-11	-1.798787e+01	-5.996179e+00
4.800000e-07	-2.589910e-06	-8.437496e-11	-1.755236e+01	-5.865129e+00
4.900000e-07	-2.524711e-06	-7.649055e-11	-1.711049e+01	-5.825665e+00
5.000000e-07	-2.458124e-06	-8.736571e-11	-1.665922e+01	-5.829090e+00
5.100000e-07	-2.390460e-06	-9.676804e-11	-1.620065e+01	-5.795866e+00
5.200000e-07	-2.322243e-06	-8.410858e-11	-1.573832e+01	-5.658704e+00
5.300000e-07	-2.253373e-06	-7.052793e-11	-1.527158e+01	-5.398026e+00
5.400000e-07	-2.183687e-06	-6.581146e-11	-1.479930e+01	-5.050735e+00
5.500000e-07	-2.113288e-06	-6.548143e-11	-1.432219e+01	-4.689706e+00
5.600000e-07	-2.042179e-06	-6.306287e-11	-1.384027e+01	-4.387491e+00
5.700000e-07	-1.970352e-06	-5.538509e-11	-1.335349e+01	-4.184188e+00
5.800000e-07	-1.897931e-06	-4.913899e-11	-1.286267e+01	-4.074213e+00
5.900000e-07	-1.824851e-06	-5.122102e-11	-1.236740e+01	-4.014849e+00
6.000000e-07	-1.750875e-06	-5.752062e-11	-1.186605e+01	-3.948875e+00
6.100000e-07	-1.675964e-06	-5.497038e-11	-1.135835e+01	-3.829252e+00
6.200000e-07	-1.600217e-06	-4.675996e-11	-1.084500e+01	-3.636078e+00
6.300000e-07	-1.523891e-06	-4.189033e-11	-1.032773e+01	-3.381260e+00
6.400000e-07	-1.447134e-06	-4.025886e-11	-9.807531e+00	-3.101209e+00
6.500000e-07	-1.369884e-06	-3.669532e-11	-9.283987e+00	-2.841040e+00
6.600000e-07	-1.292087e-06	-2.923464e-11	-8.756742e+00	-2.635713e+00
6.700000e-07	-1.213781e-06	-2.581392e-11	-8.226046e+00	-2.494888e+00
6.800000e-07	-1.135064e-06	-2.852855e-11	-7.692565e+00	-2.398050e+00
6.900000e-07	-1.055866e-06	-3.104091e-11	-7.155827e+00	-2.303265e+00
7.000000e-07	-9.760566e-07	-2.607479e-11	-6.614938e+00	-2.166859e+00
7.100000e-07	-8.955979e-07	-1.651499e-11	-6.069653e+00	-1.965029e+00
7.200000e-07	-8.147560e-07	-1.146867e-11	-5.521771e+00	-1.706016e+00
7.300000e-07	-7.337900e-07	-9.317242e-12	-4.973047e+00	-1.425676e+00
7.400000e-07	-6.527010e-07	-6.353132e-12	-4.423490e+00	-1.168324e+00
7.500000e-07	-5.713596e-07	-3.011961e-12	-3.872223e+00	-9.635268e-01
7.600000e-07	-4.897674e-07	-1.192090e-12	-3.319256e+00	-8.121550e-01
7.700000e-07	-4.080956e-07	-3.200327e-13	-2.765749e+00	-6.894893e-01
7.800000e-07	-3.263584e-07	3.196364e-13	-2.211798e+00	-5.627250e-01
7.900000e-07	-2.445139e-07	1.843414e-12	-1.657122e+00	-4.115637e-01
8.000000e-07	-1.624842e-07	4.901791e-12	-1.101189e+00	-2.392603e-01
8.100000e-07	-8.036204e-08	7.199937e-12	-5.446302e-01	-6.815644e-02
8.200000e-07	1.672241e-09	7.718090e-12	1.133312e-02	7.624496e-02
8.300000e-07	8.366783e-08	8.578059e-12	5.670343e-01	1.818399e-01
8.400000e-07	1.656087e-07	1.313984e-11	1.122365e+00	2.568584e-01
8.500000e-07	2.475023e-07	1.685619e-11	1.677375e+00	3.238117e-01
8.600000e-07	3.293314e-07	1.702021e-11	2.231947e+00	4.053479e-01
8.700000e-07	4.109781e-07	1.797399e-11	2.785284e+00	5.112350e-01
8.800000e-07	4.925174e-07	2.111296e-11	3.337892e+00	6.339657e-01
8.900000e-07	5.739824e-07	2.418135e-11	3.889998e+00	7.546416e-01
9.000000e-07	6.552396e-07	2.517480e-11	4.440695e+00	8.549445e-01
9.100000e-07	7.362288e-07	2.324695e-11	4.989576e+00	9.283823e-01
9.200000e-07	8.170019e-07	2.238825e-11	5.536992e+00	9.852311e-01
9.300000e-07	8.975088e-07	2.445918e-11	6.082603e+00	1.049083e+00
9.400000e-07	9.776581e-07	2.656142e-11	6.625792e+00	1.146562e+00
9.500000e-07	1.057358e-06	2.764345e-11	7.165933e+00	1.294371e+00
9.600000e-07	1.136586e-06	2.880957e-11	7.702881e+00	1.489113e+00
9.700000e-07	1.215304e-06	3.166439e-11	8.236370e+00	1.705055e+00
9.800000e-07	1.293560e-06	3.425815e-11	8.766723e+00	1.902665e+00
9.900000e-07	1.371457e-06	3.466891e-11	9.294647e+00	2.046145e+00
1.000000e-06	1.448860e-06	3.267977e-11	9.819227e+00	2.122737e+00
1.010000e-06	1.525671e-06	3.110285e-11	1.033979e+01	2.153419e+00
1.020000e-06	1.601961e-06	3.240446e-11	1.085682e+01	2.186865e+00
1.030000e-06	1.677801e-06	3.616578e-11	1.137081e+01	2.276685e+00
1.040000e-06	1.752890e-06	4.037686e-11	1.187970e+01	2.452205e+00
1.050000e-06	1.826959e-06	4.290210e-11	1.238168e+01	2.699049e+00
1.060000e-06	1.900061e-06	4.641008e-11	1.287711e+01	2.962428e+00
1.070000e-06	1.972430e-06	4.957800e-11	1.336757e+01	3.173957e+00
1.080000e-06	2.044279e-06	4.971334e-11	1.385450e+01	3.288451e+00
1.090000e-06	2.115543e-06	4.689799e-11	1.433747e+01	3.309856e+00
1.100000e-06	2.186046e-06	4.450137e-11	1.481529e+01	3.290579e+00
1.110000e-06	2.255697e-06	4.504643e-11	1.528732e+01	3.303870e+00
1.120000e-06	2.324592e-06	4.802107e-11	1.575424e+01	3.405099e+00
1.130000e-06	2.392892e-06	5.084329e-11	1.621713e+01	3.604509e+00
1.140000e-06	2.460491e-06	5.427509e-11	1.667526e+01	3.866646e+00
1.150000e-06	2.526994e-06	5.860170e-11	1.712596e+01	4.134924e+00
1.160000e-06	2.592278e-06	6.160674e-11	1.756841e+01	4.364573e+00
1.170000e-06	2.656676e-06	6.254740e-11	1.800484e+01	4.543435e+00
1.180000e-06	2.720372e-06	6.234110e-11	1.843653e+01	4.689689e+00
1.190000e-06	2.783169e-06	6.335470e-11	1.886211e+01	4.831673e+00
1.200000e-06	2.844912e-06	6.583033e-11	1.928056e+01	4.986194e+00
1.210000e-06	2.905756e-06	6.985110e-11	1.969291e+01	5.150742e+00
1.220000e-06	2.965897e-06	7.405928e-11	2.010050e+01	5.313169e+00
1.230000e-06	3.024996e-06	7.666983e-11	2.050102e+01	5.468691e+00
1.240000e-06	3.082593e-06	7.804197e-11	2.089137e+01	5.628721e+00
1.250000e-06	3.138906e-06	7.966065e-11	2.127302e+01	5.812794e+00
1.260000e-06	3.194275e-06	7.949365e-11	2.164827e+01	6.028747e+00
1.270000e-06	3.248664e-06	7.924807e-11	2.201687e+01	6.256842e+00
1.280000e-06	3.301949e-06	8.113457e-11	2.237799e+01	6.452606e+00
1.290000e-06	3.353849e-06	8.533885e-11	2.272973e+01	6.570660e+00
1.300000e-06	3.404053e-06	8.834441e-11	2.306997e+01	6.596223e+00
1.310000e-06	3.452705e-06	8.808084e-11	2.339970e+01	6.563225e+00
1.320000e-06	3.500171e-06	8.706242e-11	2.372138e+01	6.544172e+00
1.330000e-06	3.546541e-06	8.621058e-11	2.403565e+01	6.613886e+00
1.340000e-06	3.591756e-06	8.728503e-11	2.434208e+01	6.806405e+00
1.350000e-06	3.635814e-06	9.118860e-11	2.464066e+01	7.090497e+00
1.360000e-06	3.678468e-06	9.621671e-11	2.492974e+01	7.380050e+00
1.370000e-06	3.719576e-06	1.000048e-10	2.520834e+01	7.576015e+00
1.380000e-06	3.759411e-06	1.008441e-10	2.547831e+01	7.618172e+00
1.390000e-06	3.798017e-06	9.867620e-11	2.573995e+01	7.518591e+00
1.400000e-06	3.835342e-06	9.618346e-11	2.599291e+01	7.358086e+00
1.410000e-06	3.871509e-06	9.405251e-11	2.623802e+01	7.246837e+00
1.420000e-06	3.906282e-06	9.357867e-11	2.647368e+01	7.269517e+00
1.430000e-06	3.939465e-06	9.644721e-11	2.669858e+01	7.443324e+00
1.440000e-06	3.971269e-06	1.009268e-10	2.691412e+01	7.710168e+00
1.450000e-06	4.001765e-06	1.048956e-10	2.712079e+01	7.966225e+00
1.460000e-06	4.030994e-06	1.061025e-10	2.731888e+01	8.113000e+00
1.470000e-06	4.058981e-06	1.030856e-10	2.750856e+01	8.103838e+00
1.480000e-06	4.085396e-06	1.003052e-10	2.768758e+01	7.963322e+00
1.490000e-06	4.110128e-06	1.000027e-10	2.785519e+01	7.771641e+00
1.500000e-06	4.133440e-06	9.969306e-11	2.801318e+01	7.623798e+00
1.510000e-06	4.155364e-06	9.935348e-11	2.816176e+01	7.585117e+00
1.520000e-06	4.175999e-06	9.882502e-11	2.830161e+01	7.664607e+00
1.530000e-06	4.195343e-06	9.838231e-11	2.843271e+01	7.817029e+00
1.540000e-06	4.213079e-06	9.889685e-11	2.855291e+01	7.969499e+00
1.550000e-06	4.229231e-06	1.003453e-10	2.866237e+01	8.057157e+00
1.560000e-06	4.243861e-06	9.987372e-11	2.876153e+01	8.050174e+00
1.570000e-06	4.256899e-06	9.886492e-11	2.884989e+01	7.961266e+00
1.580000e-06	4.268254e-06	9.766248e-11	2.892685e+01	7.833896e+00
1.590000e-06	4.277799e-06	9.546294e-11	2.899153e+01	7.720165e+00
1.600000e-06	4.285783e-06	9.361733e-11	2.904564e+01	7.659797e+00
1.610000e-06	4.292372e-06	9.238503e-11	2.909030e+01	7.668011e+00
1.620000e-06	4.297526e-06	9.330384e-11	2.912523e+01	7.733953e+00
1.630000e-06	4.301326e-06	9.523969e-11	2.915098e+01	7.827072e+00
1.640000e-06	4.303510e-06	9.643324e-11	2.916578e+01	7.907811e+00
1.650000e-06	4.304022e-06	9.643811e-11	2.916925e+01	7.940126e+00
1.660000e-06	4.303112e-06	9.489923e-11	2.916308e+01	7.903852e+00
1.670000e-06	4.300823e-06	9.347224e-11	2.914757e+01	7.803784e+00
1.680000e-06	4.297336e-06	9.258848e-11	2.912394e+01	7.670963e+00
1.690000e-06	4.292518e-06	9.141222e-11	2.909129e+01	7.552798e+00
1.700000e-06	4.286041e-06	9.148634e-11	2.904739e+01	7.493574e+00
1.710000e-06	4.278136e-06	9.402586e-11	2.899382e+01	7.513283e+00
1.720000e-06	4.269066e-06	1.003681e-10	2.893235e+01	7.596157e+00
1.730000e-06	4.258738e-06	1.013197e-10	2.886235e+01	7.696855e+00
1.740000e-06	4.246826e-06	8.109882e-11	2.878162e+01	7.762906e+00
1.750000e-06	4.232640e-06	7.523163e-11	2.868548e+01	7.761880e+00
1.760000e-06	4.215916e-06	8.917242e-11	2.857214e+01	7.697929e+00
1.770000e-06	4.197343e-06	1.234355e-10	2.844627e+01	7.607985e+00
1.780000e-06	4.178058e-06	1.196488e-10	2.831557e+01	7.540193e+00
1.790000e-06	4.158510e-06	6.101008e-11	2.818309e+01	7.528016e+00
1.800000e-06	4.137521e-06	1.017922e-10	2.804084e+01	7.575651e+00
1.810000e-06	4.114531e-06	1.443283e-10	2.788503e+01	7.662223e+00
1.820000e-06	4.090560e-06	8.350728e-11	2.772258e+01	7.759448e+00
1.830000e-06	4.065363e-06	1.136841e-10	2.755181e+01	7.848981e+00
1.840000e-06	4.038404e-06	1.503269e-10	2.736911e+01	7.927503e+00
1.850000e-06	4.010219e-06	7.832510e-11	2.717809e+01	7.997976e+00
1.860000e-06	3.980516e-06	1.222441e-10	2.697679e+01	8.056594e+00
1.870000e-06	3.949108e-06	1.827373e-10	2.676393e+01	8.088051e+00
1.880000e-06	3.916424e-06	1.131480e-10	2.654242e+01	8.074608e+00
1.890000e-06	3.882281e-06	1.080680e-10	2.631102e+01	8.012434e+00
1.900000e-06	3.846901e-06	1.482049e-10	2.607125e+01	7.921448e+00
1.910000e-06	3.810502e-06	1.477108e-10	2.582457e+01	7.838456e+00
1.920000e-06	3.772312e-06	1.377221e-10	2.556574e+01	7.795791e+00
1.930000e-06	3.732556e-06	1.126404e-10	2.529631e+01	7.799570e+00
1.940000e-06	3.691693e-06	1.399669e-10	2.501937e+01	7.823771e+00
1.950000e-06	3.649357e-06	1.502320e-10	2.473245e+01	7.826087e+00
1.960000e-06	3.605880e-06	1.271108e-10	2.443780e+01	7.775894e+00
1.970000e-06	3.561333e-06	1.624769e-10	2.413589e+01	7.675111e+00
1.980000e-06	3.515405e-06	1.238443e-10	2.382463e+01	7.556830e+00
1.990000e-06	3.468259e-06	9.998188e-11	2.350511e+01	7.461997e+00
2.000000e-06	3.419792e-06	1.538736e-10	2.317664e+01	7.410369e+00
2.010000e-06	3.370105e-06	1.296608e-10	2.283990e+01	7.386614e+00
2.020000e-06	3.319244e-06	1.213722e-10	2.249521e+01	7.352021e+00
2.030000e-06	3.266877e-06	1.260164e-10	2.214031e+01	7.273792e+00
2.040000e-06	3.212949e-06	1.228040e-10	2.177482e+01	7.150752e+00
2.050000e-06	3.157747e-06	1.486105e-10	2.140071e+01	7.016149e+00
2.060000e-06	3.101577e-06	1.209775e-10	2.102003e+01	6.914344e+00
2.070000e-06	3.044292e-06	1.088258e-10	2.063180e+01	6.867178e+00
2.080000e-06	2.985843e-06	1.186041e-10	2.023568e+01	6.854162e+00
2.090000e-06	2.926546e-06	1.210714e-10	1.983381e+01	6.821872e+00
2.100000e-06	2.866340e-06	1.324179e-10	1.942578e+01	6.717924e+00
2.110000e-06	2.804918e-06	1.135584e-10	1.900952e+01	6.527401e+00
2.120000e-06	2.742299e-06	1.079983e-10	1.858513e+01	6.286898e+00
2.130000e-06	2.678748e-06	1.058989e-10	1.815443e+01	6.065514e+00
2.140000e-06	2.614310e-06	1.127406e-10	1.771773e+01	5.923715e+00
2.150000e-06	2.548866e-06	1.150243e-10	1.727420e+01	5.875538e+00
2.160000e-06	2.482600e-06	9.007246e-11	1.682509e+01	5.877622e+00
2.170000e-06	2.415602e-06	1.004093e-10	1.637104e+01	5.851780e+00
2.180000e-06	2.347882e-06	1.078653e-10	1.591208e+01	5.727375e+00
2.190000e-06	2.279284e-06	1.028303e-10	1.544718e+01	5.478736e+00
2.200000e-06	2.209474e-06	9.267226e-11	1.497407e+01	5.137248e+00
2.210000e-06	2.138603e-06	7.901864e-11	1.449376e+01	4.773555e+00
2.220000e-06	2.067074e-06	8.646848e-11	1.400899e+01	4.462011e+00
2.230000e-06	1.995016e-06	8.690637e-11	1.352064e+01	4.247229e+00
2.240000e-06	1.922346e-06	8.366786e-11	1.302814e+01	4.128456e+00
2.250000e-06	1.849029e-06	7.346540e-11	1.253125e+01	4.066026e+00
2.260000e-06	1.775128e-06	6.982556e-11	1.203041e+01	4.003026e+00
2.270000e-06	1.700591e-06	7.946744e-11	1.152526e+01	3.890322e+00
2.280000e-06	1.625368e-06	7.765786e-11	1.101546e+01	3.704653e+00
2.290000e-06	1.549507e-06	6.942338e-11	1.050133e+01	3.454676e+00
2.300000e-06	1.473098e-06	5.718311e-11	9.983493e+00	3.174822e+00
2.310000e-06	1.396032e-06	5.750701e-11	9.461199e+00	2.910175e+00
2.320000e-06	1.318059e-06	6.283394e-11	8.932758e+00	2.697633e+00
2.330000e-06	1.239298e-06	5.570054e-11	8.398981e+00	2.550025e+00
2.340000e-06	1.160108e-06	4.779894e-11	7.862290e+00	2.449894e+00
2.350000e-06	1.080676e-06	4.545089e-11	7.323963e+00	2.356796e+00
2.360000e-06	1.001012e-06	5.094443e-11	6.784067e+00	2.226148e+00
2.370000e-06	9.210782e-07	5.081189e-11	6.242338e+00	2.031180e+00
2.380000e-06	8.408764e-07	4.212989e-11	5.698794e+00	1.776601e+00
2.390000e-06	7.604138e-07	3.483373e-11	5.153482e+00	1.496027e+00
2.400000e-06	6.796913e-07	3.284470e-11	4.606409e+00	1.234024e+00
2.410000e-06	5.986372e-07	3.488451e-11	4.057089e+00	1.022665e+00
2.420000e-06	5.172434e-07	3.031681e-11	3.505466e+00	8.660653e-01
2.430000e-06	4.357121e-07	2.159261e-11	2.952911e+00	7.415906e-01
2.440000e-06	3.541378e-07	1.583919e-11	2.400065e+00	6.162559e-01
2.450000e-06	2.724983e-07	1.694952e-11	1.846777e+00	4.676418e-01
2.460000e-06	1.907569e-07	1.916163e-11	1.292799e+00	2.964190e-01
2.470000e-06	1.089928e-07	1.630690e-11	7.386669e-01	1.235211e-01
2.480000e-06	2.727162e-08	1.119564e-11	1.848255e-01	-2.500556e-02
2.490000e-06	-5.444500e-08	8.049171e-12	-3.689851e-01	-1.350606e-01
2.500000e-06	-1.361712e-07	1.004714e-11	-9.228603e-01	-2.127708e-01
2.510000e-06	-2.179111e-07	9.525404e-12	-1.476829e+00	-2.797231e-01
2.520000e-06	-2.995767e-07	4.063425e-12	-2.030294e+00	-3.592719e-01
2.530000e-06	-3.810576e-07	1.658327e-12	-2.582507e+00	-4.629652e-01
2.540000e-06	-4.623971e-07	4.445966e-12	-3.133761e+00	-5.850284e-01
2.550000e-06	-5.437014e-07	8.224022e-12	-3.684777e+00	-7.072636e-01
2.560000e-06	-6.248227e-07	6.460442e-12	-4.234554e+00	-8.106832e-01
2.570000e-06	-7.055731e-07	5.620575e-13	-4.781815e+00	-8.871490e-01
2.580000e-06	-7.860068e-07	-2.140328e-12	-5.326931e+00	-9.451590e-01
2.590000e-06	-8.662455e-07	-4.329080e-13	-5.870726e+00	-1.007278e+00
2.600000e-06	-9.463114e-07	-1.731960e-14	-6.413349e+00	-1.100420e+00
2.610000e-06	-1.026106e-06	-4.599293e-12	-6.954133e+00	-1.242935e+00
2.620000e-06	-1.105553e-06	-1.144050e-11	-7.492561e+00	-1.433861e+00
2.630000e-06	-1.184601e-06	-1.574196e-11	-8.028289e+00	-1.649647e+00
2.640000e-06	-1.263269e-06	-1.648262e-11	-8.561434e+00	-1.851516e+00
2.650000e-06	-1.341494e-06	-1.865032e-11	-9.091582e+00	-2.002295e+00
2.660000e-06	-1.418906e-06	-2.363184e-11	-9.616221e+00	-2.086006e+00
2.670000e-06	-1.495349e-06	-2.597359e-11	-1.013429e+01	-2.119971e+00
2.680000e-06	-1.571107e-06	-2.405391e-11	-1.064772e+01	-2.150741e+00
2.690000e-06	-1.646408e-06	-2.335253e-11	-1.115805e+01	-2.232809e+00
2.700000e-06	-1.721175e-06	-2.811812e-11	-1.166476e+01	-2.399343e+00
2.710000e-06	-1.795216e-06	-3.503837e-11	-1.216655e+01	-2.640951e+00
2.720000e-06	-1.868596e-06	-3.694798e-11	-1.266386e+01	-2.906240e+00
2.730000e-06	-1.941387e-06	-3.656755e-11	-1.315719e+01	-3.126530e+00
2.740000e-06	-2.013530e-06	-3.903722e-11	-1.364611e+01	-3.252547e+00
2.750000e-06	-2.085047e-06	-4.369263e-11	-1.413080e+01	-3.282466e+00
2.760000e-06	-2.155897e-06	-4.626711e-11	-1.461097e+01	-3.264434e+00
2.770000e-06	-2.225884e-06	-4.510194e-11	-1.508528e+01	-3.271312e+00
2.780000e-06	-2.294822e-06	-4.561113e-11	-1.555249e+01	-3.362067e+00
2.790000e-06	-2.362834e-06	-5.069152e-11	-1.601342e+01	-3.552328e+00
2.800000e-06	-2.430069e-06	-5.726272e-11	-1.646908e+01	-3.810705e+00
2.810000e-06	-2.496505e-06	-6.233603e-11	-1.691933e+01	-4.081266e+00
2.820000e-06	-2.562113e-06	-6.507736e-11	-1.736397e+01	-4.316622e+00
2.830000e-06	-2.626847e-06	-6.783835e-11	-1.780269e+01	-4.500807e+00
2.840000e-06	-2.690741e-06	-7.295841e-11	-1.823571e+01	-4.649515e+00
2.850000e-06	-2.753748e-06	-7.700350e-11	-1.866272e+01	-4.791163e+00
2.860000e-06	-2.815642e-06	-7.805382e-11	-1.908219e+01	-4.944492e+00
2.870000e-06	-2.876277e-06	-7.753176e-11	-1.949313e+01	-5.108864e+00
2.880000e-06	-2.935855e-06	-7.893790e-11	-1.989690e+01	-5.272348e+00
2.890000e-06	-2.994544e-06	-8.391666e-11	-2.029465e+01	-5.428689e+00
2.900000e-06	-3.052225e-06	-8.820038e-11	-2.068557e+01	-5.587644e+00
2.910000e-06	-3.108876e-06	-9.107128e-11	-2.106950e+01	-5.768727e+00
2.920000e-06	-3.164545e-06	-9.697079e-11	-2.144678e+01	-5.982007e+00
2.930000e-06	-3.219030e-06	-1.045757e-10	-2.181604e+01	-6.210974e+00
2.940000e-06	-3.272008e-06	-1.089928e-10	-2.217508e+01	-6.412972e+00
2.950000e-06	-3.323553e-06	-1.091349e-10	-2.252441e+01	-6.541177e+00
2.960000e-06	-3.373869e-06	-1.077404e-10	-2.286541e+01	-6.576257e+00
2.970000e-06	-3.422803e-06	-1.087548e-10	-2.319705e+01	-6.546859e+00
2.980000e-06	-3.470139e-06	-1.110373e-10	-2.351785e+01	-6.522738e+00
2.990000e-06	-3.516181e-06	-1.129807e-10	-2.382989e+01	-6.580628e+00
3.000000e-06	-3.561180e-06	-1.150948e-10	-2.413486e+01	-6.760629e+00
3.010000e-06	-3.605070e-06	-1.182017e-10	-2.443231e+01	-7.038669e+00
3.020000e-06	-3.647871e-06	-1.244653e-10	-2.472238e+01	-7.332937e+00
3.030000e-06	-3.689514e-06	-1.293498e-10	-2.500461e+01	-7.543228e+00
3.040000e-06	-3.730011e-06	-1.279170e-10	-2.527906e+01	-7.603024e+00
3.050000e-06	-3.769386e-06	-1.241638e-10	-2.554591e+01	-7.516095e+00
3.060000e-06	-3.807321e-06	-1.220087e-10	-2.580301e+01	-7.357260e+00
3.070000e-06	-3.843643e-06	-1.223831e-10	-2.604917e+01	-7.236135e+00
3.080000e-06	-3.878614e-06	-1.233435e-10	-2.628618e+01	-7.242589e+00
3.090000e-06	-3.912325e-06	-1.239980e-10	-2.651464e+01	-7.402128e+00
3.100000e-06	-3.944751e-06	-1.277909e-10	-2.673440e+01	-7.663900e+00
3.110000e-06	-3.975847e-06	-1.345007e-10	-2.694514e+01	-7.926713e+00
3.120000e-06	-4.005354e-06	-1.385578e-10	-2.714512e+01	-8.088972e+00
3.130000e-06	-4.033277e-06	-1.370179e-10	-2.733436e+01	-8.096933e+00
3.140000e-06	-4.059841e-06	-1.343767e-10	-2.751439e+01	-7.967697e+00
3.150000e-06	-4.084993e-06	-1.326418e-10	-2.768484e+01	-7.777161e+00
3.160000e-06	-4.108795e-06	-1.324372e-10	-2.784616e+01	-7.621002e+00
3.170000e-06	-4.131222e-06	-1.303795e-10	-2.799815e+01	-7.569456e+00
3.180000e-06	-4.151959e-06	-1.281012e-10	-2.813869e+01	-7.637993e+00
3.190000e-06	-4.171177e-06	-1.300606e-10	-2.826894e+01	-7.786241e+00
3.200000e-06	-4.189081e-06	-1.340006e-10	-2.839027e+01	-7.942577e+00
3.210000e-06	-4.205617e-06	-1.378624e-10	-2.850234e+01	-8.039709e+00
3.220000e-06	-4.220715e-06	-1.377967e-10	-2.860466e+01	-8.043312e+00
3.230000e-06	-4.234015e-06	-1.350149e-10	-2.869480e+01	-7.961821e+00
3.240000e-06	-4.245513e-06	-1.330769e-10	-2.877272e+01	-7.836381e+00
3.250000e-06	-4.255501e-06	-1.312948e-10	-2.884041e+01	-7.719275e+00
3.260000e-06	-4.264048e-06	-1.291720e-10	-2.889834e+01	-7.652326e+00
3.270000e-06	-4.271229e-06	-1.296485e-10	-2.894701e+01	-7.653626e+00
3.280000e-06	-4.276775e-06	-1.323610e-10	-2.898460e+01	-7.714921e+00
3.290000e-06	-4.280691e-06	-1.355688e-10	-2.901113e+01	-7.807307e+00
3.300000e-06	-4.283242e-06	-1.362043e-10	-2.902842e+01	-7.891611e+00
3.310000e-06	-4.284376e-06	-1.337286e-10	-2.903611e+01	-7.930798e+00
3.320000e-06	-4.284160e-06	-1.330791e-10	-2.903465e+01	-7.902475e+00
