# Temperatura_=_20.0
# Concentracion g/m^3_=_10000.0
# C_Vs_to_Am_M_A/Vsm_=_65563218390.804596
# pendiente_HvsI_1/m_=_3716.3
# ordenada_HvsI_A/m_=_1297.0
# frecuencia_Hz_=_300941.72374461143

Tiempo_(s)	Campo_(V.s)	Magnetizacion_(V.s)	Campo_(kA/m)	Magnetizacion_(A/m)
0.000000e+00	-4.307439e-06	-8.649569e-09	-2.904647e+01	-5.675429e+02
1.000000e-08	-4.306557e-06	-8.648364e-09	-2.904052e+01	-5.673527e+02
2.000000e-08	-4.304069e-06	-8.644503e-09	-2.902375e+01	-5.670136e+02
3.000000e-08	-4.300075e-06	-8.638968e-09	-2.899682e+01	-5.666182e+02
4.000000e-08	-4.294850e-06	-8.633772e-09	-2.896158e+01	-5.662373e+02
5.000000e-08	-4.288333e-06	-8.628636e-09	-2.891763e+01	-5.658844e+02
6.000000e-08	-4.280506e-06	-8.621945e-09	-2.886485e+01	-5.655115e+02
7.000000e-08	-4.271268e-06	-8.609413e-09	-2.880256e+01	-5.650400e+02
8.000000e-08	-4.260315e-06	-8.595008e-09	-2.872870e+01	-5.644032e+02
9.000000e-08	-4.247481e-06	-8.593983e-09	-2.864216e+01	-5.635779e+02
1.000000e-07	-4.232558e-06	-8.593962e-09	-2.854153e+01	-5.625879e+02
1.100000e-07	-4.215527e-06	-8.580495e-09	-2.842668e+01	-5.614826e+02
1.200000e-07	-4.196889e-06	-8.548441e-09	-2.830100e+01	-5.603088e+02
1.300000e-07	-4.177171e-06	-8.496735e-09	-2.816803e+01	-5.590936e+02
1.400000e-07	-4.156603e-06	-8.494136e-09	-2.802934e+01	-5.578453e+02
1.500000e-07	-4.134923e-06	-8.506983e-09	-2.788314e+01	-5.565646e+02
1.600000e-07	-4.111926e-06	-8.455646e-09	-2.772806e+01	-5.552548e+02
1.700000e-07	-4.087609e-06	-8.438877e-09	-2.756409e+01	-5.539176e+02
1.800000e-07	-4.061476e-06	-8.448245e-09	-2.738786e+01	-5.525417e+02
1.900000e-07	-4.033719e-06	-8.404394e-09	-2.720069e+01	-5.510925e+02
2.000000e-07	-4.004987e-06	-8.394834e-09	-2.700694e+01	-5.495168e+02
2.100000e-07	-3.974903e-06	-8.389478e-09	-2.680407e+01	-5.477636e+02
2.200000e-07	-3.943371e-06	-8.309771e-09	-2.659144e+01	-5.458103e+02
2.300000e-07	-3.910601e-06	-8.272332e-09	-2.637046e+01	-5.436788e+02
2.400000e-07	-3.876252e-06	-8.278129e-09	-2.613884e+01	-5.414280e+02
2.500000e-07	-3.840361e-06	-8.237831e-09	-2.589681e+01	-5.391254e+02
2.600000e-07	-3.803100e-06	-8.186669e-09	-2.564555e+01	-5.368126e+02
2.700000e-07	-3.764431e-06	-8.148526e-09	-2.538479e+01	-5.344814e+02
2.800000e-07	-3.724628e-06	-8.118003e-09	-2.511639e+01	-5.320763e+02
2.900000e-07	-3.683640e-06	-8.088522e-09	-2.483999e+01	-5.295197e+02
3.000000e-07	-3.641036e-06	-8.047608e-09	-2.455270e+01	-5.267490e+02
3.100000e-07	-3.596915e-06	-7.989026e-09	-2.425518e+01	-5.237454e+02
3.200000e-07	-3.551535e-06	-7.929679e-09	-2.394917e+01	-5.205417e+02
3.300000e-07	-3.504921e-06	-7.898569e-09	-2.363483e+01	-5.172059e+02
3.400000e-07	-3.457193e-06	-7.860827e-09	-2.331298e+01	-5.138093e+02
3.500000e-07	-3.408150e-06	-7.789418e-09	-2.298227e+01	-5.103944e+02
3.600000e-07	-3.357412e-06	-7.726511e-09	-2.264013e+01	-5.069573e+02
3.700000e-07	-3.305166e-06	-7.681252e-09	-2.228782e+01	-5.034512e+02
3.800000e-07	-3.251668e-06	-7.639137e-09	-2.192707e+01	-4.998080e+02
3.900000e-07	-3.197026e-06	-7.581476e-09	-2.155859e+01	-4.959686e+02
4.000000e-07	-3.141376e-06	-7.501826e-09	-2.118333e+01	-4.919069e+02
4.100000e-07	-3.084719e-06	-7.432493e-09	-2.080127e+01	-4.876379e+02
4.200000e-07	-3.026888e-06	-7.379869e-09	-2.041130e+01	-4.832072e+02
4.300000e-07	-2.967745e-06	-7.321844e-09	-2.001248e+01	-4.786680e+02
4.400000e-07	-2.907450e-06	-7.244133e-09	-1.960589e+01	-4.740570e+02
4.500000e-07	-2.846150e-06	-7.161809e-09	-1.919252e+01	-4.693800e+02
4.600000e-07	-2.783941e-06	-7.093254e-09	-1.877303e+01	-4.646129e+02
4.700000e-07	-2.720879e-06	-7.029760e-09	-1.834778e+01	-4.597144e+02
4.800000e-07	-2.656991e-06	-6.953629e-09	-1.791696e+01	-4.546429e+02
4.900000e-07	-2.592174e-06	-6.859800e-09	-1.747988e+01	-4.493687e+02
5.000000e-07	-2.526098e-06	-6.768357e-09	-1.703430e+01	-4.438789e+02
5.100000e-07	-2.458827e-06	-6.695851e-09	-1.658067e+01	-4.381755e+02
5.200000e-07	-2.390796e-06	-6.619186e-09	-1.612192e+01	-4.322716e+02
5.300000e-07	-2.322164e-06	-6.519354e-09	-1.565911e+01	-4.261892e+02
5.400000e-07	-2.252788e-06	-6.412817e-09	-1.519129e+01	-4.199555e+02
5.500000e-07	-2.182582e-06	-6.317054e-09	-1.471787e+01	-4.135964e+02
5.600000e-07	-2.111564e-06	-6.228038e-09	-1.423897e+01	-4.071250e+02
5.700000e-07	-2.039893e-06	-6.128176e-09	-1.375567e+01	-4.005289e+02
5.800000e-07	-1.967636e-06	-6.015389e-09	-1.326842e+01	-3.937674e+02
5.900000e-07	-1.894613e-06	-5.902662e-09	-1.277600e+01	-3.867814e+02
6.000000e-07	-1.820656e-06	-5.799753e-09	-1.227728e+01	-3.795186e+02
6.100000e-07	-1.745811e-06	-5.694799e-09	-1.177258e+01	-3.719598e+02
6.200000e-07	-1.670221e-06	-5.572730e-09	-1.126285e+01	-3.641333e+02
6.300000e-07	-1.593977e-06	-5.439872e-09	-1.074871e+01	-3.561049e+02
6.400000e-07	-1.517092e-06	-5.313780e-09	-1.023025e+01	-3.479461e+02
6.500000e-07	-1.439646e-06	-5.197032e-09	-9.708005e+00	-3.396961e+02
6.600000e-07	-1.361833e-06	-5.071303e-09	-9.183288e+00	-3.313379e+02
6.700000e-07	-1.283562e-06	-4.931687e-09	-8.655480e+00	-3.228022e+02
6.800000e-07	-1.204620e-06	-4.793608e-09	-8.123148e+00	-3.139987e+02
6.900000e-07	-1.125032e-06	-4.662831e-09	-7.586461e+00	-3.048573e+02
7.000000e-07	-1.044943e-06	-4.524555e-09	-7.046391e+00	-2.953585e+02
7.100000e-07	-9.644522e-07	-4.368334e-09	-6.503618e+00	-2.855361e+02
7.200000e-07	-8.835352e-07	-4.204248e-09	-5.957968e+00	-2.754546e+02
7.300000e-07	-8.023127e-07	-4.047963e-09	-5.410257e+00	-2.651723e+02
7.400000e-07	-7.209539e-07	-3.895810e-09	-4.861629e+00	-2.547118e+02
7.500000e-07	-6.394370e-07	-3.732975e-09	-4.311933e+00	-2.440510e+02
7.600000e-07	-5.577555e-07	-3.559347e-09	-3.761128e+00	-2.331353e+02
7.700000e-07	-4.758493e-07	-3.386147e-09	-3.208808e+00	-2.219023e+02
7.800000e-07	-3.937621e-07	-3.216720e-09	-2.655267e+00	-2.103062e+02
7.900000e-07	-3.116529e-07	-3.040097e-09	-2.101577e+00	-1.983300e+02
8.000000e-07	-2.294125e-07	-2.847293e-09	-1.547004e+00	-1.859847e+02
8.100000e-07	-1.469763e-07	-2.645408e-09	-9.911092e-01	-1.732990e+02
8.200000e-07	-6.449070e-08	-2.447054e-09	-4.348820e-01	-1.603052e+02
8.300000e-07	1.794204e-08	-2.253109e-09	1.209890e-01	-1.470269e+02
8.400000e-07	1.003521e-07	-2.050849e-09	6.767071e-01	-1.334713e+02
8.500000e-07	1.827465e-07	-1.833121e-09	1.232320e+00	-1.196258e+02
8.600000e-07	2.650555e-07	-1.611064e-09	1.787356e+00	-1.054608e+02
8.700000e-07	3.472308e-07	-1.393336e-09	2.341491e+00	-9.093787e+01
8.800000e-07	4.292218e-07	-1.170991e-09	2.894383e+00	-7.602234e+01
8.900000e-07	5.110315e-07	-9.338158e-10	3.446053e+00	-6.069639e+01
9.000000e-07	5.927147e-07	-6.844339e-10	3.996870e+00	-4.496726e+01
9.100000e-07	6.742351e-07	-4.354070e-10	4.546588e+00	-2.886675e+01
9.200000e-07	7.555194e-07	-1.912864e-10	5.094715e+00	-1.244185e+01
9.300000e-07	8.365767e-07	5.899704e-11	5.641311e+00	4.259155e+00
9.400000e-07	9.174208e-07	3.210262e-10	6.186469e+00	2.119819e+01
9.500000e-07	9.979828e-07	5.869290e-10	6.729725e+00	3.835088e+01
9.600000e-07	1.078068e-06	8.502884e-10	7.269763e+00	5.570063e+01
9.700000e-07	1.157619e-06	1.114746e-09	7.806202e+00	7.322689e+01
9.800000e-07	1.236703e-06	1.386346e-09	8.339495e+00	9.089377e+01
9.900000e-07	1.315296e-06	1.663619e-09	8.869469e+00	1.086447e+02
1.000000e-06	1.393374e-06	1.937013e-09	9.395980e+00	1.264055e+02
1.010000e-06	1.470969e-06	2.200774e-09	9.919224e+00	1.440939e+02
1.020000e-06	1.548076e-06	2.461689e-09	1.043918e+01	1.616307e+02
1.030000e-06	1.624635e-06	2.726059e-09	1.095545e+01	1.789488e+02
1.040000e-06	1.700639e-06	2.990067e-09	1.146797e+01	1.959963e+02
1.050000e-06	1.775942e-06	3.246834e-09	1.197576e+01	2.127332e+02
1.060000e-06	1.850339e-06	3.495407e-09	1.247744e+01	2.291251e+02
1.070000e-06	1.923800e-06	3.739910e-09	1.297282e+01	2.451369e+02
1.080000e-06	1.996443e-06	3.980610e-09	1.346267e+01	2.607289e+02
1.090000e-06	2.068488e-06	4.211769e-09	1.394850e+01	2.758594e+02
1.100000e-06	2.139927e-06	4.430328e-09	1.443023e+01	2.904895e+02
1.110000e-06	2.210622e-06	4.639822e-09	1.490695e+01	3.045915e+02
1.120000e-06	2.280556e-06	4.845914e-09	1.537854e+01	3.181530e+02
1.130000e-06	2.349685e-06	5.047556e-09	1.584470e+01	3.311778e+02
1.140000e-06	2.418061e-06	5.239618e-09	1.630578e+01	3.436804e+02
1.150000e-06	2.485734e-06	5.420601e-09	1.676212e+01	3.556792e+02
1.160000e-06	2.552437e-06	5.594508e-09	1.721192e+01	3.671898e+02
1.170000e-06	2.617911e-06	5.764886e-09	1.765343e+01	3.782227e+02
1.180000e-06	2.682345e-06	5.927424e-09	1.808793e+01	3.887848e+02
1.190000e-06	2.746004e-06	6.078057e-09	1.851721e+01	3.988840e+02
1.200000e-06	2.808785e-06	6.219273e-09	1.894056e+01	4.085330e+02
1.210000e-06	2.870609e-06	6.357778e-09	1.935746e+01	4.177500e+02
1.220000e-06	2.931536e-06	6.496198e-09	1.976831e+01	4.265575e+02
1.230000e-06	2.991656e-06	6.628415e-09	2.017372e+01	4.349772e+02
1.240000e-06	3.050788e-06	6.750365e-09	2.057246e+01	4.430266e+02
1.250000e-06	3.108489e-06	6.864678e-09	2.096156e+01	4.507169e+02
1.260000e-06	3.164894e-06	6.977494e-09	2.134192e+01	4.580530e+02
1.270000e-06	3.220325e-06	7.086398e-09	2.171571e+01	4.650367e+02
1.280000e-06	3.274681e-06	7.186254e-09	2.208225e+01	4.716720e+02
1.290000e-06	3.327825e-06	7.279051e-09	2.244062e+01	4.779696e+02
1.300000e-06	3.379647e-06	7.368198e-09	2.279007e+01	4.839496e+02
1.310000e-06	3.429935e-06	7.456845e-09	2.312918e+01	4.896398e+02
1.320000e-06	3.478733e-06	7.542810e-09	2.345824e+01	4.950685e+02
1.330000e-06	3.526274e-06	7.622737e-09	2.377882e+01	5.002557e+02
1.340000e-06	3.572652e-06	7.696806e-09	2.409157e+01	5.052069e+02
1.350000e-06	3.617863e-06	7.767827e-09	2.439644e+01	5.099139e+02
1.360000e-06	3.661901e-06	7.835766e-09	2.469340e+01	5.143638e+02
1.370000e-06	3.704558e-06	7.897684e-09	2.498105e+01	5.185529e+02
1.380000e-06	3.745630e-06	7.954289e-09	2.525801e+01	5.224964e+02
1.390000e-06	3.785400e-06	8.010018e-09	2.552619e+01	5.262273e+02
1.400000e-06	3.823996e-06	8.067674e-09	2.578646e+01	5.297849e+02
1.410000e-06	3.861343e-06	8.122830e-09	2.603830e+01	5.331969e+02
1.420000e-06	3.897487e-06	8.171429e-09	2.628203e+01	5.364674e+02
1.430000e-06	3.932173e-06	8.216803e-09	2.651593e+01	5.395781e+02
1.440000e-06	3.965259e-06	8.263124e-09	2.673904e+01	5.425017e+02
1.450000e-06	3.996971e-06	8.308814e-09	2.695288e+01	5.452209e+02
1.460000e-06	4.027396e-06	8.347683e-09	2.715805e+01	5.477389e+02
1.470000e-06	4.056557e-06	8.377975e-09	2.735469e+01	5.500770e+02
1.480000e-06	4.084427e-06	8.406944e-09	2.754263e+01	5.522613e+02
1.490000e-06	4.110658e-06	8.440600e-09	2.771952e+01	5.543083e+02
1.500000e-06	4.135186e-06	8.473906e-09	2.788492e+01	5.562199e+02
1.510000e-06	4.158288e-06	8.500550e-09	2.804070e+01	5.579906e+02
1.520000e-06	4.180047e-06	8.522596e-09	2.818743e+01	5.596192e+02
1.530000e-06	4.200523e-06	8.545236e-09	2.832550e+01	5.611148e+02
1.540000e-06	4.219653e-06	8.568075e-09	2.845450e+01	5.624913e+02
1.550000e-06	4.237285e-06	8.587290e-09	2.857340e+01	5.637538e+02
1.560000e-06	4.253361e-06	8.600976e-09	2.868181e+01	5.648891e+02
1.570000e-06	4.267826e-06	8.613207e-09	2.877935e+01	5.658713e+02
1.580000e-06	4.280633e-06	8.627393e-09	2.886571e+01	5.666818e+02
1.590000e-06	4.291709e-06	8.639788e-09	2.894040e+01	5.673307e+02
1.600000e-06	4.301001e-06	8.646923e-09	2.900306e+01	5.678638e+02
1.610000e-06	4.308731e-06	8.651243e-09	2.905519e+01	5.683448e+02
1.620000e-06	4.315050e-06	8.658358e-09	2.909779e+01	5.688207e+02
1.630000e-06	4.319966e-06	8.668698e-09	2.913095e+01	5.692903e+02
1.640000e-06	4.323486e-06	8.677587e-09	2.915468e+01	5.696982e+02
1.650000e-06	4.325368e-06	8.680936e-09	2.916737e+01	5.699615e+02
1.660000e-06	4.325646e-06	8.679132e-09	2.916925e+01	5.700157e+02
1.670000e-06	4.324524e-06	8.674681e-09	2.916168e+01	5.698528e+02
1.680000e-06	4.322033e-06	8.668630e-09	2.914489e+01	5.695293e+02
1.690000e-06	4.318313e-06	8.660488e-09	2.911980e+01	5.691362e+02
1.700000e-06	4.313150e-06	8.651463e-09	2.908498e+01	5.687507e+02
1.710000e-06	4.306339e-06	8.646524e-09	2.903905e+01	5.683952e+02
1.720000e-06	4.298217e-06	8.646327e-09	2.898429e+01	5.680295e+02
1.730000e-06	4.288903e-06	8.649135e-09	2.892148e+01	5.675766e+02
1.740000e-06	4.278260e-06	8.638686e-09	2.884971e+01	5.669657e+02
1.750000e-06	4.265936e-06	8.607307e-09	2.876660e+01	5.661666e+02
1.760000e-06	4.251237e-06	8.575381e-09	2.866749e+01	5.651971e+02
1.770000e-06	4.234104e-06	8.558897e-09	2.855195e+01	5.641048e+02
1.780000e-06	4.215336e-06	8.570728e-09	2.842539e+01	5.629383e+02
1.790000e-06	4.195953e-06	8.570174e-09	2.829469e+01	5.617280e+02
1.800000e-06	4.176113e-06	8.516377e-09	2.816090e+01	5.604840e+02
1.810000e-06	4.154642e-06	8.506086e-09	2.801612e+01	5.592077e+02
1.820000e-06	4.131334e-06	8.518216e-09	2.785894e+01	5.579014e+02
1.830000e-06	4.107077e-06	8.472674e-09	2.769537e+01	5.565681e+02
1.840000e-06	4.081490e-06	8.462987e-09	2.752283e+01	5.551990e+02
1.850000e-06	4.054168e-06	8.443855e-09	2.733858e+01	5.537630e+02
1.860000e-06	4.025500e-06	8.378433e-09	2.714527e+01	5.522086e+02
1.870000e-06	3.995212e-06	8.392624e-09	2.694102e+01	5.504828e+02
1.880000e-06	3.963340e-06	8.408895e-09	2.672610e+01	5.485576e+02
1.890000e-06	3.930272e-06	8.340591e-09	2.650311e+01	5.464483e+02
1.900000e-06	3.895803e-06	8.295531e-09	2.627067e+01	5.442099e+02
1.910000e-06	3.860172e-06	8.281117e-09	2.603041e+01	5.419110e+02
1.920000e-06	3.823295e-06	8.253009e-09	2.578173e+01	5.395986e+02
1.930000e-06	3.784607e-06	8.209854e-09	2.552085e+01	5.372723e+02
1.940000e-06	3.744496e-06	8.160132e-09	2.525037e+01	5.348821e+02
1.950000e-06	3.703180e-06	8.128851e-09	2.497176e+01	5.323514e+02
1.960000e-06	3.660468e-06	8.092352e-09	2.468373e+01	5.296134e+02
1.970000e-06	3.616635e-06	8.060392e-09	2.438815e+01	5.266419e+02
1.980000e-06	3.571610e-06	8.013168e-09	2.408453e+01	5.234629e+02
1.990000e-06	3.525251e-06	7.923706e-09	2.377193e+01	5.201411e+02
2.000000e-06	3.477676e-06	7.882380e-09	2.345111e+01	5.167493e+02
2.010000e-06	3.428778e-06	7.857662e-09	2.312138e+01	5.133359e+02
2.020000e-06	3.378652e-06	7.793434e-09	2.278336e+01	5.099037e+02
2.030000e-06	3.327240e-06	7.733303e-09	2.243667e+01	5.064112e+02
2.040000e-06	3.274231e-06	7.668965e-09	2.207921e+01	5.027914e+02
2.050000e-06	3.219732e-06	7.625397e-09	2.171171e+01	4.989823e+02
2.060000e-06	3.164095e-06	7.581505e-09	2.133653e+01	4.949521e+02
2.070000e-06	3.107440e-06	7.500064e-09	2.095449e+01	4.907102e+02
2.080000e-06	3.049624e-06	7.424217e-09	2.056462e+01	4.862989e+02
2.090000e-06	2.990780e-06	7.353863e-09	2.016781e+01	4.817721e+02
2.100000e-06	2.931141e-06	7.292982e-09	1.976565e+01	4.771700e+02
2.110000e-06	2.870408e-06	7.224218e-09	1.935610e+01	4.725030e+02
2.120000e-06	2.808378e-06	7.138999e-09	1.893782e+01	4.677509e+02
2.130000e-06	2.745301e-06	7.061521e-09	1.851247e+01	4.628736e+02
2.140000e-06	2.681341e-06	6.992913e-09	1.808116e+01	4.578287e+02
2.150000e-06	2.616445e-06	6.929999e-09	1.764355e+01	4.525844e+02
2.160000e-06	2.550555e-06	6.836191e-09	1.719923e+01	4.471253e+02
2.170000e-06	2.483843e-06	6.733810e-09	1.674937e+01	4.414516e+02
2.180000e-06	2.416383e-06	6.649852e-09	1.629446e+01	4.355749e+02
2.190000e-06	2.348137e-06	6.562540e-09	1.583426e+01	4.295161e+02
2.200000e-06	2.278881e-06	6.467482e-09	1.536724e+01	4.233021e+02
2.210000e-06	2.208463e-06	6.360175e-09	1.489239e+01	4.169594e+02
2.220000e-06	2.137179e-06	6.260584e-09	1.441170e+01	4.105038e+02
2.230000e-06	2.065246e-06	6.171933e-09	1.392663e+01	4.039272e+02
2.240000e-06	1.992711e-06	6.077235e-09	1.343750e+01	3.971924e+02
2.250000e-06	1.919515e-06	5.966750e-09	1.294392e+01	3.902419e+02
2.260000e-06	1.845614e-06	5.843466e-09	1.244558e+01	3.830206e+02
2.270000e-06	1.771039e-06	5.728615e-09	1.194269e+01	3.755031e+02
2.280000e-06	1.695816e-06	5.617651e-09	1.143544e+01	3.677112e+02
2.290000e-06	1.620005e-06	5.498299e-09	1.092422e+01	3.597067e+02
2.300000e-06	1.543466e-06	5.366166e-09	1.040810e+01	3.515627e+02
2.310000e-06	1.466128e-06	5.234339e-09	9.886584e+00	3.433252e+02
2.320000e-06	1.388045e-06	5.116810e-09	9.360041e+00	3.349854e+02
2.330000e-06	1.309314e-06	4.995039e-09	8.829132e+00	3.264803e+02
2.340000e-06	1.230164e-06	4.855839e-09	8.295402e+00	3.177200e+02
2.350000e-06	1.150687e-06	4.707415e-09	7.759460e+00	3.086292e+02
2.360000e-06	1.070898e-06	4.563249e-09	7.221418e+00	2.991801e+02
2.370000e-06	9.908022e-07	4.421887e-09	6.681304e+00	2.894002e+02
2.380000e-06	9.104277e-07	4.270265e-09	6.139313e+00	2.793513e+02
2.390000e-06	8.297781e-07	4.107493e-09	5.595466e+00	2.690950e+02
2.400000e-06	7.487621e-07	3.944996e-09	5.049148e+00	2.586600e+02
2.410000e-06	6.674190e-07	3.788821e-09	4.500625e+00	2.480304e+02
2.420000e-06	5.859058e-07	3.628162e-09	3.950955e+00	2.371547e+02
2.430000e-06	5.043344e-07	3.454800e-09	3.400892e+00	2.259702e+02
2.440000e-06	4.226576e-07	3.272158e-09	2.850119e+00	2.144275e+02
2.450000e-06	3.407637e-07	3.089880e-09	2.297881e+00	2.025052e+02
2.460000e-06	2.587178e-07	2.908485e-09	1.744619e+00	1.902109e+02
2.470000e-06	1.766613e-07	2.718158e-09	1.191285e+00	1.775715e+02
2.480000e-06	9.462763e-08	2.516769e-09	6.381051e-01	1.646197e+02
2.490000e-06	1.248515e-08	2.311581e-09	8.419147e-02	1.513809e+02
2.500000e-06	-6.969453e-08	2.108419e-09	-4.699731e-01	1.378650e+02
2.510000e-06	-1.517513e-07	1.901214e-09	-1.023308e+00	1.240621e+02
2.520000e-06	-2.337189e-07	1.683565e-09	-1.576043e+00	1.099448e+02
2.530000e-06	-3.156382e-07	1.458346e-09	-2.128452e+00	9.547504e+01
2.540000e-06	-3.974954e-07	1.233987e-09	-2.680442e+00	8.061694e+01
2.550000e-06	-4.791770e-07	1.009377e-09	-3.231248e+00	6.534954e+01
2.560000e-06	-5.606625e-07	7.748663e-10	-3.780731e+00	4.967631e+01
2.570000e-06	-6.419754e-07	5.270917e-10	-4.329050e+00	3.362592e+01
2.580000e-06	-7.231096e-07	2.717057e-10	-4.876165e+00	1.724402e+01
2.590000e-06	-8.039822e-07	1.838117e-11	-5.421516e+00	5.795394e-01
2.600000e-06	-8.845367e-07	-2.359879e-10	-5.964721e+00	-1.632754e+01
2.610000e-06	-9.647665e-07	-4.966932e-10	-6.505737e+00	-3.345106e+01
2.620000e-06	-1.044728e-06	-7.604113e-10	-7.044943e+00	-5.077395e+01
2.630000e-06	-1.124436e-06	-1.025206e-09	-7.582441e+00	-6.827701e+01
2.640000e-06	-1.203805e-06	-1.290515e-09	-8.117652e+00	-8.592703e+01
2.650000e-06	-1.282812e-06	-1.559350e-09	-8.650423e+00	-1.036704e+02
2.660000e-06	-1.361272e-06	-1.831902e-09	-9.179501e+00	-1.214351e+02
2.670000e-06	-1.438963e-06	-2.104182e-09	-9.703400e+00	-1.391391e+02
2.680000e-06	-1.515760e-06	-2.372471e-09	-1.022127e+01	-1.567023e+02
2.690000e-06	-1.591782e-06	-2.635589e-09	-1.073391e+01	-1.740555e+02
2.700000e-06	-1.667278e-06	-2.896240e-09	-1.124300e+01	-1.911445e+02
2.710000e-06	-1.742249e-06	-3.153866e-09	-1.174856e+01	-2.079282e+02
2.720000e-06	-1.816559e-06	-3.403870e-09	-1.224965e+01	-2.243718e+02
2.730000e-06	-1.890171e-06	-3.644704e-09	-1.274605e+01	-2.404404e+02
2.740000e-06	-1.963124e-06	-3.881591e-09	-1.323799e+01	-2.560952e+02
2.750000e-06	-2.035385e-06	-4.115379e-09	-1.372527e+01	-2.712944e+02
2.760000e-06	-2.107078e-06	-4.342801e-09	-1.420872e+01	-2.859983e+02
2.770000e-06	-2.178219e-06	-4.560358e-09	-1.468844e+01	-3.001772e+02
2.780000e-06	-2.248469e-06	-4.768408e-09	-1.516216e+01	-3.138163e+02
2.790000e-06	-2.317585e-06	-4.970060e-09	-1.562823e+01	-3.269172e+02
2.800000e-06	-2.385696e-06	-5.163983e-09	-1.608753e+01	-3.394936e+02
2.810000e-06	-2.453120e-06	-5.349291e-09	-1.654219e+01	-3.515635e+02
2.820000e-06	-2.519788e-06	-5.525470e-09	-1.699175e+01	-3.631434e+02
2.830000e-06	-2.585537e-06	-5.693040e-09	-1.743512e+01	-3.742444e+02
2.840000e-06	-2.650459e-06	-5.855641e-09	-1.787291e+01	-3.848736e+02
2.850000e-06	-2.714556e-06	-6.013833e-09	-1.830514e+01	-3.950386e+02
2.860000e-06	-2.777863e-06	-6.162953e-09	-1.873204e+01	-4.047511e+02
2.870000e-06	-2.840125e-06	-6.303350e-09	-1.915189e+01	-4.140288e+02
2.880000e-06	-2.900954e-06	-6.438277e-09	-1.956208e+01	-4.228936e+02
2.890000e-06	-2.960691e-06	-6.568549e-09	-1.996491e+01	-4.313678e+02
2.900000e-06	-3.019624e-06	-6.692987e-09	-2.036231e+01	-4.394696e+02
2.910000e-06	-3.077491e-06	-6.809685e-09	-2.075253e+01	-4.472110e+02
2.920000e-06	-3.134210e-06	-6.920638e-09	-2.113500e+01	-4.545978e+02
2.930000e-06	-3.189979e-06	-7.028455e-09	-2.151107e+01	-4.616320e+02
2.940000e-06	-3.244735e-06	-7.131091e-09	-2.188031e+01	-4.683169e+02
2.950000e-06	-3.297977e-06	-7.227037e-09	-2.223934e+01	-4.746619e+02
2.960000e-06	-3.349686e-06	-7.318101e-09	-2.258803e+01	-4.806860e+02
2.970000e-06	-3.400151e-06	-7.406566e-09	-2.292834e+01	-4.864161e+02
2.980000e-06	-3.449215e-06	-7.492291e-09	-2.325919e+01	-4.918808e+02
2.990000e-06	-3.496638e-06	-7.572849e-09	-2.357898e+01	-4.971021e+02
3.000000e-06	-3.542692e-06	-7.648689e-09	-2.388954e+01	-5.020876e+02
3.010000e-06	-3.587663e-06	-7.720791e-09	-2.419279e+01	-5.068305e+02
3.020000e-06	-3.631555e-06	-7.789919e-09	-2.448876e+01	-5.113180e+02
3.030000e-06	-3.674434e-06	-7.856909e-09	-2.477791e+01	-5.155442e+02
3.040000e-06	-3.716173e-06	-7.919539e-09	-2.505937e+01	-5.195213e+02
3.050000e-06	-3.756656e-06	-7.976300e-09	-2.533236e+01	-5.232804e+02
3.060000e-06	-3.796010e-06	-8.029586e-09	-2.559774e+01	-5.268609e+02
3.070000e-06	-3.833929e-06	-8.080882e-09	-2.585344e+01	-5.302931e+02
3.080000e-06	-3.870183e-06	-8.130703e-09	-2.609791e+01	-5.335848e+02
3.090000e-06	-3.905114e-06	-8.178651e-09	-2.633347e+01	-5.367202e+02
3.100000e-06	-3.938798e-06	-8.222899e-09	-2.656061e+01	-5.396723e+02
3.110000e-06	-3.971152e-06	-8.264890e-09	-2.677878e+01	-5.424213e+02
3.120000e-06	-4.002154e-06	-8.304998e-09	-2.698784e+01	-5.449673e+02
3.130000e-06	-4.031544e-06	-8.341264e-09	-2.718602e+01	-5.473297e+02
3.140000e-06	-4.059406e-06	-8.374755e-09	-2.737391e+01	-5.495350e+02
3.150000e-06	-4.085953e-06	-8.407187e-09	-2.755292e+01	-5.516014e+02
3.160000e-06	-4.111080e-06	-8.436546e-09	-2.772236e+01	-5.535329e+02
3.170000e-06	-4.134848e-06	-8.462343e-09	-2.788263e+01	-5.553243e+02
3.180000e-06	-4.157122e-06	-8.485963e-09	-2.803284e+01	-5.569730e+02
3.190000e-06	-4.177717e-06	-8.509400e-09	-2.817171e+01	-5.584871e+02
3.200000e-06	-4.196842e-06	-8.531937e-09	-2.830068e+01	-5.598802e+02
3.210000e-06	-4.214650e-06	-8.551563e-09	-2.842077e+01	-5.611596e+02
3.220000e-06	-4.231053e-06	-8.570396e-09	-2.853138e+01	-5.623147e+02
3.230000e-06	-4.245909e-06	-8.587846e-09	-2.863156e+01	-5.633207e+02
3.240000e-06	-4.258899e-06	-8.601965e-09	-2.871915e+01	-5.641562e+02
3.250000e-06	-4.270123e-06	-8.610895e-09	-2.879484e+01	-5.648264e+02
3.260000e-06	-4.279873e-06	-8.614846e-09	-2.886059e+01	-5.653725e+02
3.270000e-06	-4.288209e-06	-8.619758e-09	-2.891680e+01	-5.658576e+02
3.280000e-06	-4.295108e-06	-8.628656e-09	-2.896332e+01	-5.663332e+02
3.290000e-06	-4.300350e-06	-8.637742e-09	-2.899867e+01	-5.668062e+02
3.300000e-06	-4.304048e-06	-8.644124e-09	-2.902361e+01	-5.672280e+02
3.310000e-06	-4.306415e-06	-8.647536e-09	-2.903957e+01	-5.675172e+02
3.320000e-06	-4.307391e-06	-8.649103e-09	-2.904615e+01	-5.676036e+02
