# Temperatura_=_20.0
# Concentracion g/m^3_=_10000.0
# C_Vs_to_Am_M_A/Vsm_=_65563218390.804596
# pendiente_HvsI_1/m_=_3716.3
# ordenada_HvsI_A/m_=_1297.0
# frecuencia_Hz_=_300944.46780696366

Tiempo_(s)	Campo_(V.s)	Magnetizacion_(V.s)	Campo_(kA/m)	Magnetizacion_(A/m)
0.000000e+00	-4.289373e-06	-8.687292e-09	-2.904065e+01	-5.687119e+02
1.000000e-08	-4.287232e-06	-8.685837e-09	-2.902615e+01	-5.684434e+02
2.000000e-08	-4.283461e-06	-8.680467e-09	-2.900062e+01	-5.680433e+02
3.000000e-08	-4.278432e-06	-8.671769e-09	-2.896657e+01	-5.676069e+02
4.000000e-08	-4.272171e-06	-8.663399e-09	-2.892418e+01	-5.671846e+02
5.000000e-08	-4.264596e-06	-8.655945e-09	-2.887290e+01	-5.667602e+02
6.000000e-08	-4.255700e-06	-8.648878e-09	-2.881267e+01	-5.662729e+02
7.000000e-08	-4.245142e-06	-8.641676e-09	-2.874119e+01	-5.656610e+02
8.000000e-08	-4.232722e-06	-8.610950e-09	-2.865710e+01	-5.648991e+02
9.000000e-08	-4.218278e-06	-8.603134e-09	-2.855931e+01	-5.640033e+02
1.000000e-07	-4.201613e-06	-8.607971e-09	-2.844647e+01	-5.630073e+02
1.100000e-07	-4.183244e-06	-8.602789e-09	-2.832211e+01	-5.619320e+02
1.200000e-07	-4.163782e-06	-8.610329e-09	-2.819035e+01	-5.607724e+02
1.300000e-07	-4.143471e-06	-8.503792e-09	-2.805284e+01	-5.595115e+02
1.400000e-07	-4.122115e-06	-8.481231e-09	-2.790825e+01	-5.581479e+02
1.500000e-07	-4.099467e-06	-8.576748e-09	-2.775491e+01	-5.567128e+02
1.600000e-07	-4.075556e-06	-8.450880e-09	-2.759303e+01	-5.552595e+02
1.700000e-07	-4.049892e-06	-8.417532e-09	-2.741927e+01	-5.538308e+02
1.800000e-07	-4.022433e-06	-8.500909e-09	-2.723336e+01	-5.524259e+02
1.900000e-07	-3.993937e-06	-8.365884e-09	-2.704044e+01	-5.509905e+02
2.000000e-07	-3.964298e-06	-8.352963e-09	-2.683977e+01	-5.494391e+02
2.100000e-07	-3.933147e-06	-8.422223e-09	-2.662886e+01	-5.476968e+02
2.200000e-07	-3.900677e-06	-8.281804e-09	-2.640903e+01	-5.457327e+02
2.300000e-07	-3.866807e-06	-8.247260e-09	-2.617972e+01	-5.435669e+02
2.400000e-07	-3.831414e-06	-8.281698e-09	-2.594009e+01	-5.412488e+02
2.500000e-07	-3.794614e-06	-8.192429e-09	-2.569094e+01	-5.388232e+02
2.600000e-07	-3.756365e-06	-8.180300e-09	-2.543198e+01	-5.363073e+02
2.700000e-07	-3.716871e-06	-8.142950e-09	-2.516459e+01	-5.336912e+02
2.800000e-07	-3.676347e-06	-8.053247e-09	-2.489023e+01	-5.309560e+02
2.900000e-07	-3.634364e-06	-8.052065e-09	-2.460599e+01	-5.280932e+02
3.000000e-07	-3.590733e-06	-8.023620e-09	-2.431059e+01	-5.251107e+02
3.100000e-07	-3.545791e-06	-7.938394e-09	-2.400632e+01	-5.220215e+02
3.200000e-07	-3.499680e-06	-7.890354e-09	-2.369413e+01	-5.188279e+02
3.300000e-07	-3.452415e-06	-7.864799e-09	-2.337413e+01	-5.155147e+02
3.400000e-07	-3.403887e-06	-7.804734e-09	-2.304558e+01	-5.120592e+02
3.500000e-07	-3.353707e-06	-7.743677e-09	-2.270584e+01	-5.084501e+02
3.600000e-07	-3.301824e-06	-7.692427e-09	-2.235457e+01	-5.047020e+02
3.700000e-07	-3.248648e-06	-7.612390e-09	-2.199455e+01	-5.008513e+02
3.800000e-07	-3.194426e-06	-7.556022e-09	-2.162745e+01	-4.969349e+02
3.900000e-07	-3.139146e-06	-7.528108e-09	-2.125318e+01	-4.929647e+02
4.000000e-07	-3.082913e-06	-7.453982e-09	-2.087247e+01	-4.889143e+02
4.100000e-07	-3.025695e-06	-7.378990e-09	-2.048508e+01	-4.847276e+02
4.200000e-07	-2.967115e-06	-7.318426e-09	-2.008847e+01	-4.803462e+02
4.300000e-07	-2.907212e-06	-7.250705e-09	-1.968290e+01	-4.757395e+02
4.400000e-07	-2.846292e-06	-7.184453e-09	-1.927045e+01	-4.709207e+02
4.500000e-07	-2.784471e-06	-7.090057e-09	-1.885190e+01	-4.659391e+02
4.600000e-07	-2.721739e-06	-7.005215e-09	-1.842718e+01	-4.608548e+02
4.700000e-07	-2.658152e-06	-6.942472e-09	-1.799667e+01	-4.557067e+02
4.800000e-07	-2.593771e-06	-6.879069e-09	-1.756079e+01	-4.504936e+02
4.900000e-07	-2.528334e-06	-6.793659e-09	-1.711776e+01	-4.451730e+02
5.000000e-07	-2.461558e-06	-6.698252e-09	-1.666566e+01	-4.396807e+02
5.100000e-07	-2.393823e-06	-6.614640e-09	-1.620707e+01	-4.339585e+02
5.200000e-07	-2.325554e-06	-6.527865e-09	-1.574486e+01	-4.279776e+02
5.300000e-07	-2.256557e-06	-6.437026e-09	-1.527773e+01	-4.217485e+02
5.400000e-07	-2.186773e-06	-6.329346e-09	-1.480526e+01	-4.153122e+02
5.500000e-07	-2.116280e-06	-6.218614e-09	-1.432800e+01	-4.087198e+02
5.600000e-07	-2.045027e-06	-6.121730e-09	-1.384559e+01	-4.020081e+02
5.700000e-07	-1.973109e-06	-6.027993e-09	-1.335868e+01	-3.951843e+02
5.800000e-07	-1.900545e-06	-5.921410e-09	-1.286740e+01	-3.882246e+02
5.900000e-07	-1.827196e-06	-5.804916e-09	-1.237079e+01	-3.810863e+02
6.000000e-07	-1.753002e-06	-5.691517e-09	-1.186848e+01	-3.737272e+02
6.100000e-07	-1.677974e-06	-5.586248e-09	-1.136051e+01	-3.661219e+02
6.200000e-07	-1.602190e-06	-5.472613e-09	-1.084742e+01	-3.582675e+02
6.300000e-07	-1.525777e-06	-5.338866e-09	-1.033007e+01	-3.501794e+02
6.400000e-07	-1.448855e-06	-5.201280e-09	-9.809282e+00	-3.418801e+02
6.500000e-07	-1.371468e-06	-5.070936e-09	-9.285347e+00	-3.333885e+02
6.600000e-07	-1.293572e-06	-4.946993e-09	-8.757963e+00	-3.247140e+02
6.700000e-07	-1.215131e-06	-4.815049e-09	-8.226890e+00	-3.158545e+02
6.800000e-07	-1.136100e-06	-4.674766e-09	-7.691817e+00	-3.067954e+02
6.900000e-07	-1.056542e-06	-4.531961e-09	-7.153184e+00	-2.975090e+02
7.000000e-07	-9.765494e-07	-4.391145e-09	-6.611602e+00	-2.879549e+02
7.100000e-07	-8.959884e-07	-4.245007e-09	-6.066174e+00	-2.780874e+02
7.200000e-07	-8.149626e-07	-4.082505e-09	-5.517599e+00	-2.678697e+02
7.300000e-07	-7.337953e-07	-3.910934e-09	-4.968066e+00	-2.572919e+02
7.400000e-07	-6.525180e-07	-3.740759e-09	-4.417789e+00	-2.463803e+02
7.500000e-07	-5.710559e-07	-3.578585e-09	-3.866260e+00	-2.351911e+02
7.600000e-07	-4.894395e-07	-3.412937e-09	-3.313687e+00	-2.237840e+02
7.700000e-07	-4.077042e-07	-3.236297e-09	-2.760309e+00	-2.121892e+02
7.800000e-07	-3.259144e-07	-3.053360e-09	-2.206561e+00	-2.003848e+02
7.900000e-07	-2.440557e-07	-2.871684e-09	-1.652347e+00	-1.882998e+02
8.000000e-07	-1.620482e-07	-2.684899e-09	-1.097127e+00	-1.758453e+02
8.100000e-07	-7.997936e-08	-2.485227e-09	-5.414899e-01	-1.629573e+02
8.200000e-07	2.088395e-09	-2.277131e-09	1.413921e-02	-1.496279e+02
8.300000e-07	8.411459e-08	-2.066408e-09	5.694870e-01	-1.359066e+02
8.400000e-07	1.661298e-07	-1.855818e-09	1.124761e+00	-1.218702e+02
8.500000e-07	2.480846e-07	-1.640430e-09	1.679625e+00	-1.075786e+02
8.600000e-07	3.298822e-07	-1.417841e-09	2.233424e+00	-9.304107e+01
8.700000e-07	4.115949e-07	-1.189042e-09	2.786650e+00	-7.821316e+01
8.800000e-07	4.932904e-07	-9.577158e-10	3.339759e+00	-6.302357e+01
8.900000e-07	5.748869e-07	-7.194162e-10	3.892198e+00	-4.741479e+01
9.000000e-07	6.561904e-07	-4.709179e-10	4.442652e+00	-3.137396e+01
9.100000e-07	7.372521e-07	-2.171595e-10	4.991470e+00	-1.493812e+01
9.200000e-07	8.181014e-07	3.876677e-11	5.538850e+00	1.825529e+00
9.300000e-07	8.986584e-07	2.947909e-10	6.084250e+00	1.884963e+01
9.400000e-07	9.789298e-07	5.552130e-10	6.627717e+00	3.608785e+01
9.500000e-07	1.058808e-06	8.223049e-10	7.168520e+00	5.351627e+01
9.600000e-07	1.138101e-06	1.094304e-09	7.705369e+00	7.111717e+01
9.700000e-07	1.216819e-06	1.366276e-09	8.238316e+00	8.885803e+01
9.800000e-07	1.295122e-06	1.637461e-09	8.768455e+00	1.066797e+02
9.900000e-07	1.373035e-06	1.909893e-09	9.295954e+00	1.245009e+02
1.000000e-06	1.450449e-06	2.180531e-09	9.820077e+00	1.422348e+02
1.010000e-06	1.527325e-06	2.447273e-09	1.034055e+01	1.598077e+02
1.020000e-06	1.603711e-06	2.709209e-09	1.085772e+01	1.771690e+02
1.030000e-06	1.679542e-06	2.969403e-09	1.137112e+01	1.942862e+02
1.040000e-06	1.754612e-06	3.229073e-09	1.187937e+01	2.111314e+02
1.050000e-06	1.828663e-06	3.484365e-09	1.238073e+01	2.276649e+02
1.060000e-06	1.901765e-06	3.730809e-09	1.287565e+01	2.438278e+02
1.070000e-06	1.974221e-06	3.967740e-09	1.336621e+01	2.595468e+02
1.080000e-06	2.046101e-06	4.197974e-09	1.385286e+01	2.747507e+02
1.090000e-06	2.117334e-06	4.421628e-09	1.433514e+01	2.893902e+02
1.100000e-06	2.187847e-06	4.636095e-09	1.481254e+01	3.034519e+02
1.110000e-06	2.257580e-06	4.839101e-09	1.528465e+01	3.169593e+02
1.120000e-06	2.326519e-06	5.035509e-09	1.575139e+01	3.299588e+02
1.130000e-06	2.394802e-06	5.227312e-09	1.621370e+01	3.424976e+02
1.140000e-06	2.462423e-06	5.413026e-09	1.667151e+01	3.546014e+02
1.150000e-06	2.529002e-06	5.590942e-09	1.712228e+01	3.662644e+02
1.160000e-06	2.594386e-06	5.761511e-09	1.756496e+01	3.774539e+02
1.170000e-06	2.658831e-06	5.924559e-09	1.800127e+01	3.881287e+02
1.180000e-06	2.722525e-06	6.079448e-09	1.843250e+01	3.982627e+02
1.190000e-06	2.785355e-06	6.224380e-09	1.885788e+01	4.078623e+02
1.200000e-06	2.847198e-06	6.358945e-09	1.927659e+01	4.169704e+02
1.210000e-06	2.908119e-06	6.490981e-09	1.968904e+01	4.256570e+02
1.220000e-06	2.968234e-06	6.620774e-09	2.009604e+01	4.339987e+02
1.230000e-06	3.027347e-06	6.745300e-09	2.049626e+01	4.420561e+02
1.240000e-06	3.085061e-06	6.862916e-09	2.088701e+01	4.498558e+02
1.250000e-06	3.141472e-06	6.976913e-09	2.126893e+01	4.573830e+02
1.260000e-06	3.196836e-06	7.088327e-09	2.164377e+01	4.645883e+02
1.270000e-06	3.251181e-06	7.193557e-09	2.201170e+01	4.714073e+02
1.280000e-06	3.304361e-06	7.289225e-09	2.237175e+01	4.777900e+02
1.290000e-06	3.356178e-06	7.376058e-09	2.272257e+01	4.837286e+02
1.300000e-06	3.406478e-06	7.458652e-09	2.306312e+01	4.892718e+02
1.310000e-06	3.455307e-06	7.539435e-09	2.339371e+01	4.945160e+02
1.320000e-06	3.502887e-06	7.618550e-09	2.371584e+01	4.995713e+02
1.330000e-06	3.549295e-06	7.693885e-09	2.403004e+01	5.045174e+02
1.340000e-06	3.594544e-06	7.766102e-09	2.433640e+01	5.093676e+02
1.350000e-06	3.638674e-06	7.837007e-09	2.463517e+01	5.140636e+02
1.360000e-06	3.681507e-06	7.905170e-09	2.492517e+01	5.185055e+02
1.370000e-06	3.722806e-06	7.967314e-09	2.520478e+01	5.226050e+02
1.380000e-06	3.762777e-06	8.021424e-09	2.547539e+01	5.263343e+02
1.390000e-06	3.801550e-06	8.070693e-09	2.573790e+01	5.297449e+02
1.400000e-06	3.839009e-06	8.119988e-09	2.599152e+01	5.329452e+02
1.410000e-06	3.875218e-06	8.168923e-09	2.623666e+01	5.360501e+02
1.420000e-06	3.910006e-06	8.216412e-09	2.647219e+01	5.391294e+02
1.430000e-06	3.943243e-06	8.263085e-09	2.669722e+01	5.421816e+02
1.440000e-06	3.975126e-06	8.309353e-09	2.691308e+01	5.451449e+02
1.450000e-06	4.005723e-06	8.353388e-09	2.712023e+01	5.479334e+02
1.460000e-06	4.035026e-06	8.390623e-09	2.731862e+01	5.504782e+02
1.470000e-06	4.062996e-06	8.420587e-09	2.750799e+01	5.527521e+02
1.480000e-06	4.089428e-06	8.448471e-09	2.768694e+01	5.547712e+02
1.490000e-06	4.114189e-06	8.476935e-09	2.785459e+01	5.565816e+02
1.500000e-06	4.137450e-06	8.504150e-09	2.801207e+01	5.582422e+02
1.510000e-06	4.159365e-06	8.528385e-09	2.816045e+01	5.598120e+02
1.520000e-06	4.179984e-06	8.551239e-09	2.830004e+01	5.613388e+02
1.530000e-06	4.199318e-06	8.573992e-09	2.843094e+01	5.628468e+02
1.540000e-06	4.217181e-06	8.596233e-09	2.855188e+01	5.643236e+02
1.550000e-06	4.233419e-06	8.616391e-09	2.866182e+01	5.657143e+02
1.560000e-06	4.248044e-06	8.633580e-09	2.876083e+01	5.669360e+02
1.570000e-06	4.261120e-06	8.648083e-09	2.884936e+01	5.679126e+02
1.580000e-06	4.272555e-06	8.658246e-09	2.892678e+01	5.686166e+02
1.590000e-06	4.282168e-06	8.664846e-09	2.899187e+01	5.690929e+02
1.600000e-06	4.290185e-06	8.669783e-09	2.904614e+01	5.694461e+02
1.610000e-06	4.296774e-06	8.675898e-09	2.909075e+01	5.697915e+02
1.620000e-06	4.301936e-06	8.685114e-09	2.912570e+01	5.701951e+02
1.630000e-06	4.305698e-06	8.695140e-09	2.915117e+01	5.706377e+02
1.640000e-06	4.307842e-06	8.701056e-09	2.916569e+01	5.710262e+02
1.650000e-06	4.308368e-06	8.701341e-09	2.916925e+01	5.712470e+02
1.660000e-06	4.307478e-06	8.698587e-09	2.916322e+01	5.712306e+02
1.670000e-06	4.305254e-06	8.693188e-09	2.914817e+01	5.709883e+02
1.680000e-06	4.301770e-06	8.686768e-09	2.912458e+01	5.706001e+02
1.690000e-06	4.296953e-06	8.678764e-09	2.909196e+01	5.701637e+02
1.700000e-06	4.290526e-06	8.672267e-09	2.904845e+01	5.697382e+02
1.710000e-06	4.282623e-06	8.667395e-09	2.899494e+01	5.693167e+02
1.720000e-06	4.273514e-06	8.658940e-09	2.893327e+01	5.688420e+02
1.730000e-06	4.263169e-06	8.651829e-09	2.886323e+01	5.682498e+02
1.740000e-06	4.251322e-06	8.669082e-09	2.878303e+01	5.675086e+02
1.750000e-06	4.237225e-06	8.630400e-09	2.868759e+01	5.666293e+02
1.760000e-06	4.220597e-06	8.604166e-09	2.857501e+01	5.656452e+02
1.770000e-06	4.202135e-06	8.546847e-09	2.845001e+01	5.645803e+02
1.780000e-06	4.182857e-06	8.575903e-09	2.831949e+01	5.634332e+02
1.790000e-06	4.163213e-06	8.644746e-09	2.818650e+01	5.621869e+02
1.800000e-06	4.142259e-06	8.495133e-09	2.804463e+01	5.608363e+02
1.810000e-06	4.119342e-06	8.499598e-09	2.788947e+01	5.594077e+02
1.820000e-06	4.095245e-06	8.579431e-09	2.772633e+01	5.579531e+02
1.830000e-06	4.069987e-06	8.444377e-09	2.755532e+01	5.565190e+02
1.840000e-06	4.043006e-06	8.438481e-09	2.737265e+01	5.551123e+02
1.850000e-06	4.014702e-06	8.517583e-09	2.718102e+01	5.536855e+02
1.860000e-06	3.984990e-06	8.368529e-09	2.697986e+01	5.521554e+02
1.870000e-06	3.953623e-06	8.370898e-09	2.676749e+01	5.504429e+02
1.880000e-06	3.920897e-06	8.446220e-09	2.654593e+01	5.485097e+02
1.890000e-06	3.886745e-06	8.303393e-09	2.631470e+01	5.463693e+02
1.900000e-06	3.851363e-06	8.306757e-09	2.607516e+01	5.440692e+02
1.910000e-06	3.814856e-06	8.297210e-09	2.582799e+01	5.416565e+02
1.920000e-06	3.776643e-06	8.177102e-09	2.556927e+01	5.391531e+02
1.930000e-06	3.736876e-06	8.236586e-09	2.530004e+01	5.365519e+02
1.940000e-06	3.695916e-06	8.167696e-09	2.502272e+01	5.338339e+02
1.950000e-06	3.653588e-06	8.065742e-09	2.473614e+01	5.309886e+02
1.960000e-06	3.610161e-06	8.099744e-09	2.444213e+01	5.280217e+02
1.970000e-06	3.565617e-06	8.023866e-09	2.414055e+01	5.249466e+02
1.980000e-06	3.519682e-06	7.970661e-09	2.382955e+01	5.217679e+02
1.990000e-06	3.472523e-06	7.916207e-09	2.351027e+01	5.184726e+02
2.000000e-06	3.424065e-06	7.854910e-09	2.318219e+01	5.150379e+02
2.010000e-06	3.374336e-06	7.816233e-09	2.284550e+01	5.114499e+02
2.020000e-06	3.323390e-06	7.744524e-09	2.250058e+01	5.077192e+02
2.030000e-06	3.270979e-06	7.724845e-09	2.214574e+01	5.038799e+02
2.040000e-06	3.217071e-06	7.638043e-09	2.178076e+01	4.999707e+02
2.050000e-06	3.161889e-06	7.558243e-09	2.140716e+01	4.960084e+02
2.060000e-06	3.105687e-06	7.533756e-09	2.102666e+01	4.919718e+02
2.070000e-06	3.048378e-06	7.440524e-09	2.063865e+01	4.878078e+02
2.080000e-06	2.989924e-06	7.387553e-09	2.024289e+01	4.834564e+02
2.090000e-06	2.930572e-06	7.306017e-09	1.984106e+01	4.788815e+02
2.100000e-06	2.870288e-06	7.225371e-09	1.943291e+01	4.740900e+02
2.110000e-06	2.808832e-06	7.194313e-09	1.901683e+01	4.691273e+02
2.120000e-06	2.746196e-06	7.089198e-09	1.859277e+01	4.640538e+02
2.130000e-06	2.682624e-06	7.006841e-09	1.816236e+01	4.589133e+02
2.140000e-06	2.618197e-06	6.923906e-09	1.772617e+01	4.537106e+02
2.150000e-06	2.552785e-06	6.842862e-09	1.728330e+01	4.484085e+02
2.160000e-06	2.486491e-06	6.771836e-09	1.683447e+01	4.429441e+02
2.170000e-06	2.419445e-06	6.666412e-09	1.638054e+01	4.372567e+02
2.180000e-06	2.351665e-06	6.584196e-09	1.592164e+01	4.313124e+02
2.190000e-06	2.283059e-06	6.478472e-09	1.545715e+01	4.251162e+02
2.200000e-06	2.213324e-06	6.391738e-09	1.498502e+01	4.187057e+02
2.210000e-06	2.142481e-06	6.301140e-09	1.450539e+01	4.121322e+02
2.220000e-06	2.070842e-06	6.187949e-09	1.402037e+01	4.054357e+02
2.230000e-06	1.998617e-06	6.091870e-09	1.353138e+01	3.986281e+02
2.240000e-06	1.925786e-06	5.979682e-09	1.303828e+01	3.916895e+02
2.250000e-06	1.852331e-06	5.879720e-09	1.254097e+01	3.845789e+02
2.260000e-06	1.778233e-06	5.761510e-09	1.203930e+01	3.772528e+02
2.270000e-06	1.703444e-06	5.634922e-09	1.153295e+01	3.696828e+02
2.280000e-06	1.628097e-06	5.518756e-09	1.102282e+01	3.618627e+02
2.290000e-06	1.552209e-06	5.401235e-09	1.050903e+01	3.538061e+02
2.300000e-06	1.475652e-06	5.284037e-09	9.990708e+00	3.455350e+02
2.310000e-06	1.398283e-06	5.148263e-09	9.466893e+00	3.370694e+02
2.320000e-06	1.320139e-06	5.016557e-09	8.937828e+00	3.284203e+02
2.330000e-06	1.241395e-06	4.883847e-09	8.404702e+00	3.195872e+02
2.340000e-06	1.162206e-06	4.743883e-09	7.868566e+00	3.105574e+02
2.350000e-06	1.082689e-06	4.598533e-09	7.330208e+00	3.013050e+02
2.360000e-06	1.002924e-06	4.445167e-09	6.790171e+00	2.917913e+02
2.370000e-06	9.229760e-07	4.297379e-09	6.248890e+00	2.819706e+02
2.380000e-06	8.428111e-07	4.147245e-09	5.706144e+00	2.718038e+02
2.390000e-06	7.622454e-07	3.991955e-09	5.160684e+00	2.612760e+02
2.400000e-06	6.812421e-07	3.827928e-09	4.612261e+00	2.504085e+02
2.410000e-06	5.999736e-07	3.653375e-09	4.062044e+00	2.392544e+02
2.420000e-06	5.185768e-07	3.479340e-09	3.510957e+00	2.278750e+02
2.430000e-06	4.370806e-07	3.303496e-09	2.959198e+00	2.163065e+02
2.440000e-06	3.554611e-07	3.120392e-09	2.406603e+00	2.045347e+02
2.450000e-06	2.737291e-07	2.929509e-09	1.853248e+00	1.924947e+02
2.460000e-06	1.919672e-07	2.736818e-09	1.299689e+00	1.800973e+02
2.470000e-06	1.102231e-07	2.546887e-09	7.462514e-01	1.672726e+02
2.480000e-06	2.842629e-08	2.350537e-09	1.924566e-01	1.540037e+02
2.490000e-06	-5.342796e-08	2.141179e-09	-3.617271e-01	1.403332e+02
2.500000e-06	-1.352584e-07	1.923275e-09	-9.157492e-01	1.263368e+02
2.510000e-06	-2.169984e-07	1.705018e-09	-1.469159e+00	1.120791e+02
2.520000e-06	-2.986443e-07	1.485992e-09	-2.021933e+00	9.757768e+01
2.530000e-06	-3.802022e-07	1.261226e-09	-2.574110e+00	8.279480e+01
2.540000e-06	-4.616314e-07	1.030487e-09	-3.125415e+00	6.766053e+01
2.550000e-06	-5.428991e-07	7.951387e-10	-3.675628e+00	5.211304e+01
2.560000e-06	-6.240046e-07	5.553273e-10	-4.224743e+00	3.613209e+01
2.570000e-06	-7.049379e-07	3.079767e-10	-4.772691e+00	1.974833e+01
2.580000e-06	-7.855871e-07	5.100545e-11	-5.318716e+00	3.026466e+00
2.590000e-06	-8.659214e-07	-2.132973e-10	-5.862609e+00	-1.396449e+01
2.600000e-06	-9.459623e-07	-4.776291e-10	-6.404515e+00	-3.117461e+01
2.610000e-06	-1.025717e-06	-7.382251e-10	-6.944485e+00	-4.857746e+01
2.620000e-06	-1.105282e-06	-1.002621e-09	-7.483169e+00	-6.615579e+01
2.630000e-06	-1.184572e-06	-1.274122e-09	-8.019993e+00	-8.388024e+01
2.640000e-06	-1.263322e-06	-1.548768e-09	-8.553159e+00	-1.016956e+02
2.650000e-06	-1.341335e-06	-1.819442e-09	-9.081332e+00	-1.195229e+02
2.660000e-06	-1.418574e-06	-2.085955e-09	-9.604272e+00	-1.372748e+02
2.670000e-06	-1.495111e-06	-2.354742e-09	-1.012246e+01	-1.548751e+02
2.680000e-06	-1.570986e-06	-2.625789e-09	-1.063615e+01	-1.722694e+02
2.690000e-06	-1.646283e-06	-2.890531e-09	-1.114595e+01	-1.894238e+02
2.700000e-06	-1.720969e-06	-3.144717e-09	-1.165160e+01	-2.063105e+02
2.710000e-06	-1.795030e-06	-3.393511e-09	-1.215302e+01	-2.228923e+02
2.720000e-06	-1.868556e-06	-3.639418e-09	-1.265082e+01	-2.391130e+02
2.730000e-06	-1.941449e-06	-3.881124e-09	-1.314433e+01	-2.549007e+02
2.740000e-06	-2.013649e-06	-4.113226e-09	-1.363315e+01	-2.701825e+02
2.750000e-06	-2.085286e-06	-4.336281e-09	-1.411816e+01	-2.849050e+02
2.760000e-06	-2.156318e-06	-4.554376e-09	-1.459907e+01	-2.990492e+02
2.770000e-06	-2.226418e-06	-4.767778e-09	-1.507368e+01	-3.126339e+02
2.780000e-06	-2.295447e-06	-4.971939e-09	-1.554103e+01	-3.257034e+02
2.790000e-06	-2.363534e-06	-5.163099e-09	-1.600200e+01	-3.383064e+02
2.800000e-06	-2.430836e-06	-5.345859e-09	-1.645766e+01	-3.504726e+02
2.810000e-06	-2.497351e-06	-5.524573e-09	-1.690799e+01	-3.622007e+02
2.820000e-06	-2.563034e-06	-5.696016e-09	-1.735269e+01	-3.734610e+02
2.830000e-06	-2.627886e-06	-5.858431e-09	-1.779176e+01	-3.842121e+02
2.840000e-06	-2.691924e-06	-6.014036e-09	-1.822532e+01	-3.944245e+02
2.850000e-06	-2.755129e-06	-6.162800e-09	-1.865324e+01	-4.040992e+02
2.860000e-06	-2.817185e-06	-6.305963e-09	-1.907338e+01	-4.132743e+02
2.870000e-06	-2.877937e-06	-6.440715e-09	-1.948470e+01	-4.220170e+02
2.880000e-06	-2.937709e-06	-6.566874e-09	-1.988938e+01	-4.304043e+02
2.890000e-06	-2.996657e-06	-6.689035e-09	-2.028848e+01	-4.385003e+02
2.900000e-06	-3.054560e-06	-6.808003e-09	-2.068050e+01	-4.463374e+02
2.910000e-06	-3.111297e-06	-6.923053e-09	-2.106464e+01	-4.539066e+02
2.920000e-06	-3.167065e-06	-7.032533e-09	-2.144221e+01	-4.611623e+02
2.930000e-06	-3.221798e-06	-7.136339e-09	-2.181277e+01	-4.680409e+02
2.940000e-06	-3.275048e-06	-7.236204e-09	-2.217329e+01	-4.744882e+02
2.950000e-06	-3.326797e-06	-7.330691e-09	-2.252365e+01	-4.804892e+02
2.960000e-06	-3.377294e-06	-7.418108e-09	-2.286553e+01	-4.860845e+02
2.970000e-06	-3.426449e-06	-7.499888e-09	-2.319833e+01	-4.913651e+02
2.980000e-06	-3.473995e-06	-7.576825e-09	-2.352024e+01	-4.964419e+02
2.990000e-06	-3.520118e-06	-7.651842e-09	-2.383251e+01	-5.014017e+02
3.000000e-06	-3.565103e-06	-7.727087e-09	-2.413707e+01	-5.062683e+02
3.010000e-06	-3.609019e-06	-7.799350e-09	-2.443440e+01	-5.109926e+02
3.020000e-06	-3.651945e-06	-7.867903e-09	-2.472502e+01	-5.154777e+02
3.030000e-06	-3.693729e-06	-7.932197e-09	-2.500792e+01	-5.196302e+02
3.040000e-06	-3.734277e-06	-7.992068e-09	-2.528244e+01	-5.234116e+02
3.050000e-06	-3.773671e-06	-8.046245e-09	-2.554915e+01	-5.268626e+02
3.060000e-06	-3.811684e-06	-8.095440e-09	-2.580652e+01	-5.300860e+02
3.070000e-06	-3.848091e-06	-8.141359e-09	-2.605300e+01	-5.331994e+02
3.080000e-06	-3.883157e-06	-8.187272e-09	-2.629041e+01	-5.362814e+02
3.090000e-06	-3.916960e-06	-8.234042e-09	-2.651927e+01	-5.393408e+02
3.100000e-06	-3.949416e-06	-8.280660e-09	-2.673901e+01	-5.423226e+02
3.110000e-06	-3.980521e-06	-8.324868e-09	-2.694960e+01	-5.451416e+02
3.120000e-06	-4.010052e-06	-8.364008e-09	-2.714954e+01	-5.477247e+02
3.130000e-06	-4.038031e-06	-8.399484e-09	-2.733896e+01	-5.500378e+02
3.140000e-06	-4.064713e-06	-8.432154e-09	-2.751961e+01	-5.520916e+02
3.150000e-06	-4.090000e-06	-8.462027e-09	-2.769081e+01	-5.539289e+02
3.160000e-06	-4.113876e-06	-8.488058e-09	-2.785247e+01	-5.556079e+02
3.170000e-06	-4.136339e-06	-8.510469e-09	-2.800455e+01	-5.571880e+02
3.180000e-06	-4.157185e-06	-8.532750e-09	-2.814568e+01	-5.587193e+02
3.190000e-06	-4.176508e-06	-8.556559e-09	-2.827651e+01	-5.602304e+02
3.200000e-06	-4.194477e-06	-8.579262e-09	-2.839816e+01	-5.617147e+02
3.210000e-06	-4.211078e-06	-8.601190e-09	-2.851056e+01	-5.631230e+02
3.220000e-06	-4.226245e-06	-8.622058e-09	-2.861325e+01	-5.643747e+02
3.230000e-06	-4.239627e-06	-8.640597e-09	-2.870384e+01	-5.653902e+02
3.240000e-06	-4.251197e-06	-8.653267e-09	-2.878218e+01	-5.661328e+02
3.250000e-06	-4.261268e-06	-8.658686e-09	-2.885036e+01	-5.666368e+02
3.260000e-06	-4.269905e-06	-8.661752e-09	-2.890884e+01	-5.670008e+02
3.270000e-06	-4.277189e-06	-8.667928e-09	-2.895816e+01	-5.673421e+02
3.280000e-06	-4.282849e-06	-8.673675e-09	-2.899648e+01	-5.677371e+02
3.290000e-06	-4.286815e-06	-8.677911e-09	-2.902333e+01	-5.681791e+02
3.300000e-06	-4.289389e-06	-8.681921e-09	-2.904075e+01	-5.685832e+02
3.310000e-06	-4.290561e-06	-8.685702e-09	-2.904869e+01	-5.688345e+02
3.320000e-06	-4.290380e-06	-8.688350e-09	-2.904746e+01	-5.688539e+02
