# Temperatura_=_20.0
# Concentracion g/m^3_=_10000.0
# C_Vs_to_Am_M_A/Vsm_=_65563218390.804596
# pendiente_HvsI_1/m_=_3716.3
# ordenada_HvsI_A/m_=_1297.0
# frecuencia_Hz_=_300941.8582999115

Tiempo_(s)	Campo_(V.s)	Magnetizacion_(V.s)	Campo_(kA/m)	Magnetizacion_(A/m)
0.000000e+00	-4.300012e-06	-8.681789e-09	-2.903897e+01	-5.685391e+02
1.000000e-08	-4.297913e-06	-8.680892e-09	-2.902480e+01	-5.683271e+02
2.000000e-08	-4.294208e-06	-8.675049e-09	-2.899978e+01	-5.680287e+02
3.000000e-08	-4.289219e-06	-8.668057e-09	-2.896608e+01	-5.676942e+02
4.000000e-08	-4.282966e-06	-8.661913e-09	-2.892386e+01	-5.673386e+02
5.000000e-08	-4.275408e-06	-8.654789e-09	-2.887282e+01	-5.669400e+02
6.000000e-08	-4.266563e-06	-8.648735e-09	-2.881308e+01	-5.664580e+02
7.000000e-08	-4.256074e-06	-8.635034e-09	-2.874225e+01	-5.658580e+02
8.000000e-08	-4.243699e-06	-8.603627e-09	-2.865868e+01	-5.651250e+02
9.000000e-08	-4.229256e-06	-8.616355e-09	-2.856114e+01	-5.642620e+02
1.000000e-07	-4.212582e-06	-8.619785e-09	-2.844853e+01	-5.632790e+02
1.100000e-07	-4.194190e-06	-8.627074e-09	-2.832433e+01	-5.621834e+02
1.200000e-07	-4.174695e-06	-8.588811e-09	-2.819268e+01	-5.609822e+02
1.300000e-07	-4.154338e-06	-8.456938e-09	-2.805520e+01	-5.596910e+02
1.400000e-07	-4.132924e-06	-8.535125e-09	-2.791059e+01	-5.583407e+02
1.500000e-07	-4.110187e-06	-8.581814e-09	-2.775704e+01	-5.569716e+02
1.600000e-07	-4.086214e-06	-8.412951e-09	-2.759514e+01	-5.556140e+02
1.700000e-07	-4.060565e-06	-8.466026e-09	-2.742193e+01	-5.542663e+02
1.800000e-07	-4.033143e-06	-8.511955e-09	-2.723674e+01	-5.528854e+02
1.900000e-07	-4.004685e-06	-8.349748e-09	-2.704456e+01	-5.514000e+02
2.000000e-07	-3.975019e-06	-8.425749e-09	-2.684422e+01	-5.497413e+02
2.100000e-07	-3.943795e-06	-8.442904e-09	-2.663335e+01	-5.478763e+02
2.200000e-07	-3.911335e-06	-8.254426e-09	-2.641414e+01	-5.458225e+02
2.300000e-07	-3.877472e-06	-8.282952e-09	-2.618546e+01	-5.436363e+02
2.400000e-07	-3.841985e-06	-8.298863e-09	-2.594581e+01	-5.413786e+02
2.500000e-07	-3.805062e-06	-8.216647e-09	-2.569646e+01	-5.390787e+02
2.600000e-07	-3.766691e-06	-8.202038e-09	-2.543733e+01	-5.367156e+02
2.700000e-07	-3.727155e-06	-8.136395e-09	-2.517033e+01	-5.342294e+02
2.800000e-07	-3.686570e-06	-8.092755e-09	-2.489625e+01	-5.315545e+02
2.900000e-07	-3.644440e-06	-8.096774e-09	-2.461174e+01	-5.286577e+02
3.000000e-07	-3.600712e-06	-8.028978e-09	-2.431643e+01	-5.255588e+02
3.100000e-07	-3.555685e-06	-7.955985e-09	-2.401236e+01	-5.223217e+02
3.200000e-07	-3.509457e-06	-7.904040e-09	-2.370017e+01	-5.190207e+02
3.300000e-07	-3.462078e-06	-7.875333e-09	-2.338021e+01	-5.157014e+02
3.400000e-07	-3.413454e-06	-7.833267e-09	-2.305184e+01	-5.123565e+02
3.500000e-07	-3.363235e-06	-7.765322e-09	-2.271270e+01	-5.089304e+02
3.600000e-07	-3.311362e-06	-7.697913e-09	-2.236239e+01	-5.053497e+02
3.700000e-07	-3.258149e-06	-7.634789e-09	-2.200303e+01	-5.015629e+02
3.800000e-07	-3.203827e-06	-7.603196e-09	-2.163618e+01	-4.975664e+02
3.900000e-07	-3.148443e-06	-7.541955e-09	-2.126216e+01	-4.934039e+02
4.000000e-07	-3.092094e-06	-7.448082e-09	-2.088162e+01	-4.891391e+02
4.100000e-07	-3.034669e-06	-7.382964e-09	-2.049382e+01	-4.848171e+02
4.200000e-07	-2.975934e-06	-7.332877e-09	-2.009716e+01	-4.804383e+02
4.300000e-07	-2.915968e-06	-7.271602e-09	-1.969220e+01	-4.759572e+02
4.400000e-07	-2.854938e-06	-7.191497e-09	-1.928006e+01	-4.713085e+02
4.500000e-07	-2.793029e-06	-7.094252e-09	-1.886197e+01	-4.664444e+02
4.600000e-07	-2.730257e-06	-7.023030e-09	-1.843805e+01	-4.613608e+02
4.700000e-07	-2.666553e-06	-6.962483e-09	-1.800785e+01	-4.560981e+02
4.800000e-07	-2.601958e-06	-6.886538e-09	-1.757162e+01	-4.507156e+02
4.900000e-07	-2.536283e-06	-6.787439e-09	-1.712811e+01	-4.452553e+02
5.000000e-07	-2.469342e-06	-6.690789e-09	-1.667604e+01	-4.397156e+02
5.100000e-07	-2.401508e-06	-6.622506e-09	-1.621794e+01	-4.340519e+02
5.200000e-07	-2.333115e-06	-6.540271e-09	-1.575606e+01	-4.282001e+02
5.300000e-07	-2.264025e-06	-6.439685e-09	-1.528948e+01	-4.221109e+02
5.400000e-07	-2.194092e-06	-6.327534e-09	-1.481721e+01	-4.157741e+02
5.500000e-07	-2.123349e-06	-6.228851e-09	-1.433947e+01	-4.092187e+02
5.600000e-07	-2.051935e-06	-6.142395e-09	-1.385719e+01	-4.024922e+02
5.700000e-07	-1.979876e-06	-6.041649e-09	-1.337056e+01	-3.956308e+02
5.800000e-07	-1.907124e-06	-5.924020e-09	-1.287925e+01	-3.886399e+02
5.900000e-07	-1.833500e-06	-5.802727e-09	-1.238204e+01	-3.814933e+02
6.000000e-07	-1.758990e-06	-5.699585e-09	-1.187887e+01	-3.741496e+02
6.100000e-07	-1.683739e-06	-5.598009e-09	-1.137067e+01	-3.665750e+02
6.200000e-07	-1.607730e-06	-5.474454e-09	-1.085737e+01	-3.587582e+02
6.300000e-07	-1.531069e-06	-5.334922e-09	-1.033966e+01	-3.507110e+02
6.400000e-07	-1.453884e-06	-5.208773e-09	-9.818410e+00	-3.424564e+02
6.500000e-07	-1.376260e-06	-5.094417e-09	-9.294201e+00	-3.340135e+02
6.600000e-07	-1.298178e-06	-4.967544e-09	-8.766894e+00	-3.253861e+02
6.700000e-07	-1.219484e-06	-4.823524e-09	-8.235457e+00	-3.165605e+02
6.800000e-07	-1.140212e-06	-4.679630e-09	-7.700111e+00	-3.075105e+02
6.900000e-07	-1.060428e-06	-4.545715e-09	-7.161315e+00	-2.982060e+02
7.000000e-07	-9.801441e-07	-4.407173e-09	-6.619139e+00	-2.886213e+02
7.100000e-07	-8.994169e-07	-4.250670e-09	-6.073970e+00	-2.787406e+02
7.200000e-07	-8.182675e-07	-4.081978e-09	-5.525949e+00	-2.685622e+02
7.300000e-07	-7.369219e-07	-3.920252e-09	-4.976603e+00	-2.580978e+02
7.400000e-07	-6.555398e-07	-3.764476e-09	-4.427011e+00	-2.473678e+02
7.500000e-07	-5.739481e-07	-3.604061e-09	-3.876003e+00	-2.363912e+02
7.600000e-07	-4.920648e-07	-3.430018e-09	-3.323027e+00	-2.251745e+02
7.700000e-07	-4.100567e-07	-3.249097e-09	-2.769207e+00	-2.137026e+02
7.800000e-07	-3.280056e-07	-3.074272e-09	-2.215097e+00	-2.019401e+02
7.900000e-07	-2.458515e-07	-2.896925e-09	-1.660292e+00	-1.898418e+02
8.000000e-07	-1.636312e-07	-2.704610e-09	-1.105039e+00	-1.773704e+02
8.100000e-07	-8.139509e-08	-2.498364e-09	-5.496798e-01	-1.645113e+02
8.200000e-07	8.140693e-10	-2.294432e-09	5.497597e-03	-1.512781e+02
8.300000e-07	8.303108e-08	-2.096250e-09	5.607280e-01	-1.377039e+02
8.400000e-07	1.652572e-07	-1.891419e-09	1.116020e+00	-1.238244e+02
8.500000e-07	2.473949e-07	-1.671838e-09	1.670715e+00	-1.096582e+02
8.600000e-07	3.294339e-07	-1.445135e-09	2.224743e+00	-9.519707e+01
8.700000e-07	4.113526e-07	-1.220614e-09	2.777959e+00	-8.040827e+01
8.800000e-07	4.931529e-07	-9.935319e-10	3.330375e+00	-6.524825e+01
8.900000e-07	5.748071e-07	-7.548960e-10	3.881805e+00	-4.968204e+01
9.000000e-07	6.562648e-07	-5.039557e-10	4.431907e+00	-3.369982e+01
9.100000e-07	7.374859e-07	-2.506653e-10	4.980412e+00	-1.732443e+01
9.200000e-07	8.184721e-07	1.330479e-12	5.527330e+00	-6.075346e-01
9.300000e-07	8.992820e-07	2.545588e-10	6.073058e+00	1.638400e+01
9.400000e-07	9.797655e-07	5.161525e-10	6.616582e+00	3.358598e+01
9.500000e-07	1.059797e-06	7.854203e-10	7.157050e+00	5.095164e+01
9.600000e-07	1.139339e-06	1.054982e-09	7.694218e+00	6.845640e+01
9.700000e-07	1.218321e-06	1.322625e-09	8.227599e+00	8.608964e+01
9.800000e-07	1.296831e-06	1.593434e-09	8.757798e+00	1.038361e+02
9.900000e-07	1.374924e-06	1.869984e-09	9.285177e+00	1.216559e+02
1.000000e-06	1.452537e-06	2.143445e-09	9.809317e+00	1.394739e+02
1.010000e-06	1.529585e-06	2.409366e-09	1.032964e+01	1.571864e+02
1.020000e-06	1.606055e-06	2.669825e-09	1.084606e+01	1.746827e+02
1.030000e-06	1.682026e-06	2.931204e-09	1.135911e+01	1.918732e+02
1.040000e-06	1.757381e-06	3.192455e-09	1.186800e+01	2.087069e+02
1.050000e-06	1.831840e-06	3.445985e-09	1.237084e+01	2.251708e+02
1.060000e-06	1.905331e-06	3.689684e-09	1.286714e+01	2.412682e+02
1.070000e-06	1.978008e-06	3.927249e-09	1.335794e+01	2.569912e+02
1.080000e-06	2.050099e-06	4.163697e-09	1.384479e+01	2.723023e+02
1.090000e-06	2.121598e-06	4.392549e-09	1.432764e+01	2.871369e+02
1.100000e-06	2.192318e-06	4.607891e-09	1.480523e+01	3.014268e+02
1.110000e-06	2.262251e-06	4.810972e-09	1.527750e+01	3.151297e+02
1.120000e-06	2.331427e-06	5.009308e-09	1.574466e+01	3.282479e+02
1.130000e-06	2.399880e-06	5.203132e-09	1.620694e+01	3.408241e+02
1.140000e-06	2.467660e-06	5.387419e-09	1.666468e+01	3.529160e+02
1.150000e-06	2.534484e-06	5.562244e-09	1.711595e+01	3.645650e+02
1.160000e-06	2.600062e-06	5.732055e-09	1.755882e+01	3.757763e+02
1.170000e-06	2.664607e-06	5.898825e-09	1.799470e+01	3.865223e+02
1.180000e-06	2.728376e-06	6.057224e-09	1.842535e+01	3.967656e+02
1.190000e-06	2.791291e-06	6.203201e-09	1.885023e+01	4.064894e+02
1.200000e-06	2.853241e-06	6.338826e-09	1.926859e+01	4.157164e+02
1.210000e-06	2.914235e-06	6.473234e-09	1.968050e+01	4.245059e+02
1.220000e-06	2.974426e-06	6.605968e-09	2.008699e+01	4.329315e+02
1.230000e-06	3.033712e-06	6.731110e-09	2.048735e+01	4.410513e+02
1.240000e-06	3.091582e-06	6.847156e-09	2.087817e+01	4.488849e+02
1.250000e-06	3.148080e-06	6.960664e-09	2.125971e+01	4.564111e+02
1.260000e-06	3.203586e-06	7.072155e-09	2.163455e+01	4.635845e+02
1.270000e-06	3.258074e-06	7.176522e-09	2.200253e+01	4.703632e+02
1.280000e-06	3.311415e-06	7.271222e-09	2.236274e+01	4.767341e+02
1.290000e-06	3.363500e-06	7.359569e-09	2.271449e+01	4.827235e+02
1.300000e-06	3.414057e-06	7.446512e-09	2.305592e+01	4.883892e+02
1.310000e-06	3.463016e-06	7.530768e-09	2.338655e+01	4.937980e+02
1.320000e-06	3.510713e-06	7.610929e-09	2.370865e+01	4.990004e+02
1.330000e-06	3.557306e-06	7.685771e-09	2.402331e+01	5.040145e+02
1.340000e-06	3.602655e-06	7.757368e-09	2.432956e+01	5.088256e+02
1.350000e-06	3.646855e-06	7.826571e-09	2.462805e+01	5.134019e+02
1.360000e-06	3.689801e-06	7.891575e-09	2.491808e+01	5.177165e+02
1.370000e-06	3.731161e-06	7.951133e-09	2.519739e+01	5.217644e+02
1.380000e-06	3.771158e-06	8.006495e-09	2.546750e+01	5.255665e+02
1.390000e-06	3.809979e-06	8.061455e-09	2.572966e+01	5.291592e+02
1.400000e-06	3.847543e-06	8.115391e-09	2.598334e+01	5.325772e+02
1.410000e-06	3.883911e-06	8.164786e-09	2.622895e+01	5.358402e+02
1.420000e-06	3.918912e-06	8.210940e-09	2.646532e+01	5.389495e+02
1.430000e-06	3.952275e-06	8.256843e-09	2.669062e+01	5.418959e+02
1.440000e-06	3.984243e-06	8.302526e-09	2.690651e+01	5.446709e+02
1.450000e-06	4.015019e-06	8.344284e-09	2.711435e+01	5.472737e+02
1.460000e-06	4.044467e-06	8.378905e-09	2.731322e+01	5.497096e+02
1.470000e-06	4.072614e-06	8.408035e-09	2.750330e+01	5.519840e+02
1.480000e-06	4.099166e-06	8.437867e-09	2.768261e+01	5.540983e+02
1.490000e-06	4.123964e-06	8.470051e-09	2.785008e+01	5.560529e+02
1.500000e-06	4.147344e-06	8.499108e-09	2.800797e+01	5.578550e+02
1.510000e-06	4.169350e-06	8.522972e-09	2.815658e+01	5.595242e+02
1.520000e-06	4.190021e-06	8.544869e-09	2.829617e+01	5.610880e+02
1.530000e-06	4.209419e-06	8.567978e-09	2.842718e+01	5.625677e+02
1.540000e-06	4.227330e-06	8.591168e-09	2.854813e+01	5.639623e+02
1.550000e-06	4.243684e-06	8.610267e-09	2.865857e+01	5.652429e+02
1.560000e-06	4.258446e-06	8.623842e-09	2.875827e+01	5.663662e+02
1.570000e-06	4.271560e-06	8.635683e-09	2.884682e+01	5.673000e+02
1.580000e-06	4.283049e-06	8.647334e-09	2.892441e+01	5.680471e+02
1.590000e-06	4.292740e-06	8.657133e-09	2.898986e+01	5.686517e+02
1.600000e-06	4.300755e-06	8.664783e-09	2.904399e+01	5.691797e+02
1.610000e-06	4.307369e-06	8.671895e-09	2.908865e+01	5.696844e+02
1.620000e-06	4.312585e-06	8.680767e-09	2.912388e+01	5.701764e+02
1.630000e-06	4.316439e-06	8.689270e-09	2.914990e+01	5.706170e+02
1.640000e-06	4.318707e-06	8.693284e-09	2.916522e+01	5.709401e+02
1.650000e-06	4.319303e-06	8.691934e-09	2.916925e+01	5.710894e+02
1.660000e-06	4.318478e-06	8.689826e-09	2.916368e+01	5.710501e+02
1.670000e-06	4.316330e-06	8.685723e-09	2.914917e+01	5.708551e+02
1.680000e-06	4.312887e-06	8.682331e-09	2.912592e+01	5.705648e+02
1.690000e-06	4.308021e-06	8.678266e-09	2.909306e+01	5.702331e+02
1.700000e-06	4.301521e-06	8.674255e-09	2.904916e+01	5.698805e+02
1.710000e-06	4.293611e-06	8.670960e-09	2.899575e+01	5.694897e+02
1.720000e-06	4.284523e-06	8.660634e-09	2.893437e+01	5.690216e+02
1.730000e-06	4.274186e-06	8.672150e-09	2.886456e+01	5.684393e+02
1.740000e-06	4.262373e-06	8.673858e-09	2.878478e+01	5.677249e+02
1.750000e-06	4.248317e-06	8.620725e-09	2.868986e+01	5.668793e+02
1.760000e-06	4.231716e-06	8.586140e-09	2.857775e+01	5.659123e+02
1.770000e-06	4.213250e-06	8.534309e-09	2.845305e+01	5.648319e+02
1.780000e-06	4.193914e-06	8.630000e-09	2.832247e+01	5.636446e+02
1.790000e-06	4.174247e-06	8.639001e-09	2.818965e+01	5.623641e+02
1.800000e-06	4.153293e-06	8.440014e-09	2.804814e+01	5.610193e+02
1.810000e-06	4.130325e-06	8.554417e-09	2.789304e+01	5.596500e+02
1.820000e-06	4.106227e-06	8.579136e-09	2.773030e+01	5.582894e+02
1.830000e-06	4.080985e-06	8.395433e-09	2.755983e+01	5.569414e+02
1.840000e-06	4.053967e-06	8.496536e-09	2.737737e+01	5.555687e+02
1.850000e-06	4.025614e-06	8.489490e-09	2.718590e+01	5.541023e+02
1.860000e-06	3.995862e-06	8.302168e-09	2.698497e+01	5.524709e+02
1.870000e-06	3.964429e-06	8.429945e-09	2.677270e+01	5.506349e+02
1.880000e-06	3.931636e-06	8.440745e-09	2.655124e+01	5.486047e+02
1.890000e-06	3.897422e-06	8.273210e-09	2.632019e+01	5.464327e+02
1.900000e-06	3.861969e-06	8.324089e-09	2.608077e+01	5.441818e+02
1.910000e-06	3.825386e-06	8.258849e-09	2.583371e+01	5.418875e+02
1.920000e-06	3.787049e-06	8.212723e-09	2.557482e+01	5.395360e+02
1.930000e-06	3.747172e-06	8.252285e-09	2.530551e+01	5.370711e+02
1.940000e-06	3.706195e-06	8.108099e-09	2.502878e+01	5.344257e+02
1.950000e-06	3.663835e-06	8.091604e-09	2.474272e+01	5.315601e+02
1.960000e-06	3.620282e-06	8.102289e-09	2.444860e+01	5.284864e+02
1.970000e-06	3.575592e-06	8.004916e-09	2.414680e+01	5.252637e+02
1.980000e-06	3.529512e-06	7.987015e-09	2.383560e+01	5.219674e+02
1.990000e-06	3.482233e-06	7.890940e-09	2.351632e+01	5.186493e+02
2.000000e-06	3.433672e-06	7.845561e-09	2.318838e+01	5.153100e+02
2.010000e-06	3.383860e-06	7.832325e-09	2.285199e+01	5.118994e+02
2.020000e-06	3.332827e-06	7.758421e-09	2.250735e+01	5.083443e+02
2.030000e-06	3.280214e-06	7.716914e-09	2.215204e+01	5.045879e+02
2.040000e-06	3.226095e-06	7.611210e-09	2.178656e+01	5.006190e+02
2.050000e-06	3.170766e-06	7.584584e-09	2.141291e+01	4.964758e+02
2.060000e-06	3.114422e-06	7.543222e-09	2.103241e+01	4.922214e+02
2.070000e-06	3.056982e-06	7.430895e-09	2.064450e+01	4.879058e+02
2.080000e-06	2.998441e-06	7.384323e-09	2.024916e+01	4.835365e+02
2.090000e-06	2.939044e-06	7.295679e-09	1.984804e+01	4.790734e+02
2.100000e-06	2.878617e-06	7.253527e-09	1.943997e+01	4.744518e+02
2.110000e-06	2.816931e-06	7.199644e-09	1.902338e+01	4.696192e+02
2.120000e-06	2.754116e-06	7.083564e-09	1.859918e+01	4.645648e+02
2.130000e-06	2.690387e-06	7.009095e-09	1.816881e+01	4.593236e+02
2.140000e-06	2.625814e-06	6.924349e-09	1.773272e+01	4.539543e+02
2.150000e-06	2.560256e-06	6.862603e-09	1.728999e+01	4.485034e+02
2.160000e-06	2.493778e-06	6.772275e-09	1.684106e+01	4.429765e+02
2.170000e-06	2.426596e-06	6.665243e-09	1.638736e+01	4.373338e+02
2.180000e-06	2.358699e-06	6.590880e-09	1.592883e+01	4.315119e+02
2.190000e-06	2.289859e-06	6.496072e-09	1.546395e+01	4.254578e+02
2.200000e-06	2.219873e-06	6.413943e-09	1.499131e+01	4.191548e+02
2.210000e-06	2.148910e-06	6.301189e-09	1.451209e+01	4.126273e+02
2.220000e-06	2.077217e-06	6.188112e-09	1.402792e+01	4.059218e+02
2.230000e-06	2.004923e-06	6.097100e-09	1.353971e+01	3.990779e+02
2.240000e-06	1.932021e-06	5.992879e-09	1.304738e+01	3.921060e+02
2.250000e-06	1.858442e-06	5.892598e-09	1.255049e+01	3.849835e+02
2.260000e-06	1.784197e-06	5.763146e-09	1.204910e+01	3.776699e+02
2.270000e-06	1.709272e-06	5.645683e-09	1.154311e+01	3.701290e+02
2.280000e-06	1.633707e-06	5.539377e-09	1.103280e+01	3.623460e+02
2.290000e-06	1.557526e-06	5.422515e-09	1.051833e+01	3.543298e+02
2.300000e-06	1.480645e-06	5.291650e-09	9.999139e+00	3.461028e+02
2.310000e-06	1.402979e-06	5.147775e-09	9.474642e+00	3.376856e+02
2.320000e-06	1.324535e-06	5.026203e-09	8.944889e+00	3.290845e+02
2.330000e-06	1.245559e-06	4.899770e-09	8.411548e+00	3.202880e+02
2.340000e-06	1.166241e-06	4.760607e-09	7.875894e+00	3.112713e+02
2.350000e-06	1.086623e-06	4.609242e-09	7.338218e+00	3.020044e+02
2.360000e-06	1.006718e-06	4.458910e-09	6.798599e+00	2.924604e+02
2.370000e-06	9.264910e-07	4.320115e-09	6.256807e+00	2.826219e+02
2.380000e-06	8.459900e-07	4.171616e-09	5.713165e+00	2.724850e+02
2.390000e-06	7.651727e-07	4.011181e-09	5.167387e+00	2.620598e+02
2.400000e-06	6.840294e-07	3.840434e-09	4.619408e+00	2.513658e+02
2.410000e-06	6.026743e-07	3.673243e-09	4.069998e+00	2.404231e+02
2.420000e-06	5.212099e-07	3.509619e-09	3.519850e+00	2.292404e+02
2.430000e-06	4.396003e-07	3.335300e-09	2.968722e+00	2.178062e+02
2.440000e-06	3.577748e-07	3.148204e-09	2.416135e+00	2.060874e+02
2.450000e-06	2.758023e-07	2.959123e-09	1.862557e+00	1.940392e+02
2.460000e-06	1.938062e-07	2.775509e-09	1.308818e+00	1.816220e+02
2.470000e-06	1.118638e-07	2.588525e-09	7.554422e-01	1.688176e+02
2.480000e-06	2.985965e-08	2.386309e-09	2.016491e-01	1.556355e+02
2.490000e-06	-5.221094e-08	2.171869e-09	-3.525925e-01	1.421071e+02
2.500000e-06	-1.341902e-07	1.958650e-09	-9.062170e-01	1.282689e+02
2.510000e-06	-2.160799e-07	1.747722e-09	-1.459237e+00	1.141429e+02
2.520000e-06	-2.978960e-07	1.529719e-09	-2.011760e+00	9.972496e+01
2.530000e-06	-3.796391e-07	1.301715e-09	-2.563790e+00	8.498503e+01
2.540000e-06	-4.612627e-07	1.070388e-09	-3.115013e+00	6.988002e+01
2.550000e-06	-5.426515e-07	8.383202e-10	-3.664650e+00	5.437260e+01
2.560000e-06	-6.238678e-07	6.021199e-10	-4.213123e+00	3.844861e+01
2.570000e-06	-7.049170e-07	3.532578e-10	-4.760467e+00	2.212622e+01
2.580000e-06	-7.856988e-07	9.201288e-11	-5.306005e+00	5.453622e+00
2.590000e-06	-8.662143e-07	-1.697039e-10	-5.849744e+00	-1.150343e+01
2.600000e-06	-9.464137e-07	-4.278567e-10	-6.391350e+00	-2.867929e+01
2.610000e-06	-1.026272e-06	-6.873970e-10	-6.930648e+00	-4.602412e+01
2.620000e-06	-1.105885e-06	-9.561792e-10	-7.468295e+00	-6.351039e+01
2.630000e-06	-1.185268e-06	-1.228147e-09	-8.004390e+00	-8.112643e+01
2.640000e-06	-1.264286e-06	-1.496182e-09	-8.538011e+00	-9.885897e+01
2.650000e-06	-1.342731e-06	-1.763256e-09	-9.067773e+00	-1.166726e+02
2.660000e-06	-1.420434e-06	-2.034684e-09	-9.592517e+00	-1.344973e+02
2.670000e-06	-1.497302e-06	-2.310012e-09	-1.011163e+01	-1.522324e+02
2.680000e-06	-1.573416e-06	-2.579957e-09	-1.062564e+01	-1.697664e+02
2.690000e-06	-1.648945e-06	-2.840509e-09	-1.113571e+01	-1.870052e+02
2.700000e-06	-1.723902e-06	-3.095799e-09	-1.164191e+01	-2.038920e+02
2.710000e-06	-1.798227e-06	-3.350153e-09	-1.214384e+01	-2.204092e+02
2.720000e-06	-1.871917e-06	-3.598788e-09	-1.264149e+01	-2.365594e+02
2.730000e-06	-1.944948e-06	-3.836758e-09	-1.313468e+01	-2.523380e+02
2.740000e-06	-2.017276e-06	-4.065612e-09	-1.362313e+01	-2.677120e+02
2.750000e-06	-2.088996e-06	-4.292250e-09	-1.410747e+01	-2.826197e+02
2.760000e-06	-2.160140e-06	-4.517566e-09	-1.458793e+01	-2.969914e+02
2.770000e-06	-2.230467e-06	-4.732764e-09	-1.506286e+01	-3.107797e+02
2.780000e-06	-2.299748e-06	-4.933971e-09	-1.553073e+01	-3.239801e+02
2.790000e-06	-2.368045e-06	-5.125236e-09	-1.599195e+01	-3.366308e+02
2.800000e-06	-2.435551e-06	-5.313159e-09	-1.644784e+01	-3.487892e+02
2.810000e-06	-2.502294e-06	-5.496498e-09	-1.689857e+01	-3.605008e+02
2.820000e-06	-2.568154e-06	-5.668465e-09	-1.734333e+01	-3.717763e+02
2.830000e-06	-2.633130e-06	-5.828385e-09	-1.778214e+01	-3.825917e+02
2.840000e-06	-2.697266e-06	-5.983336e-09	-1.821526e+01	-3.929092e+02
2.850000e-06	-2.760624e-06	-6.136950e-09	-1.864313e+01	-4.027075e+02
2.860000e-06	-2.822945e-06	-6.284216e-09	-1.906400e+01	-4.120030e+02
2.870000e-06	-2.883880e-06	-6.418921e-09	-1.947551e+01	-4.208510e+02
2.880000e-06	-2.943725e-06	-6.544460e-09	-1.987966e+01	-4.293250e+02
2.890000e-06	-3.002801e-06	-6.669186e-09	-2.027860e+01	-4.374868e+02
2.900000e-06	-3.060896e-06	-6.792864e-09	-2.067094e+01	-4.453623e+02
2.910000e-06	-3.117869e-06	-6.909276e-09	-2.105568e+01	-4.529355e+02
2.920000e-06	-3.173818e-06	-7.016802e-09	-2.143352e+01	-4.601628e+02
2.930000e-06	-3.228687e-06	-7.119586e-09	-2.180407e+01	-4.670002e+02
2.940000e-06	-3.282094e-06	-7.219034e-09	-2.216474e+01	-4.734292e+02
2.950000e-06	-3.333981e-06	-7.313658e-09	-2.251514e+01	-4.794707e+02
2.960000e-06	-3.384620e-06	-7.402463e-09	-2.285712e+01	-4.851790e+02
2.970000e-06	-3.434006e-06	-7.485574e-09	-2.319063e+01	-4.906213e+02
2.980000e-06	-3.481818e-06	-7.565899e-09	-2.351352e+01	-4.958519e+02
2.990000e-06	-3.528074e-06	-7.644599e-09	-2.382589e+01	-5.008937e+02
3.000000e-06	-3.573160e-06	-7.719493e-09	-2.413037e+01	-5.057361e+02
3.010000e-06	-3.617184e-06	-7.788519e-09	-2.442768e+01	-5.103485e+02
3.020000e-06	-3.660238e-06	-7.854467e-09	-2.471843e+01	-5.147020e+02
3.030000e-06	-3.702218e-06	-7.918352e-09	-2.500193e+01	-5.187878e+02
3.040000e-06	-3.742897e-06	-7.978702e-09	-2.527664e+01	-5.226235e+02
3.050000e-06	-3.782383e-06	-8.034573e-09	-2.554330e+01	-5.262443e+02
3.060000e-06	-3.820529e-06	-8.086966e-09	-2.580091e+01	-5.296863e+02
3.070000e-06	-3.856994e-06	-8.135651e-09	-2.604717e+01	-5.329715e+02
3.080000e-06	-3.892079e-06	-8.183173e-09	-2.628410e+01	-5.361038e+02
3.090000e-06	-3.925995e-06	-8.228237e-09	-2.651315e+01	-5.390746e+02
3.100000e-06	-3.958567e-06	-8.269189e-09	-2.673311e+01	-5.418750e+02
3.110000e-06	-3.989836e-06	-8.308118e-09	-2.694428e+01	-5.445027e+02
3.120000e-06	-4.019559e-06	-8.346349e-09	-2.714501e+01	-5.469626e+02
3.130000e-06	-4.047636e-06	-8.383964e-09	-2.733461e+01	-5.492604e+02
3.140000e-06	-4.074394e-06	-8.418099e-09	-2.751532e+01	-5.513982e+02
3.150000e-06	-4.099793e-06	-8.449674e-09	-2.768684e+01	-5.533760e+02
3.160000e-06	-4.123808e-06	-8.477897e-09	-2.784903e+01	-5.551996e+02
3.170000e-06	-4.146358e-06	-8.503854e-09	-2.800131e+01	-5.568867e+02
3.180000e-06	-4.167199e-06	-8.527714e-09	-2.814205e+01	-5.584645e+02
3.190000e-06	-4.186577e-06	-8.550561e-09	-2.827292e+01	-5.599562e+02
3.200000e-06	-4.204689e-06	-8.570740e-09	-2.839523e+01	-5.613646e+02
3.210000e-06	-4.221373e-06	-8.590522e-09	-2.850790e+01	-5.626647e+02
3.220000e-06	-4.236548e-06	-8.610344e-09	-2.861038e+01	-5.638136e+02
3.230000e-06	-4.249955e-06	-8.626814e-09	-2.870093e+01	-5.647757e+02
3.240000e-06	-4.261597e-06	-8.638733e-09	-2.877954e+01	-5.655483e+02
3.250000e-06	-4.271714e-06	-8.646308e-09	-2.884787e+01	-5.661700e+02
3.260000e-06	-4.280341e-06	-8.653371e-09	-2.890613e+01	-5.667055e+02
3.270000e-06	-4.287586e-06	-8.661651e-09	-2.895506e+01	-5.672122e+02
3.280000e-06	-4.293230e-06	-8.670248e-09	-2.899317e+01	-5.677079e+02
3.290000e-06	-4.297229e-06	-8.676872e-09	-2.902018e+01	-5.681602e+02
3.300000e-06	-4.299876e-06	-8.680836e-09	-2.903805e+01	-5.685048e+02
3.310000e-06	-4.301141e-06	-8.682882e-09	-2.904659e+01	-5.686816e+02
3.320000e-06	-4.301014e-06	-8.683120e-09	-2.904574e+01	-5.686688e+02
