# Temperatura_=_20.0
# Concentracion g/m^3_=_10000.0
# C_Vs_to_Am_M_A/Vsm_=_65563218390.804596
# pendiente_HvsI_1/m_=_3716.3
# ordenada_HvsI_A/m_=_1297.0
# frecuencia_Hz_=_300943.96097040584

Tiempo_(s)	Campo_(V.s)	Magnetizacion_(V.s)	Campo_(kA/m)	Magnetizacion_(A/m)
0.000000e+00	-4.290196e-06	-8.695218e-09	-2.903577e+01	-5.691369e+02
1.000000e-08	-4.288023e-06	-8.694417e-09	-2.902106e+01	-5.688005e+02
2.000000e-08	-4.284307e-06	-8.687645e-09	-2.899591e+01	-5.683837e+02
3.000000e-08	-4.279263e-06	-8.678146e-09	-2.896177e+01	-5.679885e+02
4.000000e-08	-4.272957e-06	-8.673864e-09	-2.891909e+01	-5.676635e+02
5.000000e-08	-4.265333e-06	-8.673562e-09	-2.886750e+01	-5.673826e+02
6.000000e-08	-4.256357e-06	-8.671534e-09	-2.880674e+01	-5.670574e+02
7.000000e-08	-4.245739e-06	-8.667458e-09	-2.873488e+01	-5.665764e+02
8.000000e-08	-4.233253e-06	-8.627831e-09	-2.865038e+01	-5.658542e+02
9.000000e-08	-4.218693e-06	-8.597826e-09	-2.855184e+01	-5.648689e+02
1.000000e-07	-4.201941e-06	-8.604907e-09	-2.843846e+01	-5.636712e+02
1.100000e-07	-4.183527e-06	-8.606434e-09	-2.831384e+01	-5.623625e+02
1.200000e-07	-4.164034e-06	-8.641958e-09	-2.818191e+01	-5.610520e+02
1.300000e-07	-4.143680e-06	-8.532565e-09	-2.804415e+01	-5.598121e+02
1.400000e-07	-4.122278e-06	-8.452365e-09	-2.789930e+01	-5.586528e+02
1.500000e-07	-4.099654e-06	-8.602031e-09	-2.774619e+01	-5.575246e+02
1.600000e-07	-4.075703e-06	-8.513423e-09	-2.758409e+01	-5.563470e+02
1.700000e-07	-4.050002e-06	-8.413645e-09	-2.741015e+01	-5.550467e+02
1.800000e-07	-4.022615e-06	-8.525736e-09	-2.722480e+01	-5.535860e+02
1.900000e-07	-3.994087e-06	-8.415482e-09	-2.703172e+01	-5.519689e+02
2.000000e-07	-3.964302e-06	-8.340309e-09	-2.683014e+01	-5.502252e+02
2.100000e-07	-3.933092e-06	-8.452504e-09	-2.661891e+01	-5.483849e+02
2.200000e-07	-3.900655e-06	-8.338057e-09	-2.639938e+01	-5.464588e+02
2.300000e-07	-3.866787e-06	-8.253677e-09	-2.617016e+01	-5.444340e+02
2.400000e-07	-3.831373e-06	-8.304064e-09	-2.593048e+01	-5.422855e+02
2.500000e-07	-3.794519e-06	-8.205038e-09	-2.568106e+01	-5.399906e+02
2.600000e-07	-3.756211e-06	-8.203396e-09	-2.542179e+01	-5.375377e+02
2.700000e-07	-3.716715e-06	-8.202416e-09	-2.515448e+01	-5.349237e+02
2.800000e-07	-3.676119e-06	-8.065222e-09	-2.487973e+01	-5.321466e+02
2.900000e-07	-3.634051e-06	-8.062913e-09	-2.459502e+01	-5.292010e+02
3.000000e-07	-3.590409e-06	-8.073503e-09	-2.429965e+01	-5.260840e+02
3.100000e-07	-3.545417e-06	-7.954792e-09	-2.399515e+01	-5.228062e+02
3.200000e-07	-3.499257e-06	-7.898768e-09	-2.368274e+01	-5.193999e+02
3.300000e-07	-3.451973e-06	-7.885736e-09	-2.336273e+01	-5.159127e+02
3.400000e-07	-3.403343e-06	-7.812078e-09	-2.303360e+01	-5.123879e+02
3.500000e-07	-3.353043e-06	-7.761242e-09	-2.269318e+01	-5.088408e+02
3.600000e-07	-3.301120e-06	-7.731653e-09	-2.234176e+01	-5.052454e+02
3.700000e-07	-3.247923e-06	-7.636405e-09	-2.198173e+01	-5.015421e+02
3.800000e-07	-3.193658e-06	-7.560667e-09	-2.161446e+01	-4.976643e+02
3.900000e-07	-3.138373e-06	-7.547006e-09	-2.124030e+01	-4.935693e+02
4.000000e-07	-3.082127e-06	-7.469068e-09	-2.085964e+01	-4.892578e+02
4.100000e-07	-3.024809e-06	-7.380892e-09	-2.047171e+01	-4.847705e+02
4.200000e-07	-2.966201e-06	-7.317356e-09	-2.007506e+01	-4.801664e+02
4.300000e-07	-2.906294e-06	-7.245519e-09	-1.966961e+01	-4.754935e+02
4.400000e-07	-2.845329e-06	-7.193517e-09	-1.925700e+01	-4.707684e+02
4.500000e-07	-2.783463e-06	-7.111213e-09	-1.883830e+01	-4.659721e+02
4.600000e-07	-2.720686e-06	-7.016230e-09	-1.841342e+01	-4.610617e+02
4.700000e-07	-2.657086e-06	-6.946497e-09	-1.798298e+01	-4.559883e+02
4.800000e-07	-2.592656e-06	-6.881766e-09	-1.754692e+01	-4.507136e+02
4.900000e-07	-2.527100e-06	-6.797575e-09	-1.710325e+01	-4.452187e+02
5.000000e-07	-2.460305e-06	-6.699567e-09	-1.665118e+01	-4.395070e+02
5.100000e-07	-2.392576e-06	-6.604816e-09	-1.619280e+01	-4.336006e+02
5.200000e-07	-2.324174e-06	-6.516945e-09	-1.572986e+01	-4.275334e+02
5.300000e-07	-2.255078e-06	-6.437097e-09	-1.526222e+01	-4.213398e+02
5.400000e-07	-2.185248e-06	-6.341240e-09	-1.478961e+01	-4.150412e+02
5.500000e-07	-2.114653e-06	-6.226399e-09	-1.431184e+01	-4.086347e+02
5.600000e-07	-2.043330e-06	-6.124023e-09	-1.382913e+01	-4.020895e+02
5.700000e-07	-1.971377e-06	-6.033786e-09	-1.334215e+01	-3.953557e+02
5.800000e-07	-1.898744e-06	-5.929158e-09	-1.285058e+01	-3.883826e+02
5.900000e-07	-1.825326e-06	-5.812177e-09	-1.235369e+01	-3.811392e+02
6.000000e-07	-1.751079e-06	-5.690196e-09	-1.185119e+01	-3.736262e+02
6.100000e-07	-1.676002e-06	-5.578573e-09	-1.134307e+01	-3.658744e+02
6.200000e-07	-1.600139e-06	-5.469887e-09	-1.082963e+01	-3.579288e+02
6.300000e-07	-1.523652e-06	-5.344615e-09	-1.031197e+01	-3.498293e+02
6.400000e-07	-1.446684e-06	-5.207275e-09	-9.791061e+00	-3.415948e+02
6.500000e-07	-1.369243e-06	-5.073901e-09	-9.266948e+00	-3.332182e+02
6.600000e-07	-1.291297e-06	-4.953224e-09	-8.739415e+00	-3.246698e+02
6.700000e-07	-1.212792e-06	-4.828016e-09	-8.208099e+00	-3.159070e+02
6.800000e-07	-1.133752e-06	-4.687725e-09	-7.673157e+00	-3.068829e+02
6.900000e-07	-1.054193e-06	-4.535547e-09	-7.134712e+00	-2.975554e+02
7.000000e-07	-9.741182e-07	-4.387714e-09	-6.592768e+00	-2.878956e+02
7.100000e-07	-8.935814e-07	-4.241890e-09	-6.047700e+00	-2.778965e+02
7.200000e-07	-8.126522e-07	-4.083862e-09	-5.499977e+00	-2.675777e+02
7.300000e-07	-7.314967e-07	-3.914399e-09	-4.950722e+00	-2.569812e+02
7.400000e-07	-6.502149e-07	-3.744959e-09	-4.400612e+00	-2.461556e+02
7.500000e-07	-5.687254e-07	-3.585459e-09	-3.849096e+00	-2.351329e+02
7.600000e-07	-4.870439e-07	-3.424203e-09	-3.296281e+00	-2.239081e+02
7.700000e-07	-4.052544e-07	-3.247551e-09	-2.742735e+00	-2.124351e+02
7.800000e-07	-3.234250e-07	-3.057459e-09	-2.188919e+00	-2.006410e+02
7.900000e-07	-2.415318e-07	-2.869707e-09	-1.634672e+00	-1.884555e+02
8.000000e-07	-1.595515e-07	-2.683371e-09	-1.079834e+00	-1.758409e+02
8.100000e-07	-7.752208e-08	-2.489483e-09	-5.246643e-01	-1.628068e+02
8.200000e-07	4.544190e-09	-2.283241e-09	3.075478e-02	-1.494025e+02
8.300000e-07	8.662693e-08	-2.070244e-09	5.862854e-01	-1.356914e+02
8.400000e-07	1.686919e-07	-1.859369e-09	1.141696e+00	-1.217200e+02
8.500000e-07	2.506986e-07	-1.645752e-09	1.696711e+00	-1.074960e+02
8.600000e-07	3.325773e-07	-1.422159e-09	2.250861e+00	-9.298494e+01
8.700000e-07	4.143147e-07	-1.187089e-09	2.804054e+00	-7.812473e+01
8.800000e-07	4.959876e-07	-9.504876e-10	3.356811e+00	-6.285131e+01
8.900000e-07	5.775562e-07	-7.150682e-10	3.908862e+00	-4.712482e+01
9.000000e-07	6.589406e-07	-4.729443e-10	4.459666e+00	-3.094739e+01
9.100000e-07	7.400959e-07	-2.185923e-10	5.008920e+00	-1.436695e+01
9.200000e-07	8.210251e-07	4.387060e-11	5.556644e+00	2.534052e+00
9.300000e-07	9.016886e-07	3.042765e-10	6.102569e+00	1.966170e+01
9.400000e-07	9.820346e-07	5.621346e-10	6.646346e+00	3.693746e+01
9.500000e-07	1.061892e-06	8.253684e-10	7.186813e+00	5.431819e+01
9.600000e-07	1.141160e-06	1.099111e-09	7.723294e+00	7.179945e+01
9.700000e-07	1.219909e-06	1.374275e-09	8.256263e+00	8.939884e+01
9.800000e-07	1.298225e-06	1.643584e-09	8.786303e+00	1.071256e+02
9.900000e-07	1.376147e-06	1.910941e-09	9.313672e+00	1.249509e+02
1.000000e-06	1.453569e-06	2.182672e-09	9.837660e+00	1.427954e+02
1.010000e-06	1.530423e-06	2.456806e-09	1.035781e+01	1.605407e+02
1.020000e-06	1.606741e-06	2.724467e-09	1.087432e+01	1.780607e+02
1.030000e-06	1.682533e-06	2.983038e-09	1.138727e+01	1.952551e+02
1.040000e-06	1.757638e-06	3.237781e-09	1.189558e+01	2.120683e+02
1.050000e-06	1.831771e-06	3.493196e-09	1.239730e+01	2.284839e+02
1.060000e-06	1.904901e-06	3.744276e-09	1.289225e+01	2.445012e+02
1.070000e-06	1.977325e-06	3.981861e-09	1.338240e+01	2.601102e+02
1.080000e-06	2.049237e-06	4.206916e-09	1.386910e+01	2.752805e+02
1.090000e-06	2.120484e-06	4.428124e-09	1.435130e+01	2.899687e+02
1.100000e-06	2.190916e-06	4.647406e-09	1.482798e+01	3.041377e+02
1.110000e-06	2.260570e-06	4.855256e-09	1.529939e+01	3.177714e+02
1.120000e-06	2.329462e-06	5.050775e-09	1.576564e+01	3.308754e+02
1.130000e-06	2.397715e-06	5.239798e-09	1.622758e+01	3.434637e+02
1.140000e-06	2.465331e-06	5.427896e-09	1.668520e+01	3.555435e+02
1.150000e-06	2.531926e-06	5.609926e-09	1.713591e+01	3.671092e+02
1.160000e-06	2.597220e-06	5.780160e-09	1.757781e+01	3.781514e+02
1.170000e-06	2.661540e-06	5.938430e-09	1.801313e+01	3.886734e+02
1.180000e-06	2.725167e-06	6.089078e-09	1.844375e+01	3.987021e+02
1.190000e-06	2.787892e-06	6.235202e-09	1.886827e+01	4.082854e+02
1.200000e-06	2.849630e-06	6.373554e-09	1.928611e+01	4.174746e+02
1.210000e-06	2.910483e-06	6.505676e-09	1.969796e+01	4.263049e+02
1.220000e-06	2.970574e-06	6.633096e-09	2.010465e+01	4.347857e+02
1.230000e-06	3.029653e-06	6.759663e-09	2.050449e+01	4.429054e+02
1.240000e-06	3.087285e-06	6.881693e-09	2.089454e+01	4.506474e+02
1.250000e-06	3.143671e-06	6.996536e-09	2.127616e+01	4.580048e+02
1.260000e-06	3.199119e-06	7.100554e-09	2.165143e+01	4.649859e+02
1.270000e-06	3.253516e-06	7.197535e-09	2.201958e+01	4.716085e+02
1.280000e-06	3.306721e-06	7.291091e-09	2.237967e+01	4.778913e+02
1.290000e-06	3.358623e-06	7.380015e-09	2.273094e+01	4.838514e+02
1.300000e-06	3.408970e-06	7.464458e-09	2.307168e+01	4.895079e+02
1.310000e-06	3.457823e-06	7.546007e-09	2.340232e+01	4.948892e+02
1.320000e-06	3.505451e-06	7.628156e-09	2.372466e+01	5.000327e+02
1.330000e-06	3.551871e-06	7.709510e-09	2.403883e+01	5.049741e+02
1.340000e-06	3.597090e-06	7.785314e-09	2.434487e+01	5.097301e+02
1.350000e-06	3.641225e-06	7.850927e-09	2.464357e+01	5.142865e+02
1.360000e-06	3.683994e-06	7.910128e-09	2.493303e+01	5.186038e+02
1.370000e-06	3.725192e-06	7.967877e-09	2.521185e+01	5.226386e+02
1.380000e-06	3.765087e-06	8.023591e-09	2.548186e+01	5.263739e+02
1.390000e-06	3.803738e-06	8.075052e-09	2.574345e+01	5.298377e+02
1.400000e-06	3.841126e-06	8.123336e-09	2.599649e+01	5.330999e+02
1.410000e-06	3.877361e-06	8.171955e-09	2.624172e+01	5.362452e+02
1.420000e-06	3.912223e-06	8.222705e-09	2.647767e+01	5.393349e+02
1.430000e-06	3.945494e-06	8.273263e-09	2.670285e+01	5.423779e+02
1.440000e-06	3.977335e-06	8.318532e-09	2.691834e+01	5.453255e+02
1.450000e-06	4.007862e-06	8.357151e-09	2.712495e+01	5.480933e+02
1.460000e-06	4.037124e-06	8.390430e-09	2.732299e+01	5.506010e+02
1.470000e-06	4.065059e-06	8.421688e-09	2.751206e+01	5.528112e+02
1.480000e-06	4.091376e-06	8.452604e-09	2.769017e+01	5.547486e+02
1.490000e-06	4.116056e-06	8.480650e-09	2.785720e+01	5.564930e+02
1.500000e-06	4.139329e-06	8.505701e-09	2.801471e+01	5.581475e+02
1.510000e-06	4.161211e-06	8.530415e-09	2.816281e+01	5.597958e+02
1.520000e-06	4.181806e-06	8.557396e-09	2.830219e+01	5.614675e+02
1.530000e-06	4.201144e-06	8.583183e-09	2.843306e+01	5.631249e+02
1.540000e-06	4.218990e-06	8.603469e-09	2.855385e+01	5.646796e+02
1.550000e-06	4.235215e-06	8.619973e-09	2.866366e+01	5.660305e+02
1.560000e-06	4.249846e-06	8.635003e-09	2.876268e+01	5.671098e+02
1.570000e-06	4.262905e-06	8.648755e-09	2.885106e+01	5.679155e+02
1.580000e-06	4.274283e-06	8.657274e-09	2.892807e+01	5.685154e+02
1.590000e-06	4.283848e-06	8.661816e-09	2.899280e+01	5.690194e+02
1.600000e-06	4.291791e-06	8.669930e-09	2.904656e+01	5.695319e+02
1.610000e-06	4.298318e-06	8.683461e-09	2.909073e+01	5.701050e+02
1.620000e-06	4.303476e-06	8.696864e-09	2.912564e+01	5.707148e+02
1.630000e-06	4.307239e-06	8.704947e-09	2.915111e+01	5.712733e+02
1.640000e-06	4.309390e-06	8.707752e-09	2.916567e+01	5.716686e+02
1.650000e-06	4.309919e-06	8.708549e-09	2.916925e+01	5.718176e+02
1.660000e-06	4.309013e-06	8.707934e-09	2.916312e+01	5.717045e+02
1.670000e-06	4.306764e-06	8.701689e-09	2.914790e+01	5.713880e+02
1.680000e-06	4.303218e-06	8.690577e-09	2.912390e+01	5.709746e+02
1.690000e-06	4.298237e-06	8.682762e-09	2.909019e+01	5.705707e+02
1.700000e-06	4.291680e-06	8.681314e-09	2.904581e+01	5.702345e+02
1.710000e-06	4.283740e-06	8.681086e-09	2.899207e+01	5.699505e+02
1.720000e-06	4.274589e-06	8.669757e-09	2.893014e+01	5.696374e+02
1.730000e-06	4.264192e-06	8.652123e-09	2.885977e+01	5.691840e+02
1.740000e-06	4.252204e-06	8.690175e-09	2.877864e+01	5.684984e+02
1.750000e-06	4.237990e-06	8.671048e-09	2.868244e+01	5.675481e+02
1.760000e-06	4.221312e-06	8.634541e-09	2.856956e+01	5.663743e+02
1.770000e-06	4.202789e-06	8.548556e-09	2.844420e+01	5.650734e+02
1.780000e-06	4.183504e-06	8.539846e-09	2.831368e+01	5.637564e+02
1.790000e-06	4.163776e-06	8.670869e-09	2.818016e+01	5.625032e+02
1.800000e-06	4.142651e-06	8.539007e-09	2.803719e+01	5.613333e+02
1.810000e-06	4.119675e-06	8.455796e-09	2.788169e+01	5.602042e+02
1.820000e-06	4.095562e-06	8.603567e-09	2.771850e+01	5.590377e+02
1.830000e-06	4.070239e-06	8.498015e-09	2.754711e+01	5.577572e+02
1.840000e-06	4.043228e-06	8.403553e-09	2.736430e+01	5.563190e+02
1.850000e-06	4.014843e-06	8.553855e-09	2.717219e+01	5.547217e+02
1.860000e-06	3.984971e-06	8.425651e-09	2.697002e+01	5.529929e+02
1.870000e-06	3.953499e-06	8.326145e-09	2.675702e+01	5.511642e+02
1.880000e-06	3.920704e-06	8.452418e-09	2.653507e+01	5.492496e+02
1.890000e-06	3.886493e-06	8.334392e-09	2.630353e+01	5.472394e+02
1.900000e-06	3.851090e-06	8.320946e-09	2.606393e+01	5.451091e+02
1.910000e-06	3.814505e-06	8.353117e-09	2.581632e+01	5.428351e+02
1.920000e-06	3.776217e-06	8.160717e-09	2.555719e+01	5.404040e+02
1.930000e-06	3.736464e-06	8.244700e-09	2.528814e+01	5.378121e+02
1.940000e-06	3.695499e-06	8.238063e-09	2.501089e+01	5.350575e+02
1.950000e-06	3.653163e-06	8.043800e-09	2.472437e+01	5.321353e+02
1.960000e-06	3.609676e-06	8.100459e-09	2.443005e+01	5.290415e+02
1.970000e-06	3.565069e-06	8.059446e-09	2.412815e+01	5.257842e+02
1.980000e-06	3.519140e-06	7.965082e-09	2.381731e+01	5.223926e+02
1.990000e-06	3.471934e-06	7.940911e-09	2.349782e+01	5.189128e+02
2.000000e-06	3.423410e-06	7.860428e-09	2.316941e+01	5.153906e+02
2.010000e-06	3.373621e-06	7.804741e-09	2.283244e+01	5.118463e+02
2.020000e-06	3.322631e-06	7.745915e-09	2.248735e+01	5.082598e+02
2.030000e-06	3.270168e-06	7.732022e-09	2.213228e+01	5.045751e+02
2.040000e-06	3.216171e-06	7.664274e-09	2.176683e+01	5.007247e+02
2.050000e-06	3.160907e-06	7.550846e-09	2.139281e+01	4.966608e+02
2.060000e-06	3.104645e-06	7.534245e-09	2.101203e+01	4.923774e+02
2.070000e-06	3.047290e-06	7.451709e-09	2.062386e+01	4.879107e+02
2.080000e-06	2.988790e-06	7.390376e-09	2.022793e+01	4.833188e+02
2.090000e-06	2.929395e-06	7.315592e-09	1.982595e+01	4.786529e+02
2.100000e-06	2.869015e-06	7.201124e-09	1.941731e+01	4.739345e+02
2.110000e-06	2.807446e-06	7.189948e-09	1.900061e+01	4.691496e+02
2.120000e-06	2.744763e-06	7.098811e-09	1.857637e+01	4.642575e+02
2.130000e-06	2.681151e-06	7.007334e-09	1.814585e+01	4.592092e+02
2.140000e-06	2.616647e-06	6.931939e-09	1.770929e+01	4.539638e+02
2.150000e-06	2.551170e-06	6.833501e-09	1.726615e+01	4.484997e+02
2.160000e-06	2.484799e-06	6.780846e-09	1.681696e+01	4.428169e+02
2.170000e-06	2.417703e-06	6.679296e-09	1.636286e+01	4.369354e+02
2.180000e-06	2.349941e-06	6.580199e-09	1.590424e+01	4.308880e+02
2.190000e-06	2.281295e-06	6.468059e-09	1.543965e+01	4.247096e+02
2.200000e-06	2.211441e-06	6.377153e-09	1.496689e+01	4.184245e+02
2.210000e-06	2.140513e-06	6.305072e-09	1.448685e+01	4.120337e+02
2.220000e-06	2.068887e-06	6.188328e-09	1.400209e+01	4.055100e+02
2.230000e-06	1.996675e-06	6.086977e-09	1.351336e+01	3.988055e+02
2.240000e-06	1.923848e-06	5.975604e-09	1.302048e+01	3.918681e+02
2.250000e-06	1.850415e-06	5.876429e-09	1.252349e+01	3.846630e+02
2.260000e-06	1.776343e-06	5.770286e-09	1.202218e+01	3.771862e+02
2.270000e-06	1.701583e-06	5.634805e-09	1.151620e+01	3.694648e+02
2.280000e-06	1.626187e-06	5.509920e-09	1.100592e+01	3.615431e+02
2.290000e-06	1.550190e-06	5.389671e-09	1.049158e+01	3.534628e+02
2.300000e-06	1.473508e-06	5.279346e-09	9.972603e+00	3.452465e+02
2.310000e-06	1.396012e-06	5.148532e-09	9.448119e+00	3.368904e+02
2.320000e-06	1.317755e-06	5.005006e-09	8.918480e+00	3.283680e+02
2.330000e-06	1.238915e-06	4.870262e-09	8.384899e+00	3.196376e+02
2.340000e-06	1.159640e-06	4.738326e-09	7.848370e+00	3.106527e+02
2.350000e-06	1.080071e-06	4.605377e-09	7.309851e+00	3.013696e+02
2.360000e-06	1.000268e-06	4.449420e-09	6.769748e+00	2.917573e+02
2.370000e-06	9.202273e-07	4.292109e-09	6.228038e+00	2.818050e+02
2.380000e-06	8.399406e-07	4.141738e-09	5.684663e+00	2.715287e+02
2.390000e-06	7.592802e-07	3.987800e-09	5.138759e+00	2.609678e+02
2.400000e-06	6.782238e-07	3.824180e-09	4.590174e+00	2.501714e+02
2.410000e-06	5.969336e-07	3.644726e-09	4.040007e+00	2.391750e+02
2.420000e-06	5.155361e-07	3.470612e-09	3.489114e+00	2.279800e+02
2.430000e-06	4.340640e-07	3.303157e-09	2.937717e+00	2.165456e+02
2.440000e-06	3.524463e-07	3.130065e-09	2.385334e+00	2.048010e+02
2.450000e-06	2.707225e-07	2.941647e-09	1.832232e+00	1.926737e+02
2.460000e-06	1.890042e-07	2.742596e-09	1.279168e+00	1.801199e+02
2.470000e-06	1.072666e-07	2.546755e-09	7.259730e-01	1.671424e+02
2.480000e-06	2.548042e-08	2.349444e-09	1.724498e-01	1.537861e+02
2.490000e-06	-5.636756e-08	2.140001e-09	-3.814920e-01	1.401143e+02
2.500000e-06	-1.382053e-07	1.917357e-09	-9.353645e-01	1.261775e+02
2.510000e-06	-2.199398e-07	1.698482e-09	-1.488538e+00	1.119898e+02
2.520000e-06	-3.015909e-07	1.485935e-09	-2.041148e+00	9.752210e+01
2.530000e-06	-3.831482e-07	1.267526e-09	-2.593122e+00	8.271492e+01
2.540000e-06	-4.645548e-07	1.036197e-09	-3.144076e+00	6.750275e+01
2.550000e-06	-5.457895e-07	7.930064e-10	-3.693868e+00	5.184092e+01
2.560000e-06	-6.268874e-07	5.478725e-10	-4.242733e+00	3.572496e+01
2.570000e-06	-7.078428e-07	3.007734e-10	-4.790634e+00	1.919661e+01
2.580000e-06	-7.885052e-07	4.375801e-11	-5.336552e+00	2.334602e+00
2.590000e-06	-8.688155e-07	-2.248106e-10	-5.880086e+00	-1.476713e+01
2.600000e-06	-9.488666e-07	-4.926805e-10	-6.421867e+00	-3.202636e+01
2.610000e-06	-1.028666e-06	-7.510798e-10	-6.961942e+00	-4.939421e+01
2.620000e-06	-1.108195e-06	-1.008674e-09	-7.500193e+00	-6.686128e+01
2.630000e-06	-1.187406e-06	-1.276782e-09	-8.036287e+00	-8.444370e+01
2.640000e-06	-1.266183e-06	-1.554164e-09	-8.569443e+00	-1.021539e+02
2.650000e-06	-1.344295e-06	-1.827310e-09	-9.098099e+00	-1.199699e+02
2.660000e-06	-1.421597e-06	-2.092633e-09	-9.621274e+00	-1.378193e+02
2.670000e-06	-1.498144e-06	-2.359901e-09	-1.013934e+01	-1.555877e+02
2.680000e-06	-1.574023e-06	-2.634134e-09	-1.065288e+01	-1.731479e+02
2.690000e-06	-1.649308e-06	-2.904169e-09	-1.116241e+01	-1.903944e+02
2.700000e-06	-1.723972e-06	-3.158229e-09	-1.166773e+01	-2.072648e+02
2.710000e-06	-1.798013e-06	-3.400380e-09	-1.216883e+01	-2.237384e+02
2.720000e-06	-1.871495e-06	-3.642265e-09	-1.266615e+01	-2.398138e+02
2.730000e-06	-1.944375e-06	-3.886451e-09	-1.315940e+01	-2.554835e+02
2.740000e-06	-2.016526e-06	-4.121144e-09	-1.364772e+01	-2.707200e+02
2.750000e-06	-2.088066e-06	-4.342495e-09	-1.413189e+01	-2.854808e+02
2.760000e-06	-2.159081e-06	-4.557923e-09	-1.461252e+01	-2.997265e+02
2.770000e-06	-2.229233e-06	-4.773299e-09	-1.508730e+01	-3.134378e+02
2.780000e-06	-2.298256e-06	-4.982653e-09	-1.555445e+01	-3.266176e+02
2.790000e-06	-2.366256e-06	-5.175451e-09	-1.601467e+01	-3.392799e+02
2.800000e-06	-2.433515e-06	-5.354574e-09	-1.646987e+01	-3.514334e+02
2.810000e-06	-2.500075e-06	-5.529954e-09	-1.692034e+01	-3.630743e+02
2.820000e-06	-2.565802e-06	-5.702524e-09	-1.736518e+01	-3.741926e+02
2.830000e-06	-2.630673e-06	-5.865644e-09	-1.780422e+01	-3.847889e+02
2.840000e-06	-2.694715e-06	-6.017171e-09	-1.823765e+01	-3.948865e+02
2.850000e-06	-2.757966e-06	-6.161895e-09	-1.866574e+01	-4.045312e+02
2.860000e-06	-2.820126e-06	-6.306054e-09	-1.908642e+01	-4.137749e+02
2.870000e-06	-2.880882e-06	-6.446764e-09	-1.949762e+01	-4.226564e+02
2.880000e-06	-2.940549e-06	-6.576312e-09	-1.990144e+01	-4.311885e+02
2.890000e-06	-2.999415e-06	-6.694885e-09	-2.029985e+01	-4.393619e+02
2.900000e-06	-3.057291e-06	-6.810266e-09	-2.069154e+01	-4.471596e+02
2.910000e-06	-3.114027e-06	-6.925595e-09	-2.107553e+01	-4.545729e+02
2.920000e-06	-3.169723e-06	-7.036396e-09	-2.145248e+01	-4.616078e+02
2.930000e-06	-3.224298e-06	-7.137678e-09	-2.182184e+01	-4.682814e+02
2.940000e-06	-3.277418e-06	-7.232012e-09	-2.218135e+01	-4.746127e+02
2.950000e-06	-3.329099e-06	-7.325476e-09	-2.253113e+01	-4.806189e+02
2.960000e-06	-3.379556e-06	-7.417416e-09	-2.287262e+01	-4.863183e+02
2.970000e-06	-3.428669e-06	-7.501959e-09	-2.320501e+01	-4.917378e+02
2.980000e-06	-3.476173e-06	-7.576208e-09	-2.352651e+01	-4.969139e+02
2.990000e-06	-3.522260e-06	-7.646225e-09	-2.383843e+01	-5.018836e+02
3.000000e-06	-3.567254e-06	-7.718665e-09	-2.414294e+01	-5.066672e+02
3.010000e-06	-3.611200e-06	-7.791703e-09	-2.444037e+01	-5.112552e+02
3.020000e-06	-3.654123e-06	-7.860625e-09	-2.473087e+01	-5.156105e+02
3.030000e-06	-3.695911e-06	-7.923008e-09	-2.501368e+01	-5.196887e+02
3.040000e-06	-3.736426e-06	-7.982345e-09	-2.528788e+01	-5.234672e+02
3.050000e-06	-3.775726e-06	-8.039388e-09	-2.555387e+01	-5.269673e+02
3.060000e-06	-3.813638e-06	-8.091979e-09	-2.581045e+01	-5.302541e+02
3.070000e-06	-3.849962e-06	-8.136660e-09	-2.605629e+01	-5.334124e+02
3.080000e-06	-3.884955e-06	-8.178006e-09	-2.629312e+01	-5.365091e+02
3.090000e-06	-3.918725e-06	-8.223352e-09	-2.652167e+01	-5.395616e+02
3.100000e-06	-3.951161e-06	-8.273304e-09	-2.674120e+01	-5.425285e+02
3.110000e-06	-3.982223e-06	-8.320077e-09	-2.695143e+01	-5.453285e+02
3.120000e-06	-4.011734e-06	-8.358211e-09	-2.715115e+01	-5.478781e+02
3.130000e-06	-4.039693e-06	-8.391880e-09	-2.734038e+01	-5.501318e+02
3.140000e-06	-4.066329e-06	-8.424870e-09	-2.752065e+01	-5.521053e+02
3.150000e-06	-4.091613e-06	-8.454388e-09	-2.769177e+01	-5.538721e+02
3.160000e-06	-4.115510e-06	-8.477754e-09	-2.785350e+01	-5.555345e+02
3.170000e-06	-4.137938e-06	-8.498691e-09	-2.800529e+01	-5.571814e+02
3.180000e-06	-4.158749e-06	-8.523349e-09	-2.814614e+01	-5.588515e+02
3.190000e-06	-4.178081e-06	-8.554207e-09	-2.827697e+01	-5.605166e+02
3.200000e-06	-4.196067e-06	-8.580400e-09	-2.839870e+01	-5.620933e+02
3.210000e-06	-4.212607e-06	-8.598519e-09	-2.851065e+01	-5.634797e+02
3.220000e-06	-4.227637e-06	-8.616195e-09	-2.861237e+01	-5.646007e+02
3.230000e-06	-4.240962e-06	-8.636594e-09	-2.870255e+01	-5.654439e+02
3.240000e-06	-4.252511e-06	-8.649947e-09	-2.878072e+01	-5.660680e+02
3.250000e-06	-4.262515e-06	-8.652745e-09	-2.884842e+01	-5.665796e+02
3.260000e-06	-4.271101e-06	-8.653942e-09	-2.890653e+01	-5.670872e+02
3.270000e-06	-4.278275e-06	-8.663754e-09	-2.895508e+01	-5.676522e+02
3.280000e-06	-4.283838e-06	-8.679157e-09	-2.899274e+01	-5.682621e+02
3.290000e-06	-4.287802e-06	-8.688477e-09	-2.901956e+01	-5.688357e+02
3.300000e-06	-4.290386e-06	-8.689794e-09	-2.903705e+01	-5.692617e+02
3.310000e-06	-4.291566e-06	-8.690893e-09	-2.904504e+01	-5.694497e+02
3.320000e-06	-4.291333e-06	-8.694419e-09	-2.904346e+01	-5.693731e+02
