# Temperatura_=_20.0
# Concentracion g/m^3_=_10000.0
# C_Vs_to_Am_M_A/Vsm_=_65563218390.804596
# pendiente_HvsI_1/m_=_3716.3
# ordenada_HvsI_A/m_=_1297.0
# frecuencia_Hz_=_300980.70343810285

Tiempo_(s)	Campo_(V.s)	Magnetizacion_(V.s)	Campo_(kA/m)	Magnetizacion_(A/m)
0.000000e+00	-3.772754e-06	-8.033129e-09	-2.533134e+01	-5.266182e+02
1.000000e-08	-3.771098e-06	-8.036431e-09	-2.532022e+01	-5.268934e+02
2.000000e-08	-3.767905e-06	-8.042184e-09	-2.529878e+01	-5.271295e+02
3.000000e-08	-3.763478e-06	-8.044715e-09	-2.526906e+01	-5.271404e+02
4.000000e-08	-3.758010e-06	-8.036955e-09	-2.523234e+01	-5.268074e+02
5.000000e-08	-3.751342e-06	-8.023729e-09	-2.518757e+01	-5.261487e+02
6.000000e-08	-3.743522e-06	-8.003912e-09	-2.513507e+01	-5.253086e+02
7.000000e-08	-3.734630e-06	-7.976215e-09	-2.507536e+01	-5.244749e+02
8.000000e-08	-3.724196e-06	-8.006896e-09	-2.500530e+01	-5.237726e+02
9.000000e-08	-3.711687e-06	-8.045771e-09	-2.492132e+01	-5.231971e+02
1.000000e-07	-3.697226e-06	-8.037812e-09	-2.482422e+01	-5.226255e+02
1.100000e-07	-3.681106e-06	-7.931618e-09	-2.471598e+01	-5.218952e+02
1.200000e-07	-3.663827e-06	-7.818480e-09	-2.459997e+01	-5.209008e+02
1.300000e-07	-3.645664e-06	-7.967455e-09	-2.447802e+01	-5.196512e+02
1.400000e-07	-3.626349e-06	-8.010649e-09	-2.434833e+01	-5.182557e+02
1.500000e-07	-3.606064e-06	-7.762868e-09	-2.421213e+01	-5.168518e+02
1.600000e-07	-3.584858e-06	-7.848915e-09	-2.406975e+01	-5.155212e+02
1.700000e-07	-3.562144e-06	-7.957312e-09	-2.391724e+01	-5.142431e+02
1.800000e-07	-3.538157e-06	-7.735400e-09	-2.375618e+01	-5.129115e+02
1.900000e-07	-3.513426e-06	-7.822406e-09	-2.359013e+01	-5.113995e+02
2.000000e-07	-3.487298e-06	-7.911456e-09	-2.341470e+01	-5.096327e+02
2.100000e-07	-3.459498e-06	-7.636596e-09	-2.322805e+01	-5.076267e+02
2.200000e-07	-3.430582e-06	-7.637869e-09	-2.303390e+01	-5.054709e+02
2.300000e-07	-3.400639e-06	-7.783528e-09	-2.283285e+01	-5.032722e+02
2.400000e-07	-3.369471e-06	-7.659636e-09	-2.262358e+01	-5.010924e+02
2.500000e-07	-3.337093e-06	-7.597768e-09	-2.240619e+01	-4.989156e+02
2.600000e-07	-3.303441e-06	-7.558680e-09	-2.218023e+01	-4.966621e+02
2.700000e-07	-3.268511e-06	-7.520907e-09	-2.194571e+01	-4.942359e+02
2.800000e-07	-3.232473e-06	-7.565719e-09	-2.170373e+01	-4.915799e+02
2.900000e-07	-3.195265e-06	-7.465121e-09	-2.145391e+01	-4.887066e+02
3.000000e-07	-3.156917e-06	-7.361596e-09	-2.119643e+01	-4.856891e+02
3.100000e-07	-3.117461e-06	-7.367640e-09	-2.093152e+01	-4.826209e+02
3.200000e-07	-3.077071e-06	-7.322156e-09	-2.066032e+01	-4.795656e+02
3.300000e-07	-3.035710e-06	-7.293881e-09	-2.038261e+01	-4.765231e+02
3.400000e-07	-2.992936e-06	-7.258036e-09	-2.009542e+01	-4.734306e+02
3.500000e-07	-2.948848e-06	-7.132264e-09	-1.979940e+01	-4.701934e+02
3.600000e-07	-2.903766e-06	-7.101480e-09	-1.949670e+01	-4.667322e+02
3.700000e-07	-2.857685e-06	-7.120743e-09	-1.918730e+01	-4.630205e+02
3.800000e-07	-2.810564e-06	-7.041696e-09	-1.887092e+01	-4.590969e+02
3.900000e-07	-2.762518e-06	-6.909351e-09	-1.854833e+01	-4.550455e+02
4.000000e-07	-2.713507e-06	-6.842157e-09	-1.821925e+01	-4.509571e+02
4.100000e-07	-2.663268e-06	-6.833591e-09	-1.788193e+01	-4.468871e+02
4.200000e-07	-2.611657e-06	-6.790865e-09	-1.753541e+01	-4.428321e+02
4.300000e-07	-2.558776e-06	-6.707920e-09	-1.718034e+01	-4.387323e+02
4.400000e-07	-2.504900e-06	-6.603164e-09	-1.681861e+01	-4.344987e+02
4.500000e-07	-2.450245e-06	-6.550979e-09	-1.645164e+01	-4.300527e+02
4.600000e-07	-2.394839e-06	-6.519884e-09	-1.607963e+01	-4.253590e+02
4.700000e-07	-2.338762e-06	-6.434837e-09	-1.570311e+01	-4.204398e+02
4.800000e-07	-2.281987e-06	-6.318263e-09	-1.532190e+01	-4.153621e+02
4.900000e-07	-2.224111e-06	-6.227343e-09	-1.493331e+01	-4.102057e+02
5.000000e-07	-2.165055e-06	-6.184200e-09	-1.453679e+01	-4.050246e+02
5.100000e-07	-2.105191e-06	-6.142966e-09	-1.413485e+01	-3.998197e+02
5.200000e-07	-2.044778e-06	-6.040975e-09	-1.372922e+01	-3.945362e+02
5.300000e-07	-1.983687e-06	-5.914342e-09	-1.331904e+01	-3.890876e+02
5.400000e-07	-1.921861e-06	-5.837292e-09	-1.290392e+01	-3.833959e+02
5.500000e-07	-1.859458e-06	-5.775377e-09	-1.248493e+01	-3.774289e+02
5.600000e-07	-1.796439e-06	-5.683166e-09	-1.206180e+01	-3.712147e+02
5.700000e-07	-1.732757e-06	-5.555120e-09	-1.163422e+01	-3.648262e+02
5.800000e-07	-1.668552e-06	-5.444328e-09	-1.120313e+01	-3.583426e+02
5.900000e-07	-1.603904e-06	-5.370887e-09	-1.076906e+01	-3.518075e+02
6.000000e-07	-1.538678e-06	-5.296580e-09	-1.033112e+01	-3.452077e+02
6.100000e-07	-1.472707e-06	-5.181323e-09	-9.888174e+00	-3.384819e+02
6.200000e-07	-1.405905e-06	-5.037013e-09	-9.439643e+00	-3.315556e+02
6.300000e-07	-1.338356e-06	-4.927494e-09	-8.986102e+00	-3.243788e+02
6.400000e-07	-1.270364e-06	-4.844189e-09	-8.529583e+00	-3.169461e+02
6.500000e-07	-1.202171e-06	-4.738593e-09	-8.071713e+00	-3.092881e+02
6.600000e-07	-1.133724e-06	-4.595138e-09	-7.612143e+00	-3.014428e+02
6.700000e-07	-1.064933e-06	-4.457937e-09	-7.150263e+00	-2.934269e+02
6.800000e-07	-9.957592e-07	-4.352018e-09	-6.685809e+00	-2.852272e+02
6.900000e-07	-9.262416e-07	-4.246187e-09	-6.219048e+00	-2.768150e+02
7.000000e-07	-8.563847e-07	-4.106346e-09	-5.750009e+00	-2.681731e+02
7.100000e-07	-7.862153e-07	-3.945299e-09	-5.278872e+00	-2.593113e+02
7.200000e-07	-7.158126e-07	-3.805512e-09	-4.806168e+00	-2.502599e+02
7.300000e-07	-6.451808e-07	-3.685512e-09	-4.331926e+00	-2.410426e+02
7.400000e-07	-5.743402e-07	-3.552516e-09	-3.856283e+00	-2.316503e+02
7.500000e-07	-5.032118e-07	-3.388786e-09	-3.378707e+00	-2.220353e+02
7.600000e-07	-4.317534e-07	-3.222429e-09	-2.898914e+00	-2.121345e+02
7.700000e-07	-3.600997e-07	-3.076565e-09	-2.417811e+00	-2.019074e+02
7.800000e-07	-2.884200e-07	-2.936718e-09	-1.936534e+00	-1.913652e+02
7.900000e-07	-2.166743e-07	-2.770090e-09	-1.454813e+00	-1.805679e+02
8.000000e-07	-1.447971e-07	-2.582274e-09	-9.722084e-01	-1.695904e+02
8.100000e-07	-7.287323e-08	-2.408325e-09	-4.892915e-01	-1.584752e+02
8.200000e-07	-9.535209e-10	-2.253056e-09	-6.402209e-03	-1.472016e+02
8.300000e-07	7.091045e-08	-2.088959e-09	4.761128e-01	-1.356914e+02
8.400000e-07	1.427292e-07	-1.893844e-09	9.583245e-01	-1.238471e+02
8.500000e-07	2.145349e-07	-1.691058e-09	1.440448e+00	-1.116025e+02
8.600000e-07	2.862987e-07	-1.504536e-09	1.922291e+00	-9.895511e+01
8.700000e-07	3.579286e-07	-1.324514e-09	2.403234e+00	-8.596372e+01
8.800000e-07	4.293361e-07	-1.123119e-09	2.882684e+00	-7.271598e+01
8.900000e-07	5.005652e-07	-9.033251e-10	3.360936e+00	-5.928496e+01
9.000000e-07	5.716323e-07	-6.914096e-10	3.838101e+00	-4.569927e+01
9.100000e-07	6.424838e-07	-4.923482e-10	4.313818e+00	-3.193963e+01
9.200000e-07	7.130562e-07	-2.882954e-10	4.787661e+00	-1.795917e+01
9.300000e-07	7.833947e-07	-6.151126e-11	5.259933e+00	-3.713145e+00
9.400000e-07	8.535630e-07	1.747729e-10	5.731063e+00	1.081733e+01
9.500000e-07	9.234410e-07	3.991218e-10	6.200244e+00	2.561628e+01
9.600000e-07	9.928877e-07	6.130518e-10	6.666529e+00	4.063769e+01
9.700000e-07	1.061895e-06	8.390237e-10	7.129864e+00	5.581821e+01
9.800000e-07	1.130554e-06	1.083478e-09	7.590858e+00	7.109115e+01
9.900000e-07	1.198955e-06	1.325408e-09	8.050122e+00	8.639767e+01
1.000000e-06	1.267134e-06	1.550328e-09	8.507897e+00	1.016936e+02
1.010000e-06	1.334997e-06	1.772255e-09	8.963545e+00	1.169507e+02
1.020000e-06	1.402394e-06	2.010254e-09	9.416068e+00	1.321516e+02
1.030000e-06	1.469133e-06	2.255657e-09	9.864171e+00	1.472807e+02
1.040000e-06	1.534970e-06	2.487866e-09	1.030622e+01	1.623135e+02
1.050000e-06	1.599972e-06	2.702800e-09	1.074267e+01	1.772119e+02
1.060000e-06	1.664469e-06	2.919682e-09	1.117571e+01	1.919256e+02
1.070000e-06	1.728622e-06	3.145021e-09	1.160646e+01	2.064021e+02
1.080000e-06	1.792298e-06	3.365777e-09	1.203400e+01	2.205947e+02
1.090000e-06	1.855351e-06	3.569438e-09	1.245735e+01	2.344672e+02
1.100000e-06	1.917721e-06	3.764842e-09	1.287612e+01	2.479899e+02
1.110000e-06	1.979466e-06	3.971056e-09	1.329069e+01	2.611341e+02
1.120000e-06	2.040620e-06	4.178658e-09	1.370130e+01	2.738706e+02
1.130000e-06	2.101162e-06	4.370115e-09	1.410779e+01	2.861767e+02
1.140000e-06	2.161175e-06	4.540594e-09	1.451074e+01	2.980465e+02
1.150000e-06	2.220426e-06	4.706486e-09	1.490857e+01	3.094982e+02
1.160000e-06	2.278514e-06	4.878544e-09	1.529859e+01	3.205672e+02
1.170000e-06	2.335487e-06	5.048570e-09	1.568112e+01	3.312885e+02
1.180000e-06	2.391741e-06	5.204780e-09	1.605882e+01	3.416765e+02
1.190000e-06	2.447308e-06	5.350661e-09	1.643192e+01	3.517152e+02
1.200000e-06	2.501993e-06	5.499493e-09	1.679909e+01	3.613666e+02
1.210000e-06	2.555754e-06	5.648929e-09	1.716006e+01	3.705935e+02
1.220000e-06	2.608627e-06	5.785697e-09	1.751506e+01	3.793824e+02
1.230000e-06	2.660464e-06	5.904947e-09	1.786311e+01	3.877539e+02
1.240000e-06	2.710903e-06	6.019644e-09	1.820177e+01	3.957546e+02
1.250000e-06	2.760022e-06	6.139299e-09	1.853157e+01	4.034366e+02
1.260000e-06	2.808187e-06	6.258288e-09	1.885496e+01	4.108376e+02
1.270000e-06	2.855427e-06	6.364871e-09	1.917214e+01	4.179714e+02
1.280000e-06	2.901669e-06	6.463825e-09	1.948263e+01	4.248320e+02
1.290000e-06	2.946948e-06	6.564872e-09	1.978664e+01	4.314035e+02
1.300000e-06	2.991388e-06	6.667028e-09	2.008502e+01	4.376693e+02
1.310000e-06	3.034914e-06	6.759678e-09	2.037727e+01	4.436169e+02
1.320000e-06	3.077194e-06	6.838783e-09	2.066115e+01	4.492402e+02
1.330000e-06	3.118159e-06	6.913476e-09	2.093620e+01	4.545443e+02
1.340000e-06	3.158038e-06	6.990075e-09	2.120396e+01	4.595524e+02
1.350000e-06	3.196904e-06	7.065810e-09	2.146492e+01	4.643083e+02
1.360000e-06	3.234679e-06	7.134236e-09	2.171855e+01	4.688681e+02
1.370000e-06	3.271417e-06	7.196588e-09	2.196522e+01	4.732809e+02
1.380000e-06	3.307133e-06	7.260525e-09	2.220502e+01	4.775659e+02
1.390000e-06	3.341543e-06	7.327938e-09	2.243606e+01	4.817018e+02
1.400000e-06	3.374566e-06	7.389305e-09	2.265779e+01	4.856361e+02
1.410000e-06	3.406421e-06	7.440452e-09	2.287167e+01	4.893136e+02
1.420000e-06	3.437161e-06	7.485761e-09	2.307807e+01	4.927073e+02
1.430000e-06	3.466825e-06	7.532555e-09	2.327724e+01	4.958345e+02
1.440000e-06	3.495442e-06	7.582158e-09	2.346939e+01	4.987488e+02
1.450000e-06	3.522882e-06	7.626202e-09	2.365363e+01	5.015139e+02
1.460000e-06	3.548796e-06	7.661372e-09	2.382762e+01	5.041756e+02
1.470000e-06	3.573198e-06	7.696110e-09	2.399146e+01	5.067486e+02
1.480000e-06	3.596349e-06	7.737073e-09	2.414690e+01	5.092202e+02
1.490000e-06	3.618315e-06	7.777848e-09	2.429439e+01	5.115651e+02
1.500000e-06	3.639181e-06	7.811038e-09	2.443449e+01	5.137570e+02
1.510000e-06	3.658929e-06	7.837283e-09	2.456708e+01	5.157718e+02
1.520000e-06	3.677350e-06	7.863697e-09	2.469077e+01	5.175876e+02
1.530000e-06	3.694389e-06	7.891515e-09	2.480517e+01	5.191896e+02
1.540000e-06	3.710090e-06	7.913958e-09	2.491059e+01	5.205841e+02
1.550000e-06	3.724412e-06	7.928562e-09	2.500675e+01	5.218128e+02
1.560000e-06	3.737400e-06	7.941039e-09	2.509396e+01	5.229504e+02
1.570000e-06	3.748873e-06	7.959952e-09	2.517100e+01	5.240762e+02
1.580000e-06	3.758696e-06	7.982928e-09	2.523694e+01	5.252293e+02
1.590000e-06	3.767079e-06	8.002152e-09	2.529323e+01	5.263737e+02
1.600000e-06	3.774262e-06	8.015283e-09	2.534146e+01	5.274017e+02
1.610000e-06	3.780208e-06	8.025641e-09	2.538138e+01	5.281839e+02
1.620000e-06	3.784937e-06	8.035318e-09	2.541314e+01	5.286432e+02
1.630000e-06	3.788420e-06	8.039127e-09	2.543652e+01	5.288096e+02
1.640000e-06	3.790376e-06	8.034942e-09	2.544966e+01	5.288177e+02
1.650000e-06	3.790867e-06	8.031381e-09	2.545295e+01	5.288403e+02
1.660000e-06	3.790173e-06	8.034752e-09	2.544829e+01	5.289925e+02
1.670000e-06	3.788318e-06	8.042771e-09	2.543584e+01	5.292625e+02
1.680000e-06	3.785320e-06	8.046846e-09	2.541571e+01	5.295130e+02
1.690000e-06	3.781240e-06	8.043620e-09	2.538832e+01	5.295568e+02
1.700000e-06	3.775745e-06	8.037359e-09	2.535142e+01	5.292636e+02
1.710000e-06	3.768785e-06	8.032389e-09	2.530469e+01	5.286357e+02
1.720000e-06	3.760702e-06	8.042003e-09	2.525042e+01	5.278070e+02
1.730000e-06	3.751598e-06	8.044428e-09	2.518929e+01	5.269659e+02
1.740000e-06	3.741308e-06	7.954464e-09	2.512020e+01	5.262483e+02
1.750000e-06	3.729075e-06	7.904719e-09	2.503806e+01	5.256646e+02
1.760000e-06	3.714357e-06	7.922032e-09	2.493925e+01	5.251016e+02
1.770000e-06	3.697933e-06	8.062808e-09	2.482897e+01	5.243961e+02
1.780000e-06	3.681073e-06	8.021803e-09	2.471576e+01	5.234329e+02
1.790000e-06	3.663896e-06	7.785439e-09	2.460043e+01	5.222078e+02
1.800000e-06	3.645372e-06	7.952847e-09	2.447606e+01	5.208222e+02
1.810000e-06	3.625341e-06	8.009934e-09	2.434156e+01	5.194149e+02
1.820000e-06	3.604506e-06	7.765688e-09	2.420168e+01	5.180766e+02
1.830000e-06	3.582272e-06	7.881922e-09	2.405238e+01	5.167980e+02
1.840000e-06	3.558070e-06	7.957635e-09	2.388989e+01	5.154795e+02
1.850000e-06	3.532693e-06	7.668681e-09	2.371950e+01	5.139929e+02
1.860000e-06	3.506417e-06	7.792489e-09	2.354308e+01	5.122555e+02
1.870000e-06	3.479060e-06	7.973708e-09	2.335940e+01	5.102728e+02
1.880000e-06	3.450503e-06	7.688124e-09	2.316765e+01	5.081288e+02
1.890000e-06	3.420312e-06	7.659483e-09	2.296494e+01	5.059317e+02
1.900000e-06	3.388747e-06	7.746792e-09	2.275300e+01	5.037502e+02
1.910000e-06	3.356238e-06	7.635223e-09	2.253473e+01	5.015773e+02
1.920000e-06	3.322385e-06	7.681382e-09	2.230743e+01	4.993378e+02
1.930000e-06	3.287378e-06	7.566461e-09	2.207239e+01	4.969350e+02
1.940000e-06	3.251510e-06	7.462158e-09	2.183156e+01	4.943055e+02
1.950000e-06	3.214137e-06	7.603584e-09	2.158062e+01	4.914539e+02
1.960000e-06	3.175273e-06	7.476079e-09	2.131968e+01	4.884484e+02
1.970000e-06	3.135431e-06	7.390093e-09	2.105217e+01	4.853828e+02
1.980000e-06	3.094587e-06	7.403260e-09	2.077793e+01	4.823259e+02
1.990000e-06	3.052783e-06	7.263288e-09	2.049725e+01	4.792853e+02
2.000000e-06	3.010058e-06	7.293284e-09	2.021038e+01	4.762035e+02
2.010000e-06	2.966499e-06	7.285630e-09	1.991791e+01	4.729874e+02
2.020000e-06	2.921909e-06	7.132581e-09	1.961852e+01	4.695537e+02
2.030000e-06	2.875950e-06	7.073521e-09	1.930994e+01	4.658692e+02
2.040000e-06	2.829022e-06	7.044246e-09	1.899485e+01	4.619659e+02
2.050000e-06	2.781214e-06	7.055632e-09	1.867386e+01	4.579247e+02
2.060000e-06	2.732259e-06	6.961599e-09	1.834516e+01	4.538378e+02
2.070000e-06	2.682237e-06	6.823655e-09	1.800930e+01	4.497660e+02
2.080000e-06	2.631244e-06	6.811330e-09	1.766692e+01	4.457125e+02
2.090000e-06	2.579273e-06	6.755880e-09	1.731797e+01	4.416227e+02
2.100000e-06	2.525992e-06	6.707609e-09	1.696022e+01	4.374088e+02
2.110000e-06	2.471400e-06	6.609169e-09	1.659368e+01	4.329893e+02
2.120000e-06	2.416015e-06	6.501332e-09	1.622181e+01	4.283232e+02
2.130000e-06	2.359906e-06	6.495609e-09	1.584508e+01	4.234266e+02
2.140000e-06	2.302978e-06	6.425555e-09	1.546285e+01	4.183630e+02
2.150000e-06	2.245218e-06	6.338711e-09	1.507503e+01	4.132128e+02
2.160000e-06	2.186656e-06	6.220724e-09	1.468183e+01	4.080344e+02
2.170000e-06	2.127511e-06	6.121101e-09	1.428471e+01	4.028349e+02
2.180000e-06	2.067837e-06	6.095596e-09	1.388404e+01	3.975648e+02
2.190000e-06	2.007477e-06	6.009609e-09	1.347877e+01	3.921392e+02
2.200000e-06	1.946066e-06	5.906911e-09	1.306644e+01	3.864773e+02
2.210000e-06	1.883514e-06	5.799721e-09	1.264644e+01	3.805406e+02
2.220000e-06	1.820294e-06	5.718495e-09	1.222197e+01	3.743510e+02
2.230000e-06	1.756672e-06	5.659560e-09	1.179479e+01	3.679782e+02
2.240000e-06	1.692529e-06	5.540677e-09	1.136412e+01	3.615029e+02
2.250000e-06	1.627780e-06	5.417062e-09	1.092938e+01	3.549740e+02
2.260000e-06	1.562441e-06	5.309814e-09	1.049067e+01	3.483845e+02
2.270000e-06	1.496536e-06	5.232313e-09	1.004817e+01	3.416770e+02
2.280000e-06	1.430105e-06	5.155479e-09	9.602126e+00	3.347764e+02
2.290000e-06	1.363179e-06	5.018922e-09	9.152768e+00	3.276287e+02
2.300000e-06	1.295935e-06	4.886874e-09	8.701272e+00	3.202234e+02
2.310000e-06	1.228484e-06	4.781987e-09	8.248391e+00	3.125887e+02
2.320000e-06	1.160705e-06	4.689259e-09	7.793299e+00	3.047632e+02
2.330000e-06	1.092450e-06	4.564791e-09	7.335016e+00	2.967669e+02
2.340000e-06	1.023657e-06	4.404834e-09	6.873125e+00	2.885892e+02
2.350000e-06	9.541899e-07	4.275364e-09	6.406701e+00	2.802021e+02
2.360000e-06	8.840475e-07	4.165299e-09	5.935745e+00	2.715860e+02
2.370000e-06	8.134597e-07	4.046680e-09	5.461798e+00	2.627476e+02
2.380000e-06	7.425835e-07	3.894631e-09	4.985916e+00	2.537161e+02
2.390000e-06	6.715432e-07	3.734806e-09	4.508931e+00	2.445174e+02
2.400000e-06	6.003459e-07	3.601512e-09	4.030892e+00	2.351467e+02
2.410000e-06	5.290194e-07	3.473601e-09	3.551986e+00	2.255597e+02
2.420000e-06	4.576222e-07	3.326158e-09	3.072605e+00	2.156932e+02
2.430000e-06	3.861856e-07	3.149639e-09	2.592959e+00	2.055027e+02
2.440000e-06	3.146748e-07	2.980333e-09	2.112816e+00	1.949931e+02
2.450000e-06	2.430255e-07	2.833760e-09	1.631742e+00	1.842206e+02
2.460000e-06	1.712974e-07	2.681671e-09	1.150139e+00	1.732605e+02
2.470000e-06	9.955375e-08	2.502045e-09	6.684320e-01	1.621609e+02
2.480000e-06	2.780461e-08	2.310511e-09	1.866880e-01	1.509084e+02
2.490000e-06	-4.401511e-08	2.138696e-09	-2.955299e-01	1.394293e+02
2.500000e-06	-1.158549e-07	1.977593e-09	-7.778825e-01	1.276260e+02
2.510000e-06	-1.875879e-07	1.793772e-09	-1.259518e+00	1.154268e+02
2.520000e-06	-2.592401e-07	1.583592e-09	-1.740612e+00	1.028218e+02
2.530000e-06	-3.308343e-07	1.376722e-09	-2.221315e+00	8.986427e+01
2.540000e-06	-4.023467e-07	1.187314e-09	-2.701470e+00	7.664101e+01
2.550000e-06	-4.737532e-07	9.972538e-10	-3.180913e+00	6.322844e+01
2.560000e-06	-5.450637e-07	7.841900e-10	-3.659712e+00	4.966061e+01
2.570000e-06	-6.162576e-07	5.589596e-10	-4.137728e+00	3.592271e+01
2.580000e-06	-6.873198e-07	3.464207e-10	-4.614859e+00	2.196943e+01
2.590000e-06	-7.582210e-07	1.462672e-10	-5.090910e+00	7.754450e+00
2.600000e-06	-8.288685e-07	-6.878105e-11	-5.565258e+00	-6.744597e+00
2.610000e-06	-8.991593e-07	-3.079409e-10	-6.037209e+00	-2.151544e+01
2.620000e-06	-9.688970e-07	-5.462336e-10	-6.505448e+00	-3.651476e+01
2.630000e-06	-1.037983e-06	-7.686974e-10	-6.969309e+00	-5.168037e+01
2.640000e-06	-1.106394e-06	-9.893800e-10	-7.428643e+00	-6.694533e+01
2.650000e-06	-1.174243e-06	-1.228225e-09	-7.884202e+00	-8.224955e+01
2.660000e-06	-1.241748e-06	-1.476494e-09	-8.337447e+00	-9.754715e+01
2.670000e-06	-1.308996e-06	-1.711322e-09	-8.788967e+00	-1.128082e+02
2.680000e-06	-1.375955e-06	-1.930007e-09	-9.238553e+00	-1.280148e+02
2.690000e-06	-1.442488e-06	-2.152267e-09	-9.685275e+00	-1.431514e+02
2.700000e-06	-1.508461e-06	-2.389210e-09	-1.012823e+01	-1.581950e+02
2.710000e-06	-1.573905e-06	-2.626076e-09	-1.056764e+01	-1.731089e+02
2.720000e-06	-1.638885e-06	-2.846054e-09	-1.100394e+01	-1.878439e+02
2.730000e-06	-1.703247e-06	-3.056485e-09	-1.143608e+01	-2.023471e+02
2.740000e-06	-1.766986e-06	-3.277016e-09	-1.186405e+01	-2.165709e+02
2.750000e-06	-1.830292e-06	-3.503148e-09	-1.228910e+01	-2.304781e+02
2.760000e-06	-1.893064e-06	-3.713922e-09	-1.271057e+01	-2.440385e+02
2.770000e-06	-1.955050e-06	-3.902349e-09	-1.312676e+01	-2.572236e+02
2.780000e-06	-2.016069e-06	-4.087478e-09	-1.353646e+01	-2.700040e+02
2.790000e-06	-2.076142e-06	-4.283050e-09	-1.393981e+01	-2.823557e+02
2.800000e-06	-2.135525e-06	-4.475836e-09	-1.433852e+01	-2.942707e+02
2.810000e-06	-2.194271e-06	-4.650436e-09	-1.473296e+01	-3.057646e+02
2.820000e-06	-2.252262e-06	-4.812154e-09	-1.512233e+01	-3.168716e+02
2.830000e-06	-2.309521e-06	-4.977775e-09	-1.550677e+01	-3.276279e+02
2.840000e-06	-2.365970e-06	-5.146695e-09	-1.588579e+01	-3.380508e+02
2.850000e-06	-2.421649e-06	-5.303792e-09	-1.625963e+01	-3.481273e+02
2.860000e-06	-2.476598e-06	-5.441471e-09	-1.662858e+01	-3.578212e+02
2.870000e-06	-2.530447e-06	-5.572535e-09	-1.699014e+01	-3.670937e+02
2.880000e-06	-2.582991e-06	-5.710610e-09	-1.734293e+01	-3.759280e+02
2.890000e-06	-2.634464e-06	-5.848541e-09	-1.768854e+01	-3.843412e+02
2.900000e-06	-2.684983e-06	-5.970693e-09	-1.802773e+01	-3.923779e+02
2.910000e-06	-2.734522e-06	-6.080207e-09	-1.836035e+01	-4.000908e+02
2.920000e-06	-2.782933e-06	-6.194214e-09	-1.868540e+01	-4.075197e+02
2.930000e-06	-2.829911e-06	-6.312803e-09	-1.900082e+01	-4.146811e+02
2.940000e-06	-2.875771e-06	-6.421650e-09	-1.930874e+01	-4.215705e+02
2.950000e-06	-2.920797e-06	-6.515437e-09	-1.961105e+01	-4.281727e+02
2.960000e-06	-2.964866e-06	-6.606944e-09	-1.990695e+01	-4.344709e+02
2.970000e-06	-3.008126e-06	-6.703017e-09	-2.019741e+01	-4.404519e+02
2.980000e-06	-3.050585e-06	-6.796369e-09	-2.048249e+01	-4.461088e+02
2.990000e-06	-3.092024e-06	-6.879205e-09	-2.076072e+01	-4.514453e+02
3.000000e-06	-3.132420e-06	-6.951597e-09	-2.103195e+01	-4.564823e+02
3.010000e-06	-3.171900e-06	-7.024447e-09	-2.129703e+01	-4.612615e+02
3.020000e-06	-3.210251e-06	-7.100395e-09	-2.155453e+01	-4.658385e+02
3.030000e-06	-3.247097e-06	-7.170627e-09	-2.180193e+01	-4.702644e+02
3.040000e-06	-3.282631e-06	-7.229819e-09	-2.204051e+01	-4.745623e+02
3.050000e-06	-3.317169e-06	-7.286117e-09	-2.227241e+01	-4.787152e+02
3.060000e-06	-3.350616e-06	-7.349822e-09	-2.249698e+01	-4.826728e+02
3.070000e-06	-3.382936e-06	-7.414067e-09	-2.271399e+01	-4.863787e+02
3.080000e-06	-3.414261e-06	-7.467530e-09	-2.292431e+01	-4.898017e+02
3.090000e-06	-3.444308e-06	-7.510612e-09	-2.312606e+01	-4.929543e+02
3.100000e-06	-3.472828e-06	-7.554172e-09	-2.331755e+01	-4.958872e+02
3.110000e-06	-3.500046e-06	-7.603799e-09	-2.350030e+01	-4.986645e+02
3.120000e-06	-3.526105e-06	-7.649579e-09	-2.367527e+01	-5.013349e+02
3.130000e-06	-3.550946e-06	-7.685798e-09	-2.384206e+01	-5.039165e+02
3.140000e-06	-3.574652e-06	-7.717706e-09	-2.400123e+01	-5.063990e+02
3.150000e-06	-3.597131e-06	-7.752984e-09	-2.415215e+01	-5.087577e+02
3.160000e-06	-3.618083e-06	-7.791808e-09	-2.429283e+01	-5.109660e+02
3.170000e-06	-3.637699e-06	-7.826249e-09	-2.442454e+01	-5.129998e+02
3.180000e-06	-3.656173e-06	-7.849864e-09	-2.454858e+01	-5.148368e+02
3.190000e-06	-3.673440e-06	-7.869635e-09	-2.466452e+01	-5.164608e+02
3.200000e-06	-3.689471e-06	-7.894937e-09	-2.477215e+01	-5.178751e+02
3.210000e-06	-3.704190e-06	-7.920232e-09	-2.487098e+01	-5.191173e+02
3.220000e-06	-3.717342e-06	-7.938014e-09	-2.495928e+01	-5.202595e+02
3.230000e-06	-3.728921e-06	-7.951005e-09	-2.503703e+01	-5.213825e+02
3.240000e-06	-3.739126e-06	-7.967250e-09	-2.510555e+01	-5.225318e+02
3.250000e-06	-3.747984e-06	-7.987498e-09	-2.516503e+01	-5.236802e+02
3.260000e-06	-3.755677e-06	-8.005007e-09	-2.521668e+01	-5.247260e+02
3.270000e-06	-3.762099e-06	-8.014268e-09	-2.525979e+01	-5.255387e+02
3.280000e-06	-3.766940e-06	-8.019157e-09	-2.529230e+01	-5.260322e+02
3.290000e-06	-3.770426e-06	-8.025161e-09	-2.531571e+01	-5.262239e+02
3.300000e-06	-3.772705e-06	-8.030645e-09	-2.533101e+01	-5.262395e+02
3.310000e-06	-3.773683e-06	-8.031110e-09	-2.533757e+01	-5.262521e+02
3.320000e-06	-3.773527e-06	-8.030143e-09	-2.533653e+01	-5.263874e+02
