# Temperatura_=_20.0
# Concentracion g/m^3_=_10000.0
# C_Vs_to_Am_M_A/Vsm_=_65563218390.804596
# pendiente_HvsI_1/m_=_3716.3
# ordenada_HvsI_A/m_=_1297.0
# frecuencia_Hz_=_301023.16501284327

Tiempo_(s)	Campo_(V.s)	Magnetizacion_(V.s)	Campo_(kA/m)	Magnetizacion_(A/m)
0.000000e+00	-3.627737e-06	-2.178499e-09	-2.532497e+01	-1.410644e+02
1.000000e-08	-3.626707e-06	-2.185042e-09	-2.531778e+01	-1.411679e+02
2.000000e-08	-3.624271e-06	-2.187166e-09	-2.530077e+01	-1.413282e+02
3.000000e-08	-3.620536e-06	-2.185879e-09	-2.527470e+01	-1.414640e+02
4.000000e-08	-3.615794e-06	-2.183581e-09	-2.524159e+01	-1.415191e+02
5.000000e-08	-3.609991e-06	-2.182099e-09	-2.520108e+01	-1.414738e+02
6.000000e-08	-3.603017e-06	-2.177232e-09	-2.515240e+01	-1.413296e+02
7.000000e-08	-3.594986e-06	-2.164067e-09	-2.509634e+01	-1.410910e+02
8.000000e-08	-3.585686e-06	-2.180163e-09	-2.503141e+01	-1.407638e+02
9.000000e-08	-3.574531e-06	-2.188131e-09	-2.495354e+01	-1.403712e+02
1.000000e-07	-3.561516e-06	-2.143433e-09	-2.486269e+01	-1.399671e+02
1.100000e-07	-3.546849e-06	-2.090271e-09	-2.476030e+01	-1.396255e+02
1.200000e-07	-3.530794e-06	-2.069924e-09	-2.464822e+01	-1.394041e+02
1.300000e-07	-3.513826e-06	-2.238306e-09	-2.452976e+01	-1.393027e+02
1.400000e-07	-3.495827e-06	-2.254028e-09	-2.440412e+01	-1.392495e+02
1.500000e-07	-3.476731e-06	-2.004950e-09	-2.427081e+01	-1.391307e+02
1.600000e-07	-3.456823e-06	-2.154307e-09	-2.413183e+01	-1.388522e+02
1.700000e-07	-3.435722e-06	-2.237403e-09	-2.398453e+01	-1.383955e+02
1.800000e-07	-3.413216e-06	-2.014198e-09	-2.382741e+01	-1.378321e+02
1.900000e-07	-3.389852e-06	-2.130425e-09	-2.366431e+01	-1.372858e+02
2.000000e-07	-3.365412e-06	-2.202015e-09	-2.349370e+01	-1.368652e+02
2.100000e-07	-3.339331e-06	-1.969195e-09	-2.331163e+01	-1.366074e+02
2.200000e-07	-3.311969e-06	-2.059234e-09	-2.312062e+01	-1.364645e+02
2.300000e-07	-3.283610e-06	-2.213475e-09	-2.292264e+01	-1.363354e+02
2.400000e-07	-3.254155e-06	-2.037697e-09	-2.271702e+01	-1.361182e+02
2.500000e-07	-3.223618e-06	-2.031075e-09	-2.250384e+01	-1.357500e+02
2.600000e-07	-3.191911e-06	-2.076280e-09	-2.228250e+01	-1.352156e+02
2.700000e-07	-3.158976e-06	-2.032380e-09	-2.205258e+01	-1.345309e+02
2.800000e-07	-3.124915e-06	-2.077622e-09	-2.181480e+01	-1.337242e+02
2.900000e-07	-3.089704e-06	-2.035380e-09	-2.156900e+01	-1.328295e+02
3.000000e-07	-3.053323e-06	-1.952284e-09	-2.131502e+01	-1.318936e+02
3.100000e-07	-3.015836e-06	-2.006856e-09	-2.105333e+01	-1.309789e+02
3.200000e-07	-2.977396e-06	-2.011265e-09	-2.078498e+01	-1.301474e+02
3.300000e-07	-2.938156e-06	-1.973688e-09	-2.051105e+01	-1.294275e+02
3.400000e-07	-2.897745e-06	-1.953952e-09	-2.022895e+01	-1.287851e+02
3.500000e-07	-2.855929e-06	-1.916645e-09	-1.993703e+01	-1.281220e+02
3.600000e-07	-2.813003e-06	-1.942857e-09	-1.963737e+01	-1.273148e+02
3.700000e-07	-2.769151e-06	-1.954777e-09	-1.933124e+01	-1.262757e+02
3.800000e-07	-2.724345e-06	-1.915048e-09	-1.901845e+01	-1.250038e+02
3.900000e-07	-2.678567e-06	-1.846529e-09	-1.869888e+01	-1.235939e+02
4.000000e-07	-2.631919e-06	-1.841451e-09	-1.837323e+01	-1.221955e+02
4.100000e-07	-2.584217e-06	-1.865882e-09	-1.804023e+01	-1.209427e+02
4.200000e-07	-2.535242e-06	-1.842895e-09	-1.769834e+01	-1.198921e+02
4.300000e-07	-2.484995e-06	-1.802249e-09	-1.734757e+01	-1.189991e+02
4.400000e-07	-2.433640e-06	-1.774489e-09	-1.698906e+01	-1.181431e+02
4.500000e-07	-2.381495e-06	-1.784687e-09	-1.662504e+01	-1.171846e+02
4.600000e-07	-2.328619e-06	-1.793828e-09	-1.625592e+01	-1.160248e+02
4.700000e-07	-2.274995e-06	-1.752806e-09	-1.588158e+01	-1.146418e+02
4.800000e-07	-2.220729e-06	-1.689647e-09	-1.550275e+01	-1.130911e+02
4.900000e-07	-2.165663e-06	-1.677934e-09	-1.511833e+01	-1.114767e+02
5.000000e-07	-2.109489e-06	-1.683839e-09	-1.472619e+01	-1.099069e+02
5.100000e-07	-2.052327e-06	-1.672570e-09	-1.432714e+01	-1.084524e+02
5.200000e-07	-1.994480e-06	-1.623339e-09	-1.392332e+01	-1.071211e+02
5.300000e-07	-1.935980e-06	-1.585184e-09	-1.351493e+01	-1.058564e+02
5.400000e-07	-1.876799e-06	-1.588771e-09	-1.310179e+01	-1.045604e+02
5.500000e-07	-1.816991e-06	-1.583607e-09	-1.268429e+01	-1.031329e+02
5.600000e-07	-1.756645e-06	-1.548449e-09	-1.226301e+01	-1.015121e+02
5.700000e-07	-1.695717e-06	-1.491490e-09	-1.183768e+01	-9.969999e+01
5.800000e-07	-1.634211e-06	-1.469105e-09	-1.140831e+01	-9.775968e+01
5.900000e-07	-1.572238e-06	-1.463300e-09	-1.097568e+01	-9.578582e+01
6.000000e-07	-1.509835e-06	-1.442419e-09	-1.054005e+01	-9.386253e+01
6.100000e-07	-1.446827e-06	-1.393709e-09	-1.010019e+01	-9.202877e+01
6.200000e-07	-1.383001e-06	-1.344872e-09	-9.654629e+00	-9.026705e+01
6.300000e-07	-1.318446e-06	-1.329343e-09	-9.203978e+00	-8.851744e+01
6.400000e-07	-1.253352e-06	-1.322850e-09	-8.749557e+00	-8.670593e+01
6.500000e-07	-1.187877e-06	-1.292508e-09	-8.292480e+00	-8.477132e+01
6.600000e-07	-1.122127e-06	-1.239091e-09	-7.833488e+00	-8.268005e+01
6.700000e-07	-1.056104e-06	-1.204841e-09	-7.372586e+00	-8.042901e+01
6.800000e-07	-9.897536e-07	-1.187901e-09	-6.909398e+00	-7.804238e+01
6.900000e-07	-9.230627e-07	-1.161118e-09	-6.443834e+00	-7.556744e+01
7.000000e-07	-8.560649e-07	-1.108256e-09	-5.976127e+00	-7.306764e+01
7.100000e-07	-7.887490e-07	-1.056933e-09	-5.506200e+00	-7.060734e+01
7.200000e-07	-7.211124e-07	-1.029648e-09	-5.034033e+00	-6.822690e+01
7.300000e-07	-6.532533e-07	-1.011104e-09	-4.560314e+00	-6.591737e+01
7.400000e-07	-5.852206e-07	-9.761500e-10	-4.085383e+00	-6.361110e+01
7.500000e-07	-5.169745e-07	-9.227835e-10	-3.608962e+00	-6.120143e+01
7.600000e-07	-4.484304e-07	-8.798783e-10	-3.130460e+00	-5.858866e+01
7.700000e-07	-3.796104e-07	-8.482535e-10	-2.650033e+00	-5.573137e+01
7.800000e-07	-3.106830e-07	-8.130682e-10	-2.168855e+00	-5.267380e+01
7.900000e-07	-2.417360e-07	-7.583408e-10	-1.687542e+00	-4.953028e+01
8.000000e-07	-1.726737e-07	-6.990053e-10	-1.205423e+00	-4.643130e+01
8.100000e-07	-1.034796e-07	-6.576121e-10	-7.223837e-01	-4.345874e+01
8.200000e-07	-3.427821e-08	-6.280113e-10	-2.392937e-01	-4.060531e+01
8.300000e-07	3.490564e-08	-5.877900e-10	2.436737e-01	-3.778006e+01
8.400000e-07	1.040535e-07	-5.293219e-10	7.263900e-01	-3.485542e+01
8.500000e-07	1.731971e-07	-4.752872e-10	1.209076e+00	-3.172885e+01
8.600000e-07	2.423003e-07	-4.334843e-10	1.691481e+00	-2.836645e+01
8.700000e-07	3.112452e-07	-3.912332e-10	2.172780e+00	-2.480886e+01
8.800000e-07	3.800498e-07	-3.314946e-10	2.653100e+00	-2.114206e+01
8.900000e-07	4.487118e-07	-2.654047e-10	3.132424e+00	-1.745356e+01
9.000000e-07	5.172107e-07	-2.108778e-10	3.610611e+00	-1.379722e+01
9.100000e-07	5.854839e-07	-1.665630e-10	4.087221e+00	-1.018080e+01
9.200000e-07	6.534540e-07	-1.153668e-10	4.561715e+00	-6.575139e+00
9.300000e-07	7.211889e-07	-4.759608e-11	5.034567e+00	-2.934751e+00
9.400000e-07	7.887630e-07	1.737864e-11	5.506297e+00	7.820533e-01
9.500000e-07	8.561219e-07	6.785917e-11	5.976524e+00	4.600059e+00
9.600000e-07	9.231656e-07	1.154719e-10	6.444552e+00	8.522139e+00
9.700000e-07	9.897939e-07	1.774051e-10	6.909679e+00	1.253060e+01
9.800000e-07	1.056053e-06	2.477148e-10	7.372232e+00	1.659306e+01
9.900000e-07	1.122090e-06	3.119561e-10	7.833232e+00	2.067140e+01
1.000000e-06	1.187922e-06	3.655935e-10	8.292798e+00	2.473127e+01
1.010000e-06	1.253407e-06	4.211323e-10	8.749943e+00	2.874912e+01
1.020000e-06	1.318385e-06	4.876943e-10	9.203549e+00	3.271428e+01
1.030000e-06	1.382788e-06	5.528653e-10	9.653143e+00	3.662664e+01
1.040000e-06	1.446495e-06	6.079617e-10	1.009788e+01	4.049328e+01
1.050000e-06	1.509496e-06	6.581006e-10	1.053768e+01	4.432662e+01
1.060000e-06	1.571864e-06	7.159662e-10	1.097307e+01	4.814383e+01
1.070000e-06	1.633769e-06	7.802517e-10	1.140522e+01	5.196314e+01
1.080000e-06	1.695284e-06	8.392265e-10	1.183466e+01	5.579360e+01
1.090000e-06	1.756255e-06	8.894622e-10	1.226029e+01	5.962074e+01
1.100000e-06	1.816626e-06	9.422268e-10	1.268173e+01	6.339722e+01
1.110000e-06	1.876383e-06	1.002813e-09	1.309889e+01	6.704952e+01
1.120000e-06	1.935515e-06	1.061986e-09	1.351169e+01	7.050403e+01
1.130000e-06	1.994084e-06	1.109348e-09	1.392055e+01	7.372261e+01
1.140000e-06	2.052152e-06	1.147012e-09	1.432593e+01	7.672759e+01
1.150000e-06	2.109486e-06	1.188901e-09	1.472617e+01	7.959830e+01
1.160000e-06	2.165751e-06	1.236760e-09	1.511895e+01	8.243603e+01
1.170000e-06	2.220933e-06	1.282902e-09	1.550417e+01	8.531396e+01
1.180000e-06	2.275363e-06	1.322560e-09	1.588414e+01	8.823980e+01
1.190000e-06	2.329164e-06	1.361742e-09	1.625973e+01	9.115263e+01
1.200000e-06	2.382203e-06	1.407084e-09	1.662999e+01	9.395562e+01
1.210000e-06	2.434433e-06	1.451935e-09	1.699460e+01	9.656538e+01
1.220000e-06	2.485752e-06	1.486858e-09	1.735285e+01	9.894964e+01
1.230000e-06	2.536062e-06	1.514563e-09	1.770407e+01	1.011347e+02
1.240000e-06	2.585232e-06	1.543901e-09	1.804732e+01	1.031837e+02
1.250000e-06	2.633108e-06	1.576379e-09	1.838154e+01	1.051633e+02
1.260000e-06	2.679845e-06	1.605898e-09	1.870780e+01	1.071198e+02
1.270000e-06	2.725667e-06	1.630284e-09	1.902768e+01	1.090724e+02
1.280000e-06	2.770632e-06	1.657159e-09	1.934158e+01	1.110203e+02
1.290000e-06	2.814708e-06	1.688757e-09	1.964927e+01	1.129492e+02
1.300000e-06	2.857873e-06	1.720738e-09	1.995060e+01	1.148319e+02
1.310000e-06	2.900128e-06	1.747363e-09	2.024558e+01	1.166269e+02
1.320000e-06	2.941233e-06	1.767583e-09	2.053253e+01	1.182856e+02
1.330000e-06	2.981068e-06	1.788080e-09	2.081062e+01	1.197725e+02
1.340000e-06	3.019840e-06	1.810516e-09	2.108128e+01	1.210897e+02
1.350000e-06	3.057633e-06	1.831077e-09	2.134511e+01	1.222890e+02
1.360000e-06	3.094373e-06	1.847775e-09	2.160159e+01	1.234565e+02
1.370000e-06	3.130187e-06	1.863144e-09	2.185161e+01	1.246743e+02
1.380000e-06	3.165121e-06	1.882002e-09	2.209548e+01	1.259787e+02
1.390000e-06	3.198808e-06	1.904849e-09	2.233065e+01	1.273395e+02
1.400000e-06	3.231092e-06	1.924544e-09	2.255602e+01	1.286751e+02
1.410000e-06	3.262247e-06	1.939879e-09	2.277351e+01	1.298938e+02
1.420000e-06	3.292370e-06	1.954179e-09	2.298379e+01	1.309381e+02
1.430000e-06	3.321361e-06	1.967995e-09	2.318618e+01	1.318067e+02
1.440000e-06	3.349312e-06	1.981462e-09	2.338130e+01	1.325472e+02
1.450000e-06	3.376175e-06	1.991689e-09	2.356883e+01	1.332288e+02
1.460000e-06	3.401674e-06	1.998428e-09	2.374684e+01	1.339139e+02
1.470000e-06	3.425808e-06	2.006954e-09	2.391532e+01	1.346427e+02
1.480000e-06	3.448698e-06	2.020178e-09	2.407511e+01	1.354293e+02
1.490000e-06	3.470413e-06	2.034790e-09	2.422670e+01	1.362625e+02
1.500000e-06	3.491031e-06	2.047082e-09	2.437063e+01	1.371032e+02
1.510000e-06	3.510615e-06	2.056675e-09	2.450735e+01	1.378863e+02
1.520000e-06	3.528945e-06	2.066092e-09	2.463531e+01	1.385349e+02
1.530000e-06	3.545903e-06	2.074229e-09	2.475369e+01	1.389924e+02
1.540000e-06	3.561584e-06	2.078292e-09	2.486316e+01	1.392593e+02
1.550000e-06	3.575966e-06	2.078945e-09	2.496356e+01	1.394112e+02
1.560000e-06	3.589098e-06	2.078187e-09	2.505523e+01	1.395763e+02
1.570000e-06	3.600855e-06	2.081830e-09	2.513731e+01	1.398767e+02
1.580000e-06	3.610981e-06	2.090528e-09	2.520799e+01	1.403611e+02
1.590000e-06	3.619642e-06	2.098496e-09	2.526846e+01	1.409705e+02
1.600000e-06	3.627131e-06	2.105386e-09	2.532074e+01	1.415623e+02
1.610000e-06	3.633386e-06	2.112144e-09	2.536440e+01	1.419822e+02
1.620000e-06	3.638470e-06	2.117107e-09	2.539989e+01	1.421455e+02
1.630000e-06	3.642436e-06	2.116558e-09	2.542758e+01	1.420784e+02
1.640000e-06	3.644971e-06	2.108915e-09	2.544528e+01	1.418982e+02
1.650000e-06	3.646070e-06	2.100168e-09	2.545295e+01	1.417454e+02
1.660000e-06	3.645955e-06	2.098178e-09	2.545215e+01	1.417116e+02
1.670000e-06	3.644652e-06	2.100796e-09	2.544305e+01	1.418045e+02
1.680000e-06	3.642217e-06	2.105663e-09	2.542605e+01	1.419630e+02
1.690000e-06	3.638767e-06	2.109744e-09	2.540197e+01	1.421049e+02
1.700000e-06	3.634090e-06	2.112455e-09	2.536932e+01	1.421704e+02
1.710000e-06	3.627970e-06	2.113839e-09	2.532660e+01	1.421362e+02
1.720000e-06	3.620695e-06	2.115615e-09	2.527581e+01	1.420025e+02
1.730000e-06	3.612461e-06	2.122460e-09	2.521833e+01	1.417740e+02
1.740000e-06	3.603230e-06	2.074033e-09	2.515389e+01	1.414558e+02
1.750000e-06	3.592415e-06	2.082967e-09	2.507839e+01	1.410684e+02
1.760000e-06	3.579254e-06	2.110599e-09	2.498651e+01	1.406623e+02
1.770000e-06	3.564015e-06	2.180425e-09	2.488013e+01	1.403108e+02
1.780000e-06	3.547941e-06	2.091391e-09	2.476792e+01	1.400754e+02
1.790000e-06	3.531701e-06	1.941526e-09	2.465455e+01	1.399636e+02
1.800000e-06	3.514491e-06	2.117139e-09	2.453441e+01	1.399106e+02
1.810000e-06	3.495698e-06	2.158857e-09	2.440321e+01	1.398044e+02
1.820000e-06	3.476047e-06	1.964823e-09	2.426603e+01	1.395458e+02
1.830000e-06	3.455441e-06	2.083708e-09	2.412218e+01	1.391064e+02
1.840000e-06	3.433003e-06	2.205192e-09	2.396555e+01	1.385490e+02
1.850000e-06	3.409137e-06	1.971118e-09	2.379894e+01	1.379950e+02
1.860000e-06	3.384306e-06	2.091934e-09	2.362559e+01	1.375578e+02
1.870000e-06	3.358409e-06	2.259773e-09	2.344481e+01	1.372837e+02
1.880000e-06	3.331501e-06	2.008121e-09	2.325697e+01	1.371330e+02
1.890000e-06	3.303227e-06	2.064546e-09	2.305959e+01	1.370079e+02
1.900000e-06	3.273436e-06	2.219651e-09	2.285162e+01	1.368042e+02
1.910000e-06	3.242620e-06	2.073996e-09	2.263650e+01	1.364539e+02
1.920000e-06	3.210631e-06	2.138983e-09	2.241318e+01	1.359370e+02
1.930000e-06	3.177386e-06	2.111723e-09	2.218110e+01	1.352674e+02
1.940000e-06	3.143354e-06	2.013074e-09	2.194353e+01	1.344725e+02
1.950000e-06	3.108108e-06	2.154503e-09	2.169748e+01	1.335854e+02
1.960000e-06	3.071284e-06	2.076004e-09	2.144041e+01	1.326514e+02
1.970000e-06	3.033409e-06	1.991793e-09	2.117601e+01	1.317314e+02
1.980000e-06	2.994588e-06	2.064253e-09	2.090500e+01	1.308889e+02
1.990000e-06	2.954781e-06	2.006352e-09	2.062711e+01	1.301576e+02
2.000000e-06	2.914034e-06	2.031980e-09	2.034266e+01	1.295108e+02
2.010000e-06	2.872454e-06	2.043802e-09	2.005239e+01	1.288561e+02
2.020000e-06	2.830014e-06	1.948419e-09	1.975612e+01	1.280698e+02
2.030000e-06	2.786318e-06	1.970499e-09	1.945108e+01	1.270576e+02
2.040000e-06	2.741622e-06	1.958882e-09	1.913906e+01	1.258079e+02
2.050000e-06	2.696152e-06	1.962449e-09	1.882164e+01	1.244062e+02
2.060000e-06	2.649580e-06	1.927273e-09	1.849652e+01	1.229994e+02
2.070000e-06	2.601948e-06	1.856100e-09	1.816401e+01	1.217268e+02
2.080000e-06	2.553355e-06	1.899034e-09	1.782479e+01	1.206551e+02
2.090000e-06	2.503852e-06	1.875500e-09	1.747921e+01	1.197503e+02
2.100000e-06	2.453258e-06	1.865199e-09	1.712601e+01	1.188974e+02
2.110000e-06	2.401300e-06	1.837559e-09	1.676330e+01	1.179559e+02
2.120000e-06	2.348375e-06	1.786346e-09	1.639384e+01	1.168204e+02
2.130000e-06	2.294794e-06	1.830417e-09	1.601979e+01	1.154600e+02
2.140000e-06	2.240391e-06	1.802754e-09	1.564001e+01	1.139229e+02
2.150000e-06	2.185126e-06	1.755087e-09	1.525420e+01	1.123101e+02
2.160000e-06	2.129083e-06	1.722661e-09	1.486297e+01	1.107314e+02
2.170000e-06	2.072411e-06	1.693682e-09	1.446735e+01	1.092631e+02
2.180000e-06	2.015252e-06	1.713508e-09	1.406833e+01	1.079204e+02
2.190000e-06	1.957521e-06	1.679282e-09	1.366531e+01	1.066531e+02
2.200000e-06	1.898932e-06	1.639705e-09	1.325630e+01	1.053657e+02
2.210000e-06	1.839282e-06	1.625510e-09	1.283989e+01	1.039564e+02
2.220000e-06	1.778778e-06	1.609274e-09	1.241752e+01	1.023576e+02
2.230000e-06	1.717735e-06	1.603506e-09	1.199138e+01	1.005641e+02
2.240000e-06	1.656181e-06	1.550026e-09	1.156168e+01	9.863341e+01
2.250000e-06	1.594130e-06	1.509384e-09	1.112851e+01	9.665878e+01
2.260000e-06	1.531608e-06	1.489662e-09	1.069204e+01	9.472740e+01
2.270000e-06	1.468568e-06	1.472257e-09	1.025196e+01	9.288412e+01
2.280000e-06	1.404945e-06	1.460717e-09	9.807819e+00	9.111719e+01
2.290000e-06	1.340792e-06	1.408917e-09	9.359974e+00	8.937001e+01
2.300000e-06	1.276257e-06	1.377748e-09	8.909455e+00	8.756865e+01
2.310000e-06	1.211448e-06	1.360867e-09	8.457028e+00	8.564956e+01
2.320000e-06	1.146353e-06	1.338495e-09	8.002609e+00	8.357593e+01
2.330000e-06	1.080829e-06	1.297896e-09	7.545190e+00	8.134149e+01
2.340000e-06	1.014814e-06	1.237828e-09	7.084342e+00	7.896768e+01
2.350000e-06	9.482468e-07	1.207169e-09	6.619642e+00	7.649954e+01
2.360000e-06	8.810638e-07	1.182872e-09	6.150642e+00	7.399936e+01
2.370000e-06	8.133824e-07	1.147558e-09	5.678164e+00	7.153241e+01
2.380000e-06	7.453790e-07	1.096478e-09	5.203437e+00	6.914300e+01
2.390000e-06	6.771586e-07	1.051862e-09	4.727195e+00	6.682831e+01
2.400000e-06	6.087781e-07	1.028518e-09	4.249836e+00	6.452660e+01
2.410000e-06	5.402732e-07	1.001267e-09	3.771608e+00	6.213354e+01
2.420000e-06	4.716528e-07	9.572791e-10	3.292574e+00	5.954609e+01
2.430000e-06	4.029669e-07	9.000777e-10	2.813082e+00	5.671462e+01
2.440000e-06	3.342585e-07	8.528815e-10	2.333435e+00	5.367411e+01
2.450000e-06	2.654430e-07	8.174716e-10	1.853038e+00	5.053347e+01
2.460000e-06	1.964826e-07	7.734928e-10	1.371631e+00	4.742465e+01
2.470000e-06	1.274101e-07	7.165935e-10	8.894406e-01	4.443737e+01
2.480000e-06	5.832747e-08	6.621241e-10	4.071798e-01	4.157451e+01
2.490000e-06	-1.074812e-08	6.235992e-10	-7.503185e-02	3.875242e+01
2.500000e-06	-7.984102e-08	5.923867e-10	-5.573644e-01	3.584443e+01
2.510000e-06	-1.489460e-07	5.440121e-10	-1.039781e+00	3.274270e+01
2.520000e-06	-2.179816e-07	4.805055e-10	-1.521714e+00	2.940499e+01
2.530000e-06	-2.868478e-07	4.209736e-10	-2.002463e+00	2.586483e+01
2.540000e-06	-3.556395e-07	3.720757e-10	-2.482693e+00	2.220540e+01
2.550000e-06	-4.243903e-07	3.217516e-10	-2.962638e+00	1.851604e+01
2.560000e-06	-4.930495e-07	2.568566e-10	-3.441943e+00	1.485527e+01
2.570000e-06	-5.615881e-07	1.915780e-10	-3.920406e+00	1.123566e+01
2.580000e-06	-6.299972e-07	1.414682e-10	-4.397965e+00	7.631102e+00
2.590000e-06	-6.982415e-07	1.005909e-10	-4.874373e+00	3.996820e+00
2.600000e-06	-7.662763e-07	4.531801e-11	-5.349319e+00	2.899410e-01
2.610000e-06	-8.339677e-07	-2.598183e-11	-5.821868e+00	-3.516504e+00
2.620000e-06	-9.010898e-07	-9.292212e-11	-6.290442e+00	-7.427767e+00
2.630000e-06	-9.676568e-07	-1.488986e-10	-6.755142e+00	-1.142814e+01
2.640000e-06	-1.033748e-06	-2.047463e-10	-7.216520e+00	-1.548644e+01
2.650000e-06	-1.099396e-06	-2.717487e-10	-7.674805e+00	-1.956467e+01
2.660000e-06	-1.164622e-06	-3.421214e-10	-8.130140e+00	-2.362769e+01
2.670000e-06	-1.229465e-06	-4.027228e-10	-8.582807e+00	-2.765059e+01
2.680000e-06	-1.293993e-06	-4.550300e-10	-9.033273e+00	-3.162136e+01
2.690000e-06	-1.358082e-06	-5.134793e-10	-9.480669e+00	-3.553897e+01
2.700000e-06	-1.421707e-06	-5.811249e-10	-9.924832e+00	-3.940981e+01
2.710000e-06	-1.484858e-06	-6.460658e-10	-1.036568e+01	-4.324578e+01
2.720000e-06	-1.547481e-06	-7.001158e-10	-1.080285e+01	-4.706363e+01
2.730000e-06	-1.609634e-06	-7.508711e-10	-1.123674e+01	-5.088181e+01
2.740000e-06	-1.671270e-06	-8.123445e-10	-1.166701e+01	-5.471105e+01
2.750000e-06	-1.732328e-06	-8.795862e-10	-1.209325e+01	-5.854003e+01
2.760000e-06	-1.792858e-06	-9.382359e-10	-1.251581e+01	-6.232496e+01
2.770000e-06	-1.852774e-06	-9.861688e-10	-1.293408e+01	-6.599420e+01
2.780000e-06	-1.911821e-06	-1.034793e-09	-1.334628e+01	-6.947245e+01
2.790000e-06	-1.969985e-06	-1.090154e-09	-1.375232e+01	-7.271621e+01
2.800000e-06	-2.027460e-06	-1.143044e-09	-1.415355e+01	-7.574090e+01
2.810000e-06	-2.084303e-06	-1.185711e-09	-1.455036e+01	-7.862095e+01
2.820000e-06	-2.140442e-06	-1.224270e-09	-1.494227e+01	-8.145763e+01
2.830000e-06	-2.195837e-06	-1.269490e-09	-1.532898e+01	-8.432937e+01
2.840000e-06	-2.250431e-06	-1.320761e-09	-1.571009e+01	-8.725177e+01
2.850000e-06	-2.304238e-06	-1.367329e-09	-1.608572e+01	-9.017020e+01
2.860000e-06	-2.357412e-06	-1.403896e-09	-1.645692e+01	-9.298940e+01
2.870000e-06	-2.409696e-06	-1.439790e-09	-1.682192e+01	-9.562230e+01
2.880000e-06	-2.460745e-06	-1.481288e-09	-1.717828e+01	-9.803022e+01
2.890000e-06	-2.510658e-06	-1.519750e-09	-1.752672e+01	-1.002338e+02
2.900000e-06	-2.559621e-06	-1.548789e-09	-1.786853e+01	-1.022938e+02
2.910000e-06	-2.607658e-06	-1.573990e-09	-1.820387e+01	-1.042780e+02
2.920000e-06	-2.654605e-06	-1.604469e-09	-1.853160e+01	-1.062354e+02
2.930000e-06	-2.700320e-06	-1.640296e-09	-1.885074e+01	-1.081879e+02
2.940000e-06	-2.744925e-06	-1.674404e-09	-1.916212e+01	-1.101367e+02
2.950000e-06	-2.788613e-06	-1.703432e-09	-1.946710e+01	-1.120685e+02
2.960000e-06	-2.831395e-06	-1.731323e-09	-1.976576e+01	-1.139577e+02
2.970000e-06	-2.873363e-06	-1.760750e-09	-2.005874e+01	-1.157642e+02
2.980000e-06	-2.914573e-06	-1.788978e-09	-2.034642e+01	-1.174395e+02
2.990000e-06	-2.954855e-06	-1.811823e-09	-2.062763e+01	-1.189453e+02
3.000000e-06	-2.994080e-06	-1.829671e-09	-2.090146e+01	-1.202789e+02
3.010000e-06	-3.032360e-06	-1.848038e-09	-2.116868e+01	-1.214869e+02
3.020000e-06	-3.069671e-06	-1.868787e-09	-2.142915e+01	-1.226532e+02
3.030000e-06	-3.105674e-06	-1.889443e-09	-2.168048e+01	-1.238627e+02
3.040000e-06	-3.140397e-06	-1.908943e-09	-2.192288e+01	-1.251578e+02
3.050000e-06	-3.174122e-06	-1.927222e-09	-2.215831e+01	-1.265157e+02
3.060000e-06	-3.206784e-06	-1.948795e-09	-2.238632e+01	-1.278584e+02
3.070000e-06	-3.238294e-06	-1.969709e-09	-2.260630e+01	-1.290931e+02
3.080000e-06	-3.268804e-06	-1.985304e-09	-2.281928e+01	-1.301570e+02
3.090000e-06	-3.298173e-06	-1.997815e-09	-2.302431e+01	-1.310426e+02
3.100000e-06	-3.326155e-06	-2.009451e-09	-2.321965e+01	-1.317935e+02
3.110000e-06	-3.352898e-06	-2.021962e-09	-2.340634e+01	-1.324779e+02
3.120000e-06	-3.378501e-06	-2.033468e-09	-2.358507e+01	-1.331600e+02
3.130000e-06	-3.402896e-06	-2.045995e-09	-2.375537e+01	-1.338828e+02
3.140000e-06	-3.426168e-06	-2.059942e-09	-2.391783e+01	-1.346632e+02
3.150000e-06	-3.448347e-06	-2.074339e-09	-2.407266e+01	-1.354925e+02
3.160000e-06	-3.469162e-06	-2.086228e-09	-2.421797e+01	-1.363349e+02
3.170000e-06	-3.488603e-06	-2.097347e-09	-2.435369e+01	-1.371277e+02
3.180000e-06	-3.506910e-06	-2.105966e-09	-2.448149e+01	-1.377940e+02
3.190000e-06	-3.524075e-06	-2.112836e-09	-2.460131e+01	-1.382730e+02
3.200000e-06	-3.540013e-06	-2.119573e-09	-2.471258e+01	-1.385578e+02
3.210000e-06	-3.554790e-06	-2.123202e-09	-2.481573e+01	-1.387162e+02
3.220000e-06	-3.568172e-06	-2.127021e-09	-2.490915e+01	-1.388732e+02
3.230000e-06	-3.579981e-06	-2.133981e-09	-2.499159e+01	-1.391549e+02
3.240000e-06	-3.590401e-06	-2.142143e-09	-2.506433e+01	-1.396202e+02
3.250000e-06	-3.599524e-06	-2.151157e-09	-2.512801e+01	-1.402219e+02
3.260000e-06	-3.607461e-06	-2.160415e-09	-2.518342e+01	-1.408233e+02
3.270000e-06	-3.614254e-06	-2.167337e-09	-2.523085e+01	-1.412673e+02
3.280000e-06	-3.619605e-06	-2.172918e-09	-2.526820e+01	-1.414586e+02
3.290000e-06	-3.623483e-06	-2.174032e-09	-2.529527e+01	-1.414116e+02
3.300000e-06	-3.626150e-06	-2.171493e-09	-2.531389e+01	-1.412363e+02
3.310000e-06	-3.627676e-06	-2.170394e-09	-2.532454e+01	-1.410747e+02
3.320000e-06	-3.628056e-06	-2.172570e-09	-2.532719e+01	-1.410261e+02
