# Temperatura_=_20.0
# Concentracion g/m^3_=_10000.0
# C_Vs_to_Am_M_A/Vsm_=_65563218390.804596
# pendiente_HvsI_1/m_=_3716.3
# ordenada_HvsI_A/m_=_1297.0
# frecuencia_Hz_=_300993.98579826904

Tiempo_(s)	Campo_(V.s)	Magnetizacion_(V.s)	Campo_(kA/m)	Magnetizacion_(A/m)
0.000000e+00	-3.777727e-06	-8.053049e-11	-2.532631e+01	-5.889971e+00
1.000000e-08	-3.776334e-06	-8.304179e-11	-2.531697e+01	-6.056841e+00
2.000000e-08	-3.773448e-06	-8.650083e-11	-2.529762e+01	-6.201293e+00
3.000000e-08	-3.769218e-06	-8.757114e-11	-2.526926e+01	-6.223137e+00
4.000000e-08	-3.763919e-06	-8.306379e-11	-2.523374e+01	-6.085874e+00
5.000000e-08	-3.757465e-06	-7.688281e-11	-2.519047e+01	-5.846391e+00
6.000000e-08	-3.749843e-06	-6.854341e-11	-2.513937e+01	-5.626195e+00
7.000000e-08	-3.741156e-06	-5.044141e-11	-2.508113e+01	-5.540193e+00
8.000000e-08	-3.730977e-06	-8.706928e-11	-2.501289e+01	-5.627199e+00
9.000000e-08	-3.718781e-06	-1.486450e-10	-2.493113e+01	-5.825895e+00
1.000000e-07	-3.704663e-06	-1.483393e-10	-2.483647e+01	-6.011252e+00
1.100000e-07	-3.688732e-06	-6.406927e-11	-2.472968e+01	-6.068316e+00
1.200000e-07	-3.671520e-06	6.402518e-11	-2.461428e+01	-5.957657e+00
1.300000e-07	-3.653546e-06	-9.925636e-11	-2.449379e+01	-5.733600e+00
1.400000e-07	-3.634487e-06	-2.288203e-10	-2.436601e+01	-5.506981e+00
1.500000e-07	-3.614373e-06	5.496947e-11	-2.423117e+01	-5.378073e+00
1.600000e-07	-3.593378e-06	-2.445621e-11	-2.409041e+01	-5.381109e+00
1.700000e-07	-3.570966e-06	-2.176306e-10	-2.394016e+01	-5.471364e+00
1.800000e-07	-3.547206e-06	6.447599e-12	-2.378087e+01	-5.557803e+00
1.900000e-07	-3.522711e-06	-6.775464e-11	-2.361665e+01	-5.557677e+00
2.000000e-07	-3.496931e-06	-2.418226e-10	-2.344382e+01	-5.439974e+00
2.100000e-07	-3.469394e-06	2.944781e-11	-2.325921e+01	-5.235436e+00
2.200000e-07	-3.440648e-06	3.323591e-11	-2.306649e+01	-5.012806e+00
2.300000e-07	-3.410874e-06	-1.960381e-10	-2.286688e+01	-4.839302e+00
2.400000e-07	-3.379913e-06	-8.408818e-11	-2.265932e+01	-4.748553e+00
2.500000e-07	-3.347754e-06	-6.107737e-11	-2.244372e+01	-4.730853e+00
2.600000e-07	-3.314273e-06	-8.137963e-11	-2.221926e+01	-4.746253e+00
2.700000e-07	-3.279452e-06	-2.667631e-11	-2.198582e+01	-4.749531e+00
2.800000e-07	-3.243540e-06	-1.323513e-10	-2.174506e+01	-4.712703e+00
2.900000e-07	-3.206501e-06	-1.109732e-10	-2.149674e+01	-4.634847e+00
3.000000e-07	-3.168256e-06	1.653810e-11	-2.124035e+01	-4.536783e+00
3.100000e-07	-3.128905e-06	-5.585063e-11	-2.097653e+01	-4.445442e+00
3.200000e-07	-3.088676e-06	-9.464829e-11	-2.070683e+01	-4.376822e+00
3.300000e-07	-3.047585e-06	-7.469680e-11	-2.043136e+01	-4.326519e+00
3.400000e-07	-3.005096e-06	-9.482175e-11	-2.014650e+01	-4.272883e+00
3.500000e-07	-2.961188e-06	-3.083320e-11	-1.985213e+01	-4.191351e+00
3.600000e-07	-2.916228e-06	-1.576531e-11	-1.955072e+01	-4.072013e+00
3.700000e-07	-2.870315e-06	-9.089878e-11	-1.924292e+01	-3.929621e+00
3.800000e-07	-2.823356e-06	-1.014308e-10	-1.892810e+01	-3.798634e+00
3.900000e-07	-2.775368e-06	-1.825970e-11	-1.860638e+01	-3.714487e+00
4.000000e-07	-2.726454e-06	-1.412244e-11	-1.827845e+01	-3.691570e+00
4.100000e-07	-2.676372e-06	-7.985590e-11	-1.794270e+01	-3.711884e+00
4.200000e-07	-2.624925e-06	-9.025279e-11	-1.759779e+01	-3.732995e+00
4.300000e-07	-2.572214e-06	-5.957421e-11	-1.724442e+01	-3.712006e+00
4.400000e-07	-2.518480e-06	-1.819882e-11	-1.688417e+01	-3.631532e+00
4.500000e-07	-2.463897e-06	-2.378960e-11	-1.651824e+01	-3.511407e+00
4.600000e-07	-2.408522e-06	-7.437792e-11	-1.614700e+01	-3.398389e+00
4.700000e-07	-2.352526e-06	-7.767032e-11	-1.577160e+01	-3.339969e+00
4.800000e-07	-2.295873e-06	-3.053185e-11	-1.539179e+01	-3.358372e+00
4.900000e-07	-2.238097e-06	-2.090237e-11	-1.500446e+01	-3.440075e+00
5.000000e-07	-2.179095e-06	-4.759769e-11	-1.460890e+01	-3.545541e+00
5.100000e-07	-2.119264e-06	-7.963174e-11	-1.420779e+01	-3.630890e+00
5.200000e-07	-2.058863e-06	-6.552491e-11	-1.380285e+01	-3.667084e+00
5.300000e-07	-1.997808e-06	-2.499917e-11	-1.339353e+01	-3.646528e+00
5.400000e-07	-1.936061e-06	-3.126380e-11	-1.297957e+01	-3.577488e+00
5.500000e-07	-1.873727e-06	-6.957389e-11	-1.256168e+01	-3.475047e+00
5.600000e-07	-1.810769e-06	-7.967396e-11	-1.213960e+01	-3.357048e+00
5.700000e-07	-1.747128e-06	-3.898476e-11	-1.171294e+01	-3.245884e+00
5.800000e-07	-1.682958e-06	-1.891565e-11	-1.128274e+01	-3.169188e+00
5.900000e-07	-1.618321e-06	-3.937540e-11	-1.084941e+01	-3.151929e+00
6.000000e-07	-1.553112e-06	-6.729254e-11	-1.041224e+01	-3.200259e+00
6.100000e-07	-1.487208e-06	-6.233728e-11	-9.970409e+00	-3.287502e+00
6.200000e-07	-1.420458e-06	-3.095225e-11	-9.522907e+00	-3.355820e+00
6.300000e-07	-1.352982e-06	-3.012150e-11	-9.070540e+00	-3.339136e+00
6.400000e-07	-1.285095e-06	-6.001129e-11	-8.615422e+00	-3.198123e+00
6.500000e-07	-1.216950e-06	-6.882799e-11	-8.158572e+00	-2.947087e+00
6.600000e-07	-1.148567e-06	-3.653150e-11	-7.700125e+00	-2.654194e+00
6.700000e-07	-1.079840e-06	-1.306183e-11	-7.239370e+00	-2.411192e+00
6.800000e-07	-1.010621e-06	-2.686226e-11	-6.775320e+00	-2.287493e+00
6.900000e-07	-9.410260e-07	-5.497621e-11	-6.308744e+00	-2.293881e+00
7.000000e-07	-8.711486e-07	-5.340086e-11	-5.840278e+00	-2.376132e+00
7.100000e-07	-8.009633e-07	-3.086160e-11	-5.369748e+00	-2.441640e+00
7.200000e-07	-7.305101e-07	-2.835119e-11	-4.897422e+00	-2.403807e+00
7.300000e-07	-6.597751e-07	-4.804896e-11	-4.423206e+00	-2.220613e+00
7.400000e-07	-5.888563e-07	-5.497541e-11	-3.947759e+00	-1.909500e+00
7.500000e-07	-5.176995e-07	-2.983597e-11	-3.470716e+00	-1.535109e+00
7.600000e-07	-4.461734e-07	-6.285589e-12	-2.991197e+00	-1.179862e+00
7.700000e-07	-3.744811e-07	-1.103260e-11	-2.510563e+00	-9.125526e-01
7.800000e-07	-3.027695e-07	-3.359534e-11	-2.029801e+00	-7.665118e-01
7.900000e-07	-2.309599e-07	-3.414548e-11	-1.548381e+00	-7.317852e-01
8.000000e-07	-1.590248e-07	-1.435446e-11	-1.066120e+00	-7.604336e-01
8.100000e-07	-8.704175e-08	-7.567317e-12	-5.835377e-01	-7.824027e-01
8.200000e-07	-1.505743e-08	-2.325410e-11	-1.009467e-01	-7.288613e-01
8.300000e-07	5.689425e-08	-3.553793e-11	3.814254e-01	-5.576826e-01
8.400000e-07	1.287938e-07	-1.999756e-11	8.634482e-01	-2.721779e-01
8.500000e-07	2.006508e-07	1.709683e-12	1.345185e+00	7.683543e-02
8.600000e-07	2.724981e-07	3.693537e-12	1.826858e+00	4.103182e-01
8.700000e-07	3.442486e-07	-1.008177e-11	2.307881e+00	6.556066e-01
8.800000e-07	4.158259e-07	-1.052014e-11	2.787743e+00	7.801563e-01
8.900000e-07	4.873241e-07	4.620944e-12	3.267076e+00	8.063180e-01
9.000000e-07	5.587163e-07	1.277615e-11	3.745697e+00	7.982733e-01
9.100000e-07	6.298234e-07	1.307169e-12	4.222407e+00	8.279899e-01
9.200000e-07	7.005887e-07	-1.065275e-11	4.696826e+00	9.393358e-01
9.300000e-07	7.710568e-07	-6.868620e-13	5.169251e+00	1.130066e+00
9.400000e-07	8.412929e-07	1.788105e-11	5.640122e+00	1.359767e+00
9.500000e-07	9.113213e-07	2.166763e-11	6.109601e+00	1.575879e+00
9.600000e-07	9.810314e-07	9.498382e-12	6.576945e+00	1.740373e+00
9.700000e-07	1.050316e-06	5.275492e-12	7.041434e+00	1.842268e+00
9.800000e-07	1.119234e-06	1.701636e-11	7.503473e+00	1.892972e+00
9.900000e-07	1.187850e-06	2.610849e-11	7.963482e+00	1.913022e+00
1.000000e-06	1.256167e-06	1.546224e-11	8.421483e+00	1.921973e+00
1.010000e-06	1.324154e-06	-1.258601e-13	8.877276e+00	1.936786e+00
1.020000e-06	1.391722e-06	2.198113e-12	9.330258e+00	1.974576e+00
1.030000e-06	1.458834e-06	1.799097e-11	9.780186e+00	2.051476e+00
1.040000e-06	1.525228e-06	2.668305e-11	1.022530e+01	2.174011e+00
1.050000e-06	1.590724e-06	1.942728e-11	1.066440e+01	2.328580e+00
1.060000e-06	1.655464e-06	1.402942e-11	1.109841e+01	2.479764e+00
1.070000e-06	1.719707e-06	2.025684e-11	1.152911e+01	2.583894e+00
1.080000e-06	1.783600e-06	2.744815e-11	1.195746e+01	2.612910e+00
1.090000e-06	1.846937e-06	1.987966e-11	1.238207e+01	2.573776e+00
1.100000e-06	1.909558e-06	5.837012e-12	1.280189e+01	2.508949e+00
1.110000e-06	1.971534e-06	5.714326e-12	1.321738e+01	2.474752e+00
1.120000e-06	2.032939e-06	2.047611e-11	1.362905e+01	2.509506e+00
1.130000e-06	2.093733e-06	2.952561e-11	1.403662e+01	2.611149e+00
1.140000e-06	2.153933e-06	2.156161e-11	1.444021e+01	2.738721e+00
1.150000e-06	2.213443e-06	1.329970e-11	1.483917e+01	2.836874e+00
1.160000e-06	2.271881e-06	1.687334e-11	1.523095e+01	2.867945e+00
1.170000e-06	2.329112e-06	2.510510e-11	1.561463e+01	2.831980e+00
1.180000e-06	2.385526e-06	2.155823e-11	1.599283e+01	2.763886e+00
1.190000e-06	2.441312e-06	1.071169e-11	1.636683e+01	2.711825e+00
1.200000e-06	2.496260e-06	1.030813e-11	1.673521e+01	2.711758e+00
1.210000e-06	2.550301e-06	2.170594e-11	1.709750e+01	2.772919e+00
1.220000e-06	2.603439e-06	2.910307e-11	1.745375e+01	2.879643e+00
1.230000e-06	2.655636e-06	2.311382e-11	1.780368e+01	3.004090e+00
1.240000e-06	2.706602e-06	1.564225e-11	1.814536e+01	3.119624e+00
1.250000e-06	2.756117e-06	1.963455e-11	1.847732e+01	3.207952e+00
1.260000e-06	2.804494e-06	2.729631e-11	1.880165e+01	3.260097e+00
1.270000e-06	2.851936e-06	2.564257e-11	1.911970e+01	3.275587e+00
1.280000e-06	2.898431e-06	1.780438e-11	1.943141e+01	3.262911e+00
1.290000e-06	2.944024e-06	1.515678e-11	1.973707e+01	3.239807e+00
1.300000e-06	2.988712e-06	2.190188e-11	2.003666e+01	3.229542e+00
1.310000e-06	3.032465e-06	2.757479e-11	2.032998e+01	3.251845e+00
1.320000e-06	3.074988e-06	2.290544e-11	2.061507e+01	3.312638e+00
1.330000e-06	3.116133e-06	1.589224e-11	2.089091e+01	3.399864e+00
1.340000e-06	3.156218e-06	1.763568e-11	2.115964e+01	3.489900e+00
1.350000e-06	3.195268e-06	2.530984e-11	2.142144e+01	3.561773e+00
1.360000e-06	3.233170e-06	2.789011e-11	2.167553e+01	3.610119e+00
1.370000e-06	3.270066e-06	2.212561e-11	2.192289e+01	3.648114e+00
1.380000e-06	3.306059e-06	1.932633e-11	2.216419e+01	3.698477e+00
1.390000e-06	3.340820e-06	2.587949e-11	2.239723e+01	3.779197e+00
1.400000e-06	3.374088e-06	3.328579e-11	2.262026e+01	3.894002e+00
1.410000e-06	3.406154e-06	3.356377e-11	2.283524e+01	4.033308e+00
1.420000e-06	3.437136e-06	2.965627e-11	2.304295e+01	4.182945e+00
1.430000e-06	3.467020e-06	3.063566e-11	2.324329e+01	4.332351e+00
1.440000e-06	3.495830e-06	3.679975e-11	2.343644e+01	4.475795e+00
1.450000e-06	3.523384e-06	3.926952e-11	2.362116e+01	4.607508e+00
1.460000e-06	3.549487e-06	3.476952e-11	2.379616e+01	4.717900e+00
1.470000e-06	3.574216e-06	3.157506e-11	2.396195e+01	4.797263e+00
1.480000e-06	3.597710e-06	3.688815e-11	2.411945e+01	4.845802e+00
1.490000e-06	3.619946e-06	4.682139e-11	2.426852e+01	4.880998e+00
1.500000e-06	3.641030e-06	4.995738e-11	2.440988e+01	4.932905e+00
1.510000e-06	3.661052e-06	4.690417e-11	2.454411e+01	5.026629e+00
1.520000e-06	3.679767e-06	4.724121e-11	2.466957e+01	5.162977e+00
1.530000e-06	3.697112e-06	5.161657e-11	2.478586e+01	5.312855e+00
1.540000e-06	3.713128e-06	5.376289e-11	2.489323e+01	5.433168e+00
1.550000e-06	3.727698e-06	5.075532e-11	2.499091e+01	5.496041e+00
1.560000e-06	3.740924e-06	4.862786e-11	2.507958e+01	5.510951e+00
1.570000e-06	3.752756e-06	5.396711e-11	2.515890e+01	5.521614e+00
1.580000e-06	3.762916e-06	6.199654e-11	2.522702e+01	5.576387e+00
1.590000e-06	3.771557e-06	6.487494e-11	2.528494e+01	5.691314e+00
1.600000e-06	3.778977e-06	6.299853e-11	2.533469e+01	5.833111e+00
1.610000e-06	3.785120e-06	6.308522e-11	2.537587e+01	5.937630e+00
1.620000e-06	3.790031e-06	6.646661e-11	2.540880e+01	5.954274e+00
1.630000e-06	3.793743e-06	6.708057e-11	2.543368e+01	5.886171e+00
1.640000e-06	3.795918e-06	6.251225e-11	2.544826e+01	5.795647e+00
1.650000e-06	3.796617e-06	5.885044e-11	2.545295e+01	5.766830e+00
1.660000e-06	3.796123e-06	6.285797e-11	2.544963e+01	5.847739e+00
1.670000e-06	3.794427e-06	6.991759e-11	2.543827e+01	6.011185e+00
1.680000e-06	3.791608e-06	7.501736e-11	2.541937e+01	6.164056e+00
1.690000e-06	3.787769e-06	7.289142e-11	2.539363e+01	6.203010e+00
1.700000e-06	3.782584e-06	6.817719e-11	2.535887e+01	6.082351e+00
1.710000e-06	3.775861e-06	6.843736e-11	2.531380e+01	5.849304e+00
1.720000e-06	3.768003e-06	8.236258e-11	2.526112e+01	5.621418e+00
1.730000e-06	3.759131e-06	1.047025e-10	2.520164e+01	5.518086e+00
1.740000e-06	3.749086e-06	2.564910e-11	2.513429e+01	5.588487e+00
1.750000e-06	3.737148e-06	-2.079385e-11	2.505426e+01	5.781290e+00
1.760000e-06	3.722690e-06	4.451912e-12	2.495733e+01	5.975074e+00
1.770000e-06	3.706347e-06	1.681345e-10	2.484777e+01	6.050126e+00
1.780000e-06	3.689457e-06	1.661387e-10	2.473453e+01	5.957019e+00
1.790000e-06	3.672467e-06	-9.680120e-11	2.462063e+01	5.740947e+00
1.800000e-06	3.654214e-06	4.937511e-11	2.449826e+01	5.509709e+00
1.810000e-06	3.634270e-06	2.113425e-10	2.436456e+01	5.367905e+00
1.820000e-06	3.613554e-06	-3.864356e-11	2.422567e+01	5.358349e+00
1.830000e-06	3.591698e-06	3.969058e-11	2.407915e+01	5.443895e+00
1.840000e-06	3.567827e-06	2.317527e-10	2.391911e+01	5.535963e+00
1.850000e-06	3.542593e-06	-6.394630e-11	2.374994e+01	5.548391e+00
1.860000e-06	3.516457e-06	1.670914e-11	2.357472e+01	5.443467e+00
1.870000e-06	3.489204e-06	3.128677e-10	2.339202e+01	5.245963e+00
1.880000e-06	3.460807e-06	5.192095e-11	2.320164e+01	5.022362e+00
1.890000e-06	3.430810e-06	8.200127e-12	2.300053e+01	4.841884e+00
1.900000e-06	3.399284e-06	1.671609e-10	2.278919e+01	4.742672e+00
1.910000e-06	3.366796e-06	4.054894e-11	2.257138e+01	4.719377e+00
1.920000e-06	3.333058e-06	1.496187e-10	2.234520e+01	4.734182e+00
1.930000e-06	3.298116e-06	1.093772e-10	2.211094e+01	4.741201e+00
1.940000e-06	3.262426e-06	-4.418788e-11	2.187167e+01	4.709861e+00
1.950000e-06	3.225327e-06	1.947355e-10	2.162296e+01	4.636343e+00
1.960000e-06	3.186606e-06	1.632029e-10	2.136336e+01	4.539773e+00
1.970000e-06	3.146912e-06	3.337766e-11	2.109725e+01	4.447297e+00
1.980000e-06	3.106208e-06	1.239791e-10	2.082437e+01	4.376735e+00
1.990000e-06	3.064474e-06	4.213085e-11	2.054458e+01	4.325953e+00
2.000000e-06	3.021810e-06	8.286457e-11	2.025856e+01	4.274614e+00
2.010000e-06	2.978312e-06	1.696702e-10	1.996694e+01	4.197594e+00
2.020000e-06	2.933851e-06	5.886184e-11	1.966887e+01	4.082715e+00
2.030000e-06	2.888024e-06	5.049024e-11	1.936164e+01	3.942037e+00
2.040000e-06	2.841212e-06	7.328755e-11	1.904780e+01	3.808615e+00
2.050000e-06	2.793569e-06	1.318756e-10	1.872840e+01	3.718898e+00
2.060000e-06	2.744731e-06	1.165445e-10	1.840098e+01	3.690367e+00
2.070000e-06	2.694836e-06	1.893979e-11	1.806648e+01	3.708472e+00
2.080000e-06	2.643987e-06	7.469782e-11	1.772558e+01	3.732444e+00
2.090000e-06	2.592197e-06	9.678621e-11	1.737838e+01	3.718081e+00
2.100000e-06	2.539170e-06	1.139396e-10	1.702288e+01	3.644344e+00
2.110000e-06	2.484719e-06	9.074984e-11	1.665784e+01	3.527182e+00
2.120000e-06	2.429377e-06	2.740813e-11	1.628682e+01	3.411558e+00
2.130000e-06	2.373369e-06	9.349497e-11	1.591133e+01	3.346281e+00
2.140000e-06	2.316515e-06	1.056825e-10	1.553018e+01	3.357147e+00
2.150000e-06	2.258810e-06	9.484564e-11	1.514332e+01	3.434325e+00
2.160000e-06	2.200297e-06	7.897414e-11	1.475104e+01	3.540123e+00
2.170000e-06	2.141151e-06	4.644700e-11	1.435452e+01	3.630048e+00
2.180000e-06	2.081507e-06	1.040308e-10	1.395466e+01	3.672899e+00
2.190000e-06	2.021190e-06	1.152776e-10	1.355029e+01	3.658889e+00
2.200000e-06	1.959824e-06	8.279392e-11	1.313888e+01	3.595045e+00
2.210000e-06	1.897284e-06	5.805235e-11	1.271961e+01	3.496042e+00
2.220000e-06	1.834041e-06	5.879299e-11	1.229562e+01	3.379408e+00
2.230000e-06	1.770409e-06	1.061620e-10	1.186902e+01	3.266916e+00
2.240000e-06	1.706223e-06	9.316989e-11	1.143871e+01	3.185832e+00
2.250000e-06	1.641389e-06	6.881222e-11	1.100406e+01	3.162091e+00
2.260000e-06	1.576036e-06	6.472519e-11	1.056592e+01	3.204692e+00
2.270000e-06	1.510255e-06	8.306502e-11	1.012492e+01	3.290766e+00
2.280000e-06	1.443881e-06	1.155329e-10	9.679941e+00	3.365069e+00
2.290000e-06	1.376934e-06	8.400596e-11	9.231119e+00	3.360800e+00
2.300000e-06	1.309652e-06	5.806634e-11	8.780057e+00	3.234150e+00
2.310000e-06	1.242160e-06	6.236375e-11	8.327582e+00	2.993097e+00
2.320000e-06	1.174373e-06	8.531699e-11	7.873132e+00	2.701010e+00
2.330000e-06	1.106054e-06	9.123900e-11	7.415112e+00	2.449230e+00
2.340000e-06	1.037148e-06	5.620568e-11	6.953157e+00	2.311681e+00
2.350000e-06	9.675855e-07	4.773266e-11	6.486802e+00	2.306361e+00
2.360000e-06	8.973854e-07	6.472082e-11	6.016173e+00	2.385245e+00
2.370000e-06	8.267279e-07	8.049183e-11	5.542477e+00	2.457840e+00
2.380000e-06	7.557860e-07	6.516309e-11	5.066875e+00	2.434764e+00
2.390000e-06	6.846923e-07	3.877584e-11	4.590254e+00	2.268007e+00
2.400000e-06	6.134385e-07	4.134761e-11	4.112561e+00	1.968793e+00
2.410000e-06	5.420249e-07	5.736722e-11	3.633796e+00	1.597935e+00
2.420000e-06	4.704941e-07	6.039368e-11	3.154246e+00	1.237540e+00
2.430000e-06	3.989239e-07	3.612098e-11	2.674431e+00	9.591350e-01
2.440000e-06	3.273289e-07	1.883131e-11	2.194450e+00	8.004781e-01
2.450000e-06	2.556431e-07	3.126922e-11	1.713860e+00	7.562100e-01
2.460000e-06	1.838130e-07	4.621846e-11	1.232303e+00	7.818664e-01
2.470000e-06	1.118782e-07	3.896970e-11	7.500438e-01	8.087455e-01
2.480000e-06	3.999447e-08	1.904139e-11	2.681274e-01	7.666417e-01
2.490000e-06	-3.184043e-08	1.599044e-11	-2.134618e-01	6.094639e-01
2.500000e-06	-1.037067e-07	3.017784e-11	-6.952611e-01	3.351920e-01
2.510000e-06	-1.755859e-07	3.021953e-11	-1.177148e+00	-9.893321e-03
2.520000e-06	-2.473900e-07	8.906818e-12	-1.658530e+00	-3.482839e-01
2.530000e-06	-3.190419e-07	-6.915471e-12	-2.138893e+00	-6.048399e-01
2.540000e-06	-3.905871e-07	-1.127026e-13	-2.618540e+00	-7.415529e-01
2.550000e-06	-4.620704e-07	1.286578e-11	-3.097772e+00	-7.750249e-01
2.560000e-06	-5.334708e-07	8.370987e-12	-3.576448e+00	-7.663461e-01
2.570000e-06	-6.047663e-07	-7.394232e-12	-4.054421e+00	-7.885205e-01
2.580000e-06	-6.759722e-07	-1.103410e-11	-4.531794e+00	-8.897281e-01
2.590000e-06	-7.470753e-07	2.157255e-12	-5.008477e+00	-1.072730e+00
2.600000e-06	-8.179533e-07	7.113837e-12	-5.483651e+00	-1.300145e+00
2.610000e-06	-8.884057e-07	-8.784719e-12	-5.955972e+00	-1.519295e+00
2.620000e-06	-9.582449e-07	-2.492721e-11	-6.424182e+00	-1.689673e+00
2.630000e-06	-1.027460e-06	-2.116984e-11	-6.888206e+00	-1.797360e+00
2.640000e-06	-1.096085e-06	-8.467887e-12	-7.348280e+00	-1.851953e+00
2.650000e-06	-1.164227e-06	-1.053608e-11	-7.805108e+00	-1.873629e+00
2.660000e-06	-1.231962e-06	-2.560237e-11	-8.259213e+00	-1.882272e+00
2.670000e-06	-1.299348e-06	-3.280114e-11	-8.710978e+00	-1.894994e+00
2.680000e-06	-1.366424e-06	-2.335076e-11	-9.160662e+00	-1.928823e+00
2.690000e-06	-1.433069e-06	-1.517253e-11	-9.607455e+00	-2.000290e+00
2.700000e-06	-1.499169e-06	-2.298564e-11	-1.005060e+01	-2.117504e+00
2.710000e-06	-1.564720e-06	-3.590527e-11	-1.049006e+01	-2.269346e+00
2.720000e-06	-1.629816e-06	-3.566245e-11	-1.092647e+01	-2.422357e+00
2.730000e-06	-1.694382e-06	-2.625983e-11	-1.135933e+01	-2.532691e+00
2.740000e-06	-1.758308e-06	-2.639435e-11	-1.178789e+01	-2.569464e+00
2.750000e-06	-1.821692e-06	-3.733885e-11	-1.221283e+01	-2.535453e+00
2.760000e-06	-1.884595e-06	-4.251040e-11	-1.263454e+01	-2.470005e+00
2.770000e-06	-1.946816e-06	-3.292749e-11	-1.305168e+01	-2.429459e+00
2.780000e-06	-2.008070e-06	-2.324321e-11	-1.346232e+01	-2.455464e+00
2.790000e-06	-2.068349e-06	-2.758200e-11	-1.386645e+01	-2.550692e+00
2.800000e-06	-2.127914e-06	-3.815781e-11	-1.426578e+01	-2.677494e+00
2.810000e-06	-2.186899e-06	-3.979670e-11	-1.466122e+01	-2.780489e+00
2.820000e-06	-2.245178e-06	-3.369553e-11	-1.505192e+01	-2.818809e+00
2.830000e-06	-2.302639e-06	-3.446287e-11	-1.543715e+01	-2.788174e+00
2.840000e-06	-2.359239e-06	-4.284342e-11	-1.581661e+01	-2.720562e+00
2.850000e-06	-2.415049e-06	-4.481950e-11	-1.619076e+01	-2.664007e+00
2.860000e-06	-2.470196e-06	-3.535795e-11	-1.656047e+01	-2.656753e+00
2.870000e-06	-2.524383e-06	-2.655082e-11	-1.692375e+01	-2.711085e+00
2.880000e-06	-2.577238e-06	-2.994466e-11	-1.727809e+01	-2.813508e+00
2.890000e-06	-2.628940e-06	-3.918233e-11	-1.762471e+01	-2.936776e+00
2.900000e-06	-2.679682e-06	-4.138794e-11	-1.796489e+01	-3.053648e+00
2.910000e-06	-2.729397e-06	-3.723498e-11	-1.829818e+01	-3.144813e+00
2.920000e-06	-2.777968e-06	-3.866527e-11	-1.862381e+01	-3.200343e+00
2.930000e-06	-2.825208e-06	-4.822710e-11	-1.894051e+01	-3.218859e+00
2.940000e-06	-2.871265e-06	-5.369182e-11	-1.924928e+01	-3.207842e+00
2.950000e-06	-2.916451e-06	-4.681538e-11	-1.955222e+01	-3.184118e+00
2.960000e-06	-2.960759e-06	-3.793470e-11	-1.984926e+01	-3.170715e+00
2.970000e-06	-3.004226e-06	-3.800401e-11	-2.014067e+01	-3.188270e+00
2.980000e-06	-3.046850e-06	-4.499544e-11	-2.042643e+01	-3.244552e+00
2.990000e-06	-3.088460e-06	-4.833965e-11	-2.070538e+01	-3.329311e+00
3.000000e-06	-3.129025e-06	-4.660179e-11	-2.097734e+01	-3.419565e+00
3.010000e-06	-3.168642e-06	-4.840656e-11	-2.124294e+01	-3.493323e+00
3.020000e-06	-3.207194e-06	-5.541424e-11	-2.150139e+01	-3.543186e+00
3.030000e-06	-3.244288e-06	-5.941507e-11	-2.175007e+01	-3.580590e+00
3.040000e-06	-3.280085e-06	-5.580134e-11	-2.199006e+01	-3.627910e+00
3.050000e-06	-3.314907e-06	-4.732817e-11	-2.222351e+01	-3.704254e+00
3.060000e-06	-3.348648e-06	-4.605758e-11	-2.244972e+01	-3.815025e+00
3.070000e-06	-3.381220e-06	-5.239165e-11	-2.266808e+01	-3.951726e+00
3.080000e-06	-3.412699e-06	-5.638028e-11	-2.287912e+01	-4.100202e+00
3.090000e-06	-3.442995e-06	-5.669846e-11	-2.308223e+01	-4.249301e+00
3.100000e-06	-3.471842e-06	-5.921732e-11	-2.327562e+01	-4.392947e+00
3.110000e-06	-3.499385e-06	-6.850643e-11	-2.346027e+01	-4.525644e+00
3.120000e-06	-3.525756e-06	-7.580321e-11	-2.363706e+01	-4.638192e+00
3.130000e-06	-3.550846e-06	-7.421977e-11	-2.380527e+01	-4.720473e+00
3.140000e-06	-3.574808e-06	-6.791978e-11	-2.396592e+01	-4.771134e+00
3.150000e-06	-3.597597e-06	-6.526504e-11	-2.411870e+01	-4.805770e+00
3.160000e-06	-3.618871e-06	-6.872863e-11	-2.426132e+01	-4.853753e+00
3.170000e-06	-3.638757e-06	-7.251013e-11	-2.439464e+01	-4.941747e+00
3.180000e-06	-3.657484e-06	-7.141329e-11	-2.452019e+01	-5.073788e+00
3.190000e-06	-3.675013e-06	-7.091576e-11	-2.463770e+01	-5.223594e+00
3.200000e-06	-3.691337e-06	-7.607289e-11	-2.474714e+01	-5.348263e+00
3.210000e-06	-3.706371e-06	-8.271833e-11	-2.484793e+01	-5.416915e+00
3.220000e-06	-3.719776e-06	-8.167254e-11	-2.493780e+01	-5.434642e+00
3.230000e-06	-3.731532e-06	-7.644146e-11	-2.501661e+01	-5.442536e+00
3.240000e-06	-3.741974e-06	-7.472327e-11	-2.508662e+01	-5.490328e+00
3.250000e-06	-3.751134e-06	-7.880422e-11	-2.514802e+01	-5.598893e+00
3.260000e-06	-3.759080e-06	-8.203243e-11	-2.520130e+01	-5.739993e+00
3.270000e-06	-3.765762e-06	-8.012521e-11	-2.524609e+01	-5.850914e+00
3.280000e-06	-3.770837e-06	-7.925022e-11	-2.528012e+01	-5.877314e+00
3.290000e-06	-3.774466e-06	-8.185799e-11	-2.530445e+01	-5.815515e+00
3.300000e-06	-3.776970e-06	-8.468124e-11	-2.532123e+01	-5.722617e+00
3.310000e-06	-3.778241e-06	-8.345180e-11	-2.532975e+01	-5.683131e+00
3.320000e-06	-3.778314e-06	-8.049964e-11	-2.533024e+01	-5.751476e+00
