# Temperatura_=_20.0
# Concentracion g/m^3_=_10000.0
# C_Vs_to_Am_M_A/Vsm_=_65563218390.804596
# pendiente_HvsI_1/m_=_3716.3
# ordenada_HvsI_A/m_=_1297.0
# frecuencia_Hz_=_301198.41071839357

Tiempo_(s)	Campo_(V.s)	Magnetizacion_(V.s)	Campo_(kA/m)	Magnetizacion_(A/m)
0.000000e+00	-2.957939e-06	-6.563210e-09	-1.976232e+01	-4.273934e+02
1.000000e-08	-2.957307e-06	-6.563290e-09	-1.975811e+01	-4.272184e+02
2.000000e-08	-2.955933e-06	-6.566754e-09	-1.974892e+01	-4.270543e+02
3.000000e-08	-2.953297e-06	-6.574262e-09	-1.973131e+01	-4.271861e+02
4.000000e-08	-2.949336e-06	-6.580172e-09	-1.970485e+01	-4.276297e+02
5.000000e-08	-2.944595e-06	-6.579340e-09	-1.967318e+01	-4.280562e+02
6.000000e-08	-2.939097e-06	-6.574705e-09	-1.963644e+01	-4.279886e+02
7.000000e-08	-2.932636e-06	-6.564331e-09	-1.959327e+01	-4.271656e+02
8.000000e-08	-2.925136e-06	-6.535075e-09	-1.954316e+01	-4.258108e+02
9.000000e-08	-2.916545e-06	-6.547949e-09	-1.948577e+01	-4.245739e+02
1.000000e-07	-2.906461e-06	-6.553152e-09	-1.941840e+01	-4.241243e+02
1.100000e-07	-2.894709e-06	-6.530370e-09	-1.933988e+01	-4.246404e+02
1.200000e-07	-2.882122e-06	-6.423289e-09	-1.925579e+01	-4.255483e+02
1.300000e-07	-2.868919e-06	-6.475966e-09	-1.916757e+01	-4.257370e+02
1.400000e-07	-2.854608e-06	-6.638321e-09	-1.907196e+01	-4.241689e+02
1.500000e-07	-2.839100e-06	-6.458660e-09	-1.896835e+01	-4.205252e+02
1.600000e-07	-2.822615e-06	-6.326092e-09	-1.885821e+01	-4.154758e+02
1.700000e-07	-2.804805e-06	-6.326002e-09	-1.873922e+01	-4.103822e+02
1.800000e-07	-2.785638e-06	-6.275717e-09	-1.861116e+01	-4.066003e+02
1.900000e-07	-2.765997e-06	-6.167603e-09	-1.847994e+01	-4.047971e+02
2.000000e-07	-2.745761e-06	-6.248197e-09	-1.834474e+01	-4.046838e+02
2.100000e-07	-2.724253e-06	-6.268607e-09	-1.820104e+01	-4.052886e+02
2.200000e-07	-2.701787e-06	-6.033596e-09	-1.805094e+01	-4.055581e+02
2.300000e-07	-2.678811e-06	-6.113880e-09	-1.789744e+01	-4.048939e+02
2.400000e-07	-2.654899e-06	-6.240842e-09	-1.773768e+01	-4.033179e+02
2.500000e-07	-2.629929e-06	-6.051634e-09	-1.757086e+01	-4.012371e+02
2.600000e-07	-2.604025e-06	-5.975301e-09	-1.739779e+01	-3.990391e+02
2.700000e-07	-2.576925e-06	-6.059019e-09	-1.721673e+01	-3.968242e+02
2.800000e-07	-2.548750e-06	-5.981479e-09	-1.702849e+01	-3.944331e+02
2.900000e-07	-2.519781e-06	-5.966468e-09	-1.683495e+01	-3.916930e+02
3.000000e-07	-2.489913e-06	-5.905468e-09	-1.663539e+01	-3.886491e+02
3.100000e-07	-2.459192e-06	-5.802923e-09	-1.643014e+01	-3.855908e+02
3.200000e-07	-2.427613e-06	-5.819740e-09	-1.621916e+01	-3.828575e+02
3.300000e-07	-2.395261e-06	-5.809958e-09	-1.600301e+01	-3.805847e+02
3.400000e-07	-2.362468e-06	-5.728659e-09	-1.578391e+01	-3.785921e+02
3.500000e-07	-2.328811e-06	-5.710519e-09	-1.555905e+01	-3.764969e+02
3.600000e-07	-2.293837e-06	-5.657037e-09	-1.532538e+01	-3.739619e+02
3.700000e-07	-2.257788e-06	-5.594023e-09	-1.508454e+01	-3.708961e+02
3.800000e-07	-2.221118e-06	-5.646114e-09	-1.483954e+01	-3.674685e+02
3.900000e-07	-2.183750e-06	-5.535001e-09	-1.458988e+01	-3.639473e+02
4.000000e-07	-2.145560e-06	-5.424570e-09	-1.433473e+01	-3.605015e+02
4.100000e-07	-2.106711e-06	-5.414706e-09	-1.407517e+01	-3.571126e+02
4.200000e-07	-2.067138e-06	-5.404903e-09	-1.381078e+01	-3.536461e+02
4.300000e-07	-2.026814e-06	-5.322219e-09	-1.354137e+01	-3.500012e+02
4.400000e-07	-1.985962e-06	-5.237118e-09	-1.326844e+01	-3.462074e+02
4.500000e-07	-1.944620e-06	-5.181743e-09	-1.299222e+01	-3.423905e+02
4.600000e-07	-1.902401e-06	-5.147091e-09	-1.271016e+01	-3.386469e+02
4.700000e-07	-1.858986e-06	-5.126877e-09	-1.242010e+01	-3.349412e+02
4.800000e-07	-1.814689e-06	-5.027825e-09	-1.212414e+01	-3.311173e+02
4.900000e-07	-1.769942e-06	-4.940424e-09	-1.182518e+01	-3.270182e+02
5.000000e-07	-1.724726e-06	-4.876364e-09	-1.152309e+01	-3.226153e+02
5.100000e-07	-1.678890e-06	-4.846623e-09	-1.121686e+01	-3.180413e+02
5.200000e-07	-1.632441e-06	-4.778249e-09	-1.090652e+01	-3.134938e+02
5.300000e-07	-1.585430e-06	-4.687047e-09	-1.059244e+01	-3.090847e+02
5.400000e-07	-1.537853e-06	-4.606998e-09	-1.027457e+01	-3.047509e+02
5.500000e-07	-1.489711e-06	-4.557759e-09	-9.952927e+00	-3.002955e+02
5.600000e-07	-1.441137e-06	-4.515057e-09	-9.628402e+00	-2.955284e+02
5.700000e-07	-1.392182e-06	-4.409728e-09	-9.301326e+00	-2.903989e+02
5.800000e-07	-1.342563e-06	-4.309670e-09	-8.969818e+00	-2.850229e+02
5.900000e-07	-1.292014e-06	-4.229053e-09	-8.632089e+00	-2.795911e+02
6.000000e-07	-1.240701e-06	-4.176740e-09	-8.289263e+00	-2.742332e+02
6.100000e-07	-1.188860e-06	-4.100357e-09	-7.942906e+00	-2.689400e+02
6.200000e-07	-1.136514e-06	-4.001101e-09	-7.593177e+00	-2.635960e+02
6.300000e-07	-1.083747e-06	-3.899621e-09	-7.240637e+00	-2.580836e+02
6.400000e-07	-1.030599e-06	-3.827849e-09	-6.885549e+00	-2.523712e+02
6.500000e-07	-9.770436e-07	-3.764707e-09	-6.527739e+00	-2.465180e+02
6.600000e-07	-9.231427e-07	-3.660620e-09	-6.167621e+00	-2.406013e+02
6.700000e-07	-8.689314e-07	-3.545618e-09	-5.805429e+00	-2.346332e+02
6.800000e-07	-8.143829e-07	-3.444205e-09	-5.440985e+00	-2.285407e+02
6.900000e-07	-7.596514e-07	-3.375246e-09	-5.075318e+00	-2.222244e+02
7.000000e-07	-7.047958e-07	-3.284920e-09	-4.708821e+00	-2.156445e+02
7.100000e-07	-6.496415e-07	-3.170682e-09	-4.340329e+00	-2.088613e+02
7.200000e-07	-5.941197e-07	-3.050231e-09	-3.969381e+00	-2.019963e+02
7.300000e-07	-5.383080e-07	-2.950971e-09	-3.596497e+00	-1.951422e+02
7.400000e-07	-4.823295e-07	-2.862857e-09	-3.222498e+00	-1.882963e+02
7.500000e-07	-4.262034e-07	-2.752143e-09	-2.847513e+00	-1.813648e+02
7.600000e-07	-3.698996e-07	-2.629653e-09	-2.471341e+00	-1.742340e+02
7.700000e-07	-3.134733e-07	-2.514142e-09	-2.094350e+00	-1.668482e+02
7.800000e-07	-2.570403e-07	-2.420079e-09	-1.717315e+00	-1.592359e+02
7.900000e-07	-2.005964e-07	-2.312572e-09	-1.340207e+00	-1.514701e+02
8.000000e-07	-1.440932e-07	-2.183341e-09	-9.627027e-01	-1.436035e+02
8.100000e-07	-8.758786e-08	-2.040943e-09	-5.851845e-01	-1.356339e+02
8.200000e-07	-3.107364e-08	-1.918753e-09	-2.076065e-01	-1.275259e+02
8.300000e-07	2.545655e-08	-1.808508e-09	1.700781e-01	-1.192613e+02
8.400000e-07	8.194806e-08	-1.681448e-09	5.475043e-01	-1.108669e+02
8.500000e-07	1.384466e-07	-1.541661e-09	9.249775e-01	-1.023914e+02
8.600000e-07	1.949704e-07	-1.405048e-09	1.302619e+00	-9.384910e+01
8.700000e-07	2.514296e-07	-1.288401e-09	1.679830e+00	-8.518567e+01
8.800000e-07	3.078297e-07	-1.161964e-09	2.056645e+00	-7.630326e+01
8.900000e-07	3.641418e-07	-1.014420e-09	2.432873e+00	-6.713321e+01
9.000000e-07	4.203164e-07	-8.556232e-10	2.808181e+00	-5.769969e+01
9.100000e-07	4.763656e-07	-7.120489e-10	3.182653e+00	-4.811824e+01
9.200000e-07	5.322510e-07	-5.797401e-10	3.556029e+00	-3.852242e+01
9.300000e-07	5.878922e-07	-4.362115e-10	3.927775e+00	-2.897049e+01
9.400000e-07	6.432723e-07	-2.793465e-10	4.297776e+00	-1.940387e+01
9.500000e-07	6.984162e-07	-1.237421e-10	4.666198e+00	-9.691760e+00
9.600000e-07	7.532980e-07	1.569269e-11	5.032870e+00	2.707951e-01
9.700000e-07	8.079617e-07	1.602279e-10	5.398084e+00	1.048627e+01
9.800000e-07	8.624459e-07	3.214709e-10	5.762099e+00	2.085831e+01
9.900000e-07	9.166922e-07	4.940551e-10	6.124525e+00	3.127059e+01
1.000000e-06	9.705972e-07	6.551493e-10	6.484670e+00	4.167596e+01
1.010000e-06	1.024074e-06	8.067928e-10	6.841955e+00	5.212301e+01
1.020000e-06	1.077079e-06	9.658124e-10	7.196085e+00	6.269884e+01
1.030000e-06	1.129649e-06	1.133479e-09	7.547317e+00	7.343594e+01
1.040000e-06	1.181899e-06	1.301005e-09	7.896398e+00	8.426266e+01
1.050000e-06	1.233696e-06	1.455941e-09	8.242466e+00	9.504210e+01
1.060000e-06	1.284758e-06	1.612104e-09	8.583617e+00	1.056723e+02
1.070000e-06	1.335031e-06	1.779144e-09	8.919494e+00	1.161674e+02
1.080000e-06	1.384551e-06	1.951559e-09	9.250345e+00	1.266501e+02
1.090000e-06	1.433492e-06	2.114603e-09	9.577323e+00	1.372547e+02
1.100000e-06	1.482114e-06	2.267987e-09	9.902174e+00	1.480102e+02
1.110000e-06	1.530392e-06	2.427467e-09	1.022472e+01	1.587952e+02
1.120000e-06	1.578089e-06	2.594099e-09	1.054339e+01	1.694011e+02
1.130000e-06	1.625158e-06	2.758722e-09	1.085787e+01	1.796617e+02
1.140000e-06	1.671714e-06	2.905000e-09	1.116891e+01	1.895540e+02
1.150000e-06	1.717684e-06	3.040602e-09	1.147604e+01	1.991988e+02
1.160000e-06	1.762992e-06	3.184021e-09	1.177875e+01	2.087630e+02
1.170000e-06	1.807807e-06	3.337217e-09	1.207817e+01	2.183376e+02
1.180000e-06	1.852277e-06	3.486812e-09	1.237527e+01	2.278816e+02
1.190000e-06	1.896224e-06	3.626807e-09	1.266889e+01	2.372638e+02
1.200000e-06	1.939272e-06	3.761677e-09	1.295650e+01	2.463622e+02
1.210000e-06	1.981158e-06	3.896830e-09	1.323634e+01	2.551400e+02
1.220000e-06	2.022149e-06	4.030492e-09	1.351021e+01	2.636438e+02
1.230000e-06	2.062646e-06	4.154628e-09	1.378077e+01	2.719360e+02
1.240000e-06	2.102579e-06	4.273091e-09	1.404757e+01	2.800262e+02
1.250000e-06	2.141775e-06	4.389505e-09	1.430944e+01	2.878628e+02
1.260000e-06	2.180226e-06	4.508292e-09	1.456633e+01	2.953876e+02
1.270000e-06	2.217904e-06	4.620944e-09	1.481807e+01	3.026041e+02
1.280000e-06	2.254895e-06	4.726371e-09	1.506521e+01	3.095929e+02
1.290000e-06	2.291361e-06	4.827269e-09	1.530885e+01	3.164553e+02
1.300000e-06	2.327041e-06	4.930383e-09	1.554722e+01	3.232272e+02
1.310000e-06	2.361612e-06	5.033433e-09	1.577820e+01	3.298348e+02
1.320000e-06	2.395088e-06	5.128801e-09	1.600186e+01	3.361336e+02
1.330000e-06	2.427718e-06	5.215713e-09	1.621986e+01	3.420048e+02
1.340000e-06	2.459626e-06	5.293818e-09	1.643304e+01	3.474392e+02
1.350000e-06	2.490710e-06	5.371180e-09	1.664072e+01	3.525444e+02
1.360000e-06	2.521007e-06	5.447949e-09	1.684313e+01	3.574717e+02
1.370000e-06	2.550440e-06	5.522121e-09	1.703978e+01	3.623205e+02
1.380000e-06	2.579136e-06	5.589934e-09	1.723150e+01	3.670915e+02
1.390000e-06	2.607159e-06	5.658127e-09	1.741873e+01	3.717157e+02
1.400000e-06	2.634050e-06	5.728636e-09	1.759839e+01	3.761267e+02
1.410000e-06	2.659624e-06	5.794399e-09	1.776925e+01	3.803111e+02
1.420000e-06	2.684219e-06	5.853046e-09	1.793357e+01	3.842974e+02
1.430000e-06	2.707913e-06	5.903789e-09	1.809188e+01	3.881035e+02
1.440000e-06	2.730639e-06	5.952936e-09	1.824371e+01	3.916987e+02
1.450000e-06	2.752456e-06	6.003194e-09	1.838947e+01	3.950250e+02
1.460000e-06	2.773434e-06	6.051180e-09	1.852963e+01	3.980628e+02
1.470000e-06	2.793740e-06	6.092972e-09	1.866530e+01	4.008810e+02
1.480000e-06	2.813098e-06	6.133135e-09	1.879463e+01	4.036152e+02
1.490000e-06	2.831282e-06	6.176233e-09	1.891611e+01	4.063767e+02
1.500000e-06	2.848515e-06	6.218849e-09	1.903125e+01	4.091590e+02
1.510000e-06	2.864644e-06	6.256542e-09	1.913901e+01	4.118219e+02
1.520000e-06	2.879611e-06	6.286526e-09	1.923901e+01	4.141782e+02
1.530000e-06	2.893540e-06	6.312368e-09	1.933207e+01	4.161255e+02
1.540000e-06	2.906474e-06	6.336941e-09	1.941848e+01	4.177251e+02
1.550000e-06	2.918287e-06	6.360528e-09	1.949741e+01	4.191613e+02
1.560000e-06	2.928614e-06	6.382549e-09	1.956640e+01	4.206110e+02
1.570000e-06	2.937668e-06	6.401839e-09	1.962689e+01	4.221210e+02
1.580000e-06	2.945845e-06	6.420333e-09	1.968152e+01	4.235926e+02
1.590000e-06	2.953100e-06	6.440094e-09	1.973000e+01	4.248809e+02
1.600000e-06	2.959313e-06	6.457991e-09	1.977151e+01	4.259282e+02
1.610000e-06	2.964558e-06	6.471056e-09	1.980655e+01	4.268136e+02
1.620000e-06	2.969026e-06	6.480575e-09	1.983640e+01	4.276746e+02
1.630000e-06	2.972430e-06	6.491675e-09	1.985914e+01	4.285641e+02
1.640000e-06	2.974422e-06	6.501629e-09	1.987245e+01	4.293719e+02
1.650000e-06	2.975324e-06	6.506283e-09	1.987848e+01	4.298941e+02
1.660000e-06	2.975327e-06	6.507692e-09	1.987850e+01	4.300127e+02
1.670000e-06	2.974377e-06	6.508537e-09	1.987215e+01	4.298371e+02
1.680000e-06	2.972493e-06	6.508168e-09	1.985957e+01	4.296725e+02
1.690000e-06	2.969716e-06	6.507584e-09	1.984101e+01	4.298038e+02
1.700000e-06	2.966229e-06	6.507023e-09	1.981771e+01	4.302469e+02
1.710000e-06	2.961765e-06	6.504884e-09	1.978789e+01	4.306729e+02
1.720000e-06	2.955850e-06	6.503586e-09	1.974837e+01	4.306047e+02
1.730000e-06	2.948863e-06	6.510065e-09	1.970169e+01	4.297811e+02
1.740000e-06	2.941241e-06	6.499394e-09	1.965077e+01	4.284259e+02
1.750000e-06	2.932494e-06	6.434806e-09	1.959232e+01	4.271884e+02
1.760000e-06	2.921883e-06	6.396291e-09	1.952143e+01	4.267383e+02
1.770000e-06	2.909516e-06	6.554403e-09	1.943881e+01	4.272539e+02
1.780000e-06	2.896822e-06	6.536903e-09	1.935400e+01	4.281612e+02
1.790000e-06	2.884346e-06	6.420341e-09	1.927065e+01	4.283494e+02
1.800000e-06	2.870334e-06	6.427690e-09	1.917703e+01	4.267807e+02
1.810000e-06	2.854209e-06	6.540890e-09	1.906929e+01	4.231365e+02
1.820000e-06	2.837702e-06	6.333402e-09	1.895901e+01	4.180865e+02
1.830000e-06	2.820866e-06	6.059613e-09	1.884653e+01	4.129924e+02
1.840000e-06	2.802449e-06	6.282335e-09	1.872348e+01	4.092099e+02
1.850000e-06	2.783076e-06	6.245834e-09	1.859405e+01	4.074063e+02
1.860000e-06	2.763340e-06	6.030081e-09	1.846219e+01	4.072924e+02
1.870000e-06	2.742126e-06	6.265762e-09	1.832046e+01	4.078967e+02
1.880000e-06	2.719329e-06	6.389803e-09	1.816814e+01	4.081657e+02
1.890000e-06	2.695859e-06	6.102004e-09	1.801134e+01	4.075010e+02
1.900000e-06	2.671480e-06	6.172191e-09	1.784846e+01	4.059244e+02
1.910000e-06	2.646102e-06	6.322163e-09	1.767890e+01	4.038431e+02
1.920000e-06	2.619934e-06	6.144885e-09	1.750408e+01	4.016445e+02
1.930000e-06	2.592887e-06	6.093926e-09	1.732337e+01	3.994290e+02
1.940000e-06	2.565254e-06	6.114182e-09	1.713876e+01	3.970375e+02
1.950000e-06	2.536650e-06	5.981186e-09	1.694765e+01	3.942968e+02
1.960000e-06	2.506420e-06	6.034742e-09	1.674568e+01	3.912524e+02
1.970000e-06	2.475275e-06	5.991376e-09	1.653759e+01	3.881936e+02
1.980000e-06	2.443553e-06	5.826441e-09	1.632566e+01	3.854597e+02
1.990000e-06	2.410812e-06	5.902325e-09	1.610691e+01	3.831863e+02
2.000000e-06	2.377386e-06	5.861401e-09	1.588359e+01	3.811933e+02
2.010000e-06	2.343336e-06	5.790819e-09	1.565609e+01	3.790975e+02
2.020000e-06	2.308452e-06	5.824943e-09	1.542303e+01	3.765620e+02
2.030000e-06	2.272960e-06	5.689396e-09	1.518591e+01	3.734957e+02
2.040000e-06	2.236464e-06	5.594731e-09	1.494207e+01	3.700674e+02
2.050000e-06	2.198673e-06	5.673981e-09	1.468959e+01	3.665457e+02
2.060000e-06	2.160001e-06	5.592393e-09	1.443121e+01	3.630994e+02
2.070000e-06	2.120680e-06	5.477655e-09	1.416851e+01	3.597100e+02
2.080000e-06	2.080726e-06	5.439511e-09	1.390157e+01	3.562430e+02
2.090000e-06	2.040139e-06	5.384942e-09	1.363040e+01	3.525976e+02
2.100000e-06	1.998815e-06	5.383500e-09	1.335431e+01	3.488032e+02
2.110000e-06	1.956768e-06	5.289549e-09	1.307339e+01	3.449857e+02
2.120000e-06	1.914140e-06	5.195810e-09	1.278859e+01	3.412416e+02
2.130000e-06	1.871054e-06	5.164615e-09	1.250072e+01	3.375354e+02
2.140000e-06	1.827497e-06	5.118098e-09	1.220972e+01	3.337110e+02
2.150000e-06	1.783187e-06	5.069543e-09	1.191367e+01	3.296113e+02
2.160000e-06	1.738111e-06	4.971137e-09	1.161252e+01	3.252079e+02
2.170000e-06	1.692355e-06	4.887161e-09	1.130681e+01	3.206333e+02
2.180000e-06	1.646115e-06	4.845743e-09	1.099788e+01	3.160853e+02
2.190000e-06	1.599457e-06	4.791372e-09	1.068616e+01	3.116757e+02
2.200000e-06	1.552120e-06	4.714374e-09	1.036989e+01	3.073413e+02
2.210000e-06	1.503999e-06	4.623843e-09	1.004839e+01	3.028854e+02
2.220000e-06	1.455224e-06	4.538526e-09	9.722518e+00	2.981178e+02
2.230000e-06	1.406039e-06	4.500078e-09	9.393908e+00	2.929877e+02
2.240000e-06	1.356428e-06	4.424431e-09	9.062447e+00	2.876111e+02
2.250000e-06	1.306225e-06	4.323111e-09	8.727035e+00	2.821789e+02
2.260000e-06	1.255466e-06	4.232617e-09	8.387910e+00	2.768204e+02
2.270000e-06	1.204373e-06	4.146107e-09	8.046555e+00	2.715267e+02
2.280000e-06	1.152855e-06	4.093334e-09	7.702354e+00	2.661822e+02
2.290000e-06	1.100801e-06	4.000591e-09	7.354577e+00	2.606692e+02
2.300000e-06	1.048182e-06	3.893374e-09	7.003025e+00	2.549562e+02
2.310000e-06	9.947981e-07	3.805974e-09	6.646359e+00	2.491026e+02
2.320000e-06	9.408791e-07	3.736530e-09	6.286120e+00	2.431854e+02
2.330000e-06	8.865013e-07	3.661473e-09	5.922816e+00	2.372167e+02
2.340000e-06	8.317042e-07	3.546075e-09	5.556710e+00	2.311237e+02
2.350000e-06	7.767559e-07	3.427449e-09	5.189594e+00	2.248068e+02
2.360000e-06	7.216641e-07	3.335792e-09	4.821520e+00	2.182263e+02
2.370000e-06	6.664642e-07	3.252050e-09	4.452723e+00	2.114427e+02
2.380000e-06	6.111570e-07	3.149551e-09	4.083209e+00	2.045771e+02
2.390000e-06	5.557192e-07	3.033537e-09	3.712823e+00	1.977225e+02
2.400000e-06	5.000570e-07	2.921395e-09	3.340938e+00	1.908761e+02
2.410000e-06	4.441872e-07	2.828637e-09	2.967665e+00	1.839440e+02
2.420000e-06	3.881776e-07	2.724713e-09	2.593459e+00	1.768127e+02
2.430000e-06	3.320327e-07	2.602032e-09	2.218348e+00	1.694263e+02
2.440000e-06	2.757549e-07	2.472759e-09	1.842350e+00	1.618135e+02
2.450000e-06	2.193810e-07	2.354583e-09	1.465710e+00	1.540472e+02
2.460000e-06	1.629281e-07	2.252413e-09	1.088541e+00	1.461800e+02
2.470000e-06	1.063364e-07	2.132404e-09	7.104455e-01	1.382099e+02
2.480000e-06	4.971847e-08	1.996806e-09	3.321747e-01	1.301014e+02
2.490000e-06	-6.880459e-09	1.863754e-09	-4.596913e-02	1.218362e+02
2.500000e-06	-6.340194e-08	1.745509e-09	-4.235955e-01	1.134413e+02
2.510000e-06	-1.198822e-07	1.625543e-09	-8.009468e-01	1.049653e+02
2.520000e-06	-1.764035e-07	1.487944e-09	-1.178572e+00	9.642243e+01
2.530000e-06	-2.327786e-07	1.341930e-09	-1.555221e+00	8.775846e+01
2.540000e-06	-2.889893e-07	1.206928e-09	-1.930770e+00	7.887552e+01
2.550000e-06	-3.451428e-07	1.079426e-09	-2.305938e+00	6.970493e+01
2.560000e-06	-4.011749e-07	9.385958e-10	-2.680295e+00	6.027087e+01
2.570000e-06	-4.570595e-07	7.874806e-10	-3.053666e+00	5.068889e+01
2.580000e-06	-5.127732e-07	6.344925e-10	-3.425896e+00	4.109254e+01
2.590000e-06	-5.682479e-07	4.940949e-10	-3.796529e+00	3.154007e+01
2.600000e-06	-6.235655e-07	3.560474e-10	-4.166112e+00	2.197292e+01
2.610000e-06	-6.787548e-07	2.021262e-10	-4.534838e+00	1.226027e+01
2.620000e-06	-7.337977e-07	3.637577e-11	-4.902586e+00	2.297179e+00
2.630000e-06	-7.887247e-07	-1.213983e-10	-5.269559e+00	-7.918833e+00
2.640000e-06	-8.434858e-07	-2.678557e-10	-5.635425e+00	-1.829141e+01
2.650000e-06	-8.979248e-07	-4.201040e-10	-5.999138e+00	-2.870422e+01
2.660000e-06	-9.519955e-07	-5.854298e-10	-6.360390e+00	-3.911012e+01
2.670000e-06	-1.005516e-06	-7.556557e-10	-6.717965e+00	-4.955771e+01
2.680000e-06	-1.058310e-06	-9.132182e-10	-7.070690e+00	-6.013407e+01
2.690000e-06	-1.110491e-06	-1.067886e-09	-7.419314e+00	-7.087171e+01
2.700000e-06	-1.162151e-06	-1.233440e-09	-7.764464e+00	-8.169897e+01
2.710000e-06	-1.213394e-06	-1.404822e-09	-8.106824e+00	-9.247894e+01
2.720000e-06	-1.264277e-06	-1.569360e-09	-8.446780e+00	-1.031097e+02
2.730000e-06	-1.314680e-06	-1.722446e-09	-8.783527e+00	-1.136053e+02
2.740000e-06	-1.364498e-06	-1.876858e-09	-9.116366e+00	-1.240886e+02
2.750000e-06	-1.413831e-06	-2.041532e-09	-9.445966e+00	-1.346936e+02
2.760000e-06	-1.462745e-06	-2.210986e-09	-9.772767e+00	-1.454497e+02
2.770000e-06	-1.511015e-06	-2.371502e-09	-1.009526e+01	-1.562352e+02
2.780000e-06	-1.558234e-06	-2.526416e-09	-1.041074e+01	-1.668417e+02
2.790000e-06	-1.604590e-06	-2.682470e-09	-1.072045e+01	-1.771028e+02
2.800000e-06	-1.650483e-06	-2.841183e-09	-1.102706e+01	-1.869956e+02
2.810000e-06	-1.695924e-06	-2.996456e-09	-1.133066e+01	-1.966410e+02
2.820000e-06	-1.740932e-06	-3.142705e-09	-1.163137e+01	-2.062057e+02
2.830000e-06	-1.785372e-06	-3.284979e-09	-1.192828e+01	-2.157808e+02
2.840000e-06	-1.829130e-06	-3.427471e-09	-1.222062e+01	-2.253254e+02
2.850000e-06	-1.872401e-06	-3.570766e-09	-1.250973e+01	-2.347081e+02
2.860000e-06	-1.915332e-06	-3.709432e-09	-1.279655e+01	-2.438071e+02
2.870000e-06	-1.957609e-06	-3.841496e-09	-1.307901e+01	-2.525854e+02
2.880000e-06	-1.999129e-06	-3.970744e-09	-1.335641e+01	-2.610897e+02
2.890000e-06	-2.040081e-06	-4.101861e-09	-1.363001e+01	-2.693824e+02
2.900000e-06	-2.080351e-06	-4.230063e-09	-1.389906e+01	-2.774732e+02
2.910000e-06	-2.119885e-06	-4.348704e-09	-1.416319e+01	-2.853104e+02
2.920000e-06	-2.158910e-06	-4.459381e-09	-1.442392e+01	-2.928357e+02
2.930000e-06	-2.197263e-06	-4.570083e-09	-1.468017e+01	-3.000527e+02
2.940000e-06	-2.234499e-06	-4.682261e-09	-1.492894e+01	-3.070420e+02
2.950000e-06	-2.270562e-06	-4.788960e-09	-1.516988e+01	-3.139049e+02
2.960000e-06	-2.305846e-06	-4.889573e-09	-1.540562e+01	-3.206774e+02
2.970000e-06	-2.340555e-06	-4.988886e-09	-1.563751e+01	-3.272856e+02
2.980000e-06	-2.374452e-06	-5.086510e-09	-1.586398e+01	-3.335849e+02
2.990000e-06	-2.407521e-06	-5.179826e-09	-1.608492e+01	-3.394566e+02
3.000000e-06	-2.439689e-06	-5.265069e-09	-1.629984e+01	-3.448916e+02
3.010000e-06	-2.471036e-06	-5.344471e-09	-1.650927e+01	-3.499973e+02
3.020000e-06	-2.501842e-06	-5.420832e-09	-1.671509e+01	-3.549251e+02
3.030000e-06	-2.531666e-06	-5.495890e-09	-1.691435e+01	-3.597745e+02
3.040000e-06	-2.560035e-06	-5.566453e-09	-1.710388e+01	-3.645460e+02
3.050000e-06	-2.587386e-06	-5.633456e-09	-1.728662e+01	-3.691707e+02
3.060000e-06	-2.614031e-06	-5.701031e-09	-1.746464e+01	-3.735823e+02
3.070000e-06	-2.639783e-06	-5.771952e-09	-1.763669e+01	-3.777672e+02
3.080000e-06	-2.664653e-06	-5.841618e-09	-1.780285e+01	-3.817541e+02
3.090000e-06	-2.688546e-06	-5.902220e-09	-1.796248e+01	-3.855607e+02
3.100000e-06	-2.711616e-06	-5.951795e-09	-1.811661e+01	-3.891564e+02
3.110000e-06	-2.733870e-06	-6.000007e-09	-1.826530e+01	-3.924832e+02
3.120000e-06	-2.754846e-06	-6.053820e-09	-1.840544e+01	-3.955216e+02
3.130000e-06	-2.774598e-06	-6.105273e-09	-1.853741e+01	-3.983403e+02
3.140000e-06	-2.793563e-06	-6.147277e-09	-1.866411e+01	-4.010750e+02
3.150000e-06	-2.811645e-06	-6.185191e-09	-1.878492e+01	-4.038370e+02
3.160000e-06	-2.828710e-06	-6.226646e-09	-1.889893e+01	-4.066199e+02
3.170000e-06	-2.844880e-06	-6.268587e-09	-1.900697e+01	-4.092834e+02
3.180000e-06	-2.860249e-06	-6.307794e-09	-1.910965e+01	-4.116401e+02
3.190000e-06	-2.874710e-06	-6.339124e-09	-1.920626e+01	-4.135880e+02
3.200000e-06	-2.887624e-06	-6.366735e-09	-1.929255e+01	-4.151881e+02
3.210000e-06	-2.899128e-06	-6.391928e-09	-1.936941e+01	-4.166249e+02
3.220000e-06	-2.909612e-06	-6.415469e-09	-1.943945e+01	-4.180751e+02
3.230000e-06	-2.919061e-06	-6.435694e-09	-1.950258e+01	-4.195857e+02
3.240000e-06	-2.927558e-06	-6.454707e-09	-1.955935e+01	-4.210578e+02
3.250000e-06	-2.935120e-06	-6.475836e-09	-1.960987e+01	-4.223467e+02
3.260000e-06	-2.941855e-06	-6.498379e-09	-1.965487e+01	-4.233945e+02
3.270000e-06	-2.947370e-06	-6.517249e-09	-1.969172e+01	-4.242803e+02
3.280000e-06	-2.951411e-06	-6.532028e-09	-1.971871e+01	-4.251419e+02
3.290000e-06	-2.954497e-06	-6.545475e-09	-1.973933e+01	-4.260320e+02
3.300000e-06	-2.956738e-06	-6.556344e-09	-1.975430e+01	-4.268403e+02
3.310000e-06	-2.958027e-06	-6.564240e-09	-1.976291e+01	-4.273630e+02
3.320000e-06	-2.958287e-06	-6.565682e-09	-1.976465e+01	-4.274821e+02
