# Temperatura_=_20.0
# Concentracion g/m^3_=_10000.0
# C_Vs_to_Am_M_A/Vsm_=_65563218390.804596
# pendiente_HvsI_1/m_=_3716.3
# ordenada_HvsI_A/m_=_1297.0
# frecuencia_Hz_=_301221.5331888292

Tiempo_(s)	Campo_(V.s)	Magnetizacion_(V.s)	Campo_(kA/m)	Magnetizacion_(A/m)
0.000000e+00	-2.970065e-06	-2.036870e-10	-1.987079e+01	-1.194005e+01
1.000000e-08	-2.968928e-06	-2.018195e-10	-1.986318e+01	-1.149097e+01
2.000000e-08	-2.966742e-06	-1.973917e-10	-1.984855e+01	-1.118629e+01
3.000000e-08	-2.963318e-06	-1.964566e-10	-1.982564e+01	-1.123848e+01
4.000000e-08	-2.958861e-06	-1.993720e-10	-1.979582e+01	-1.160063e+01
5.000000e-08	-2.953602e-06	-2.021845e-10	-1.976064e+01	-1.197207e+01
6.000000e-08	-2.947476e-06	-2.060810e-10	-1.971965e+01	-1.201239e+01
7.000000e-08	-2.940339e-06	-2.147952e-10	-1.967191e+01	-1.162169e+01
8.000000e-08	-2.932073e-06	-1.969058e-10	-1.961661e+01	-1.107086e+01
9.000000e-08	-2.922408e-06	-1.694648e-10	-1.955194e+01	-1.085165e+01
1.000000e-07	-2.911169e-06	-1.532310e-10	-1.947675e+01	-1.131448e+01
1.100000e-07	-2.898845e-06	-2.180670e-10	-1.939430e+01	-1.233455e+01
1.200000e-07	-2.885818e-06	-2.290489e-10	-1.930714e+01	-1.326028e+01
1.300000e-07	-2.871826e-06	-1.783503e-10	-1.921353e+01	-1.322654e+01
1.400000e-07	-2.856771e-06	-2.257160e-10	-1.911281e+01	-1.166717e+01
1.500000e-07	-2.840655e-06	-1.965645e-10	-1.900499e+01	-8.707503e+00
1.600000e-07	-2.823225e-06	-8.900403e-11	-1.888838e+01	-5.173494e+00
1.700000e-07	-2.804538e-06	-1.290201e-11	-1.876335e+01	-2.190733e+00
1.800000e-07	-2.785100e-06	-6.447544e-11	-1.863330e+01	-6.089878e-01
1.900000e-07	-2.764994e-06	-3.750507e-11	-1.849879e+01	-5.982126e-01
2.000000e-07	-2.743860e-06	1.620444e-11	-1.835739e+01	-1.646711e+00
2.100000e-07	-2.721789e-06	-8.711907e-11	-1.820973e+01	-2.931304e+00
2.200000e-07	-2.698959e-06	-6.573238e-11	-1.805699e+01	-3.800874e+00
2.300000e-07	-2.675235e-06	5.989086e-12	-1.789827e+01	-4.068729e+00
2.400000e-07	-2.650548e-06	-5.630153e-11	-1.773310e+01	-3.965365e+00
2.500000e-07	-2.624915e-06	-5.658311e-11	-1.756161e+01	-3.842023e+00
2.600000e-07	-2.598141e-06	-2.136252e-11	-1.738248e+01	-3.868264e+00
2.700000e-07	-2.570256e-06	-6.073704e-11	-1.719592e+01	-3.936424e+00
2.800000e-07	-2.541510e-06	-3.198098e-11	-1.700360e+01	-3.810145e+00
2.900000e-07	-2.511876e-06	-2.709843e-11	-1.680534e+01	-3.370895e+00
3.000000e-07	-2.481429e-06	-4.445366e-11	-1.660164e+01	-2.757496e+00
3.100000e-07	-2.450214e-06	-1.878791e-11	-1.639280e+01	-2.291607e+00
3.200000e-07	-2.418196e-06	-3.752090e-12	-1.617859e+01	-2.252403e+00
3.300000e-07	-2.385489e-06	-2.153948e-11	-1.595977e+01	-2.675401e+00
3.400000e-07	-2.351949e-06	-2.120007e-11	-1.573537e+01	-3.324660e+00
3.500000e-07	-2.317262e-06	-4.544394e-11	-1.550330e+01	-3.852517e+00
3.600000e-07	-2.281553e-06	-5.549664e-11	-1.526440e+01	-4.023854e+00
3.700000e-07	-2.245115e-06	-1.711718e-11	-1.502061e+01	-3.843949e+00
3.800000e-07	-2.207926e-06	-3.946697e-11	-1.477181e+01	-3.511290e+00
3.900000e-07	-2.169964e-06	-4.652326e-11	-1.451783e+01	-3.249334e+00
4.000000e-07	-2.131249e-06	-3.698445e-11	-1.425881e+01	-3.152253e+00
4.100000e-07	-2.091789e-06	-2.567055e-11	-1.399481e+01	-3.153442e+00
4.200000e-07	-2.051660e-06	-3.189761e-11	-1.372633e+01	-3.121234e+00
4.300000e-07	-2.010969e-06	-3.569978e-11	-1.345409e+01	-2.989461e+00
4.400000e-07	-1.969792e-06	-3.659891e-11	-1.317860e+01	-2.814233e+00
4.500000e-07	-1.927803e-06	-3.618431e-11	-1.289769e+01	-2.717904e+00
4.600000e-07	-1.884660e-06	-2.826149e-11	-1.260904e+01	-2.775560e+00
4.700000e-07	-1.840599e-06	-3.093636e-11	-1.231426e+01	-2.942429e+00
4.800000e-07	-1.795958e-06	-2.976924e-11	-1.201559e+01	-3.081854e+00
4.900000e-07	-1.750848e-06	-3.722361e-11	-1.171379e+01	-3.068871e+00
5.000000e-07	-1.705145e-06	-2.398643e-11	-1.140802e+01	-2.883928e+00
5.100000e-07	-1.658771e-06	-2.368378e-11	-1.109776e+01	-2.622107e+00
5.200000e-07	-1.611783e-06	-2.715323e-11	-1.078340e+01	-2.413351e+00
5.300000e-07	-1.564264e-06	-3.374490e-11	-1.046548e+01	-2.320132e+00
5.400000e-07	-1.516236e-06	-2.892307e-11	-1.014415e+01	-2.294143e+00
5.500000e-07	-1.467768e-06	-1.324778e-11	-9.819886e+00	-2.223268e+00
5.600000e-07	-1.418871e-06	-1.384845e-11	-9.492751e+00	-2.027132e+00
5.700000e-07	-1.369272e-06	-1.383209e-11	-9.160915e+00	-1.722828e+00
5.800000e-07	-1.318842e-06	-1.298360e-11	-8.823517e+00	-1.409765e+00
5.900000e-07	-1.267635e-06	-2.945521e-12	-8.480929e+00	-1.189329e+00
6.000000e-07	-1.215803e-06	-3.048449e-12	-8.134153e+00	-1.086473e+00
6.100000e-07	-1.163500e-06	-6.856931e-12	-7.784226e+00	-1.035865e+00
6.200000e-07	-1.110807e-06	-1.317426e-11	-7.431692e+00	-9.407558e-01
6.300000e-07	-1.057770e-06	-8.782817e-12	-7.076857e+00	-7.538611e-01
6.400000e-07	-1.004328e-06	1.467563e-12	-6.719310e+00	-5.136991e-01
6.500000e-07	-9.505087e-07	6.139734e-12	-6.359239e+00	-3.082236e-01
6.600000e-07	-8.963707e-07	7.704186e-12	-5.997037e+00	-1.974858e-01
6.700000e-07	-8.419221e-07	5.928999e-12	-5.632756e+00	-1.595776e-01
6.800000e-07	-7.872381e-07	1.420088e-11	-5.266901e+00	-1.039216e-01
6.900000e-07	-7.323569e-07	1.700094e-11	-4.899727e+00	5.911580e-02
7.000000e-07	-6.771974e-07	1.468988e-11	-4.530690e+00	3.481279e-01
7.100000e-07	-6.216650e-07	1.211494e-11	-4.159159e+00	6.949961e-01
7.200000e-07	-5.657888e-07	1.958473e-11	-3.785327e+00	9.942261e-01
7.300000e-07	-5.097422e-07	2.966805e-11	-3.410355e+00	1.177018e+00
7.400000e-07	-4.535801e-07	3.365765e-11	-3.034611e+00	1.252999e+00
7.500000e-07	-3.972540e-07	3.308679e-11	-2.657769e+00	1.291401e+00
7.600000e-07	-3.408104e-07	3.012452e-11	-2.280142e+00	1.362552e+00
7.700000e-07	-2.843401e-07	3.446594e-11	-1.902336e+00	1.489423e+00
7.800000e-07	-2.278764e-07	3.709557e-11	-1.524574e+00	1.645709e+00
7.900000e-07	-1.713936e-07	3.535562e-11	-1.146684e+00	1.795014e+00
8.000000e-07	-1.148830e-07	3.017072e-11	-7.686080e-01	1.931515e+00
8.100000e-07	-5.836461e-08	3.343935e-11	-3.904799e-01	2.084379e+00
8.200000e-07	-1.866679e-09	4.260219e-11	-1.248874e-02	2.282989e+00
8.300000e-07	5.460515e-08	4.832188e-11	3.653278e-01	2.516733e+00
8.400000e-07	1.111056e-07	4.893165e-11	7.433359e-01	2.729477e+00
8.500000e-07	1.676437e-07	4.704063e-11	1.121596e+00	2.859009e+00
8.600000e-07	2.241437e-07	4.898415e-11	1.499601e+00	2.891099e+00
8.700000e-07	2.805589e-07	5.038655e-11	1.877038e+00	2.881561e+00
8.800000e-07	3.369067e-07	5.069179e-11	2.254025e+00	2.923169e+00
8.900000e-07	3.932235e-07	4.830694e-11	2.630804e+00	3.079106e+00
9.000000e-07	4.494648e-07	4.989118e-11	3.007078e+00	3.334020e+00
9.100000e-07	5.055032e-07	5.596373e-11	3.381995e+00	3.602355e+00
9.200000e-07	5.612670e-07	6.156940e-11	3.755075e+00	3.789469e+00
9.300000e-07	6.168807e-07	6.331354e-11	4.127150e+00	3.859241e+00
9.400000e-07	6.723421e-07	6.146438e-11	4.498206e+00	3.856419e+00
9.500000e-07	7.275282e-07	6.353591e-11	4.867421e+00	3.867780e+00
9.600000e-07	7.824339e-07	6.631695e-11	5.234759e+00	3.954580e+00
9.700000e-07	8.370468e-07	6.764882e-11	5.600139e+00	4.110769e+00
9.800000e-07	8.914225e-07	6.542692e-11	5.963931e+00	4.279202e+00
9.900000e-07	9.456307e-07	6.581391e-11	6.326604e+00	4.409912e+00
1.000000e-06	9.994435e-07	6.925804e-11	6.686630e+00	4.509793e+00
1.010000e-06	1.052729e-06	7.255534e-11	7.043130e+00	4.640444e+00
1.020000e-06	1.105629e-06	7.509808e-11	7.397046e+00	4.864580e+00
1.030000e-06	1.158190e-06	7.518556e-11	7.748701e+00	5.185522e+00
1.040000e-06	1.210394e-06	7.721775e-11	8.097967e+00	5.532220e+00
1.050000e-06	1.261998e-06	8.237576e-11	8.443214e+00	5.806504e+00
1.060000e-06	1.312724e-06	8.983070e-11	8.782584e+00	5.958148e+00
1.070000e-06	1.362599e-06	9.294567e-11	9.116269e+00	6.028373e+00
1.080000e-06	1.411824e-06	9.226982e-11	9.445603e+00	6.124810e+00
1.090000e-06	1.460620e-06	9.314568e-11	9.772067e+00	6.343875e+00
1.100000e-06	1.509000e-06	9.753483e-11	1.009574e+01	6.698357e+00
1.110000e-06	1.556914e-06	1.037244e-10	1.041630e+01	7.105303e+00
1.120000e-06	1.604273e-06	1.073355e-10	1.073315e+01	7.443676e+00
1.130000e-06	1.651019e-06	1.092057e-10	1.104590e+01	7.638368e+00
1.140000e-06	1.697210e-06	1.100875e-10	1.135494e+01	7.708172e+00
1.150000e-06	1.742760e-06	1.106586e-10	1.165968e+01	7.744482e+00
1.160000e-06	1.787752e-06	1.112606e-10	1.196069e+01	7.841049e+00
1.170000e-06	1.832353e-06	1.139325e-10	1.225909e+01	8.030706e+00
1.180000e-06	1.876528e-06	1.183769e-10	1.255464e+01	8.275527e+00
1.190000e-06	1.919985e-06	1.226698e-10	1.284538e+01	8.511782e+00
1.200000e-06	1.962442e-06	1.249537e-10	1.312943e+01	8.707721e+00
1.210000e-06	2.003885e-06	1.245796e-10	1.340670e+01	8.885209e+00
1.220000e-06	2.044576e-06	1.262669e-10	1.367893e+01	9.089795e+00
1.230000e-06	2.084698e-06	1.322388e-10	1.394737e+01	9.338653e+00
1.240000e-06	2.124146e-06	1.394435e-10	1.421129e+01	9.594486e+00
1.250000e-06	2.162857e-06	1.428079e-10	1.447028e+01	9.790658e+00
1.260000e-06	2.200740e-06	1.440991e-10	1.472373e+01	9.888129e+00
1.270000e-06	2.237894e-06	1.456517e-10	1.497230e+01	9.915967e+00
1.280000e-06	2.274562e-06	1.483262e-10	1.521762e+01	9.958872e+00
1.290000e-06	2.310569e-06	1.496693e-10	1.545852e+01	1.009804e+01
1.300000e-06	2.345513e-06	1.483213e-10	1.569231e+01	1.035065e+01
1.310000e-06	2.379286e-06	1.487516e-10	1.591826e+01	1.065569e+01
1.320000e-06	2.412185e-06	1.529010e-10	1.613837e+01	1.091785e+01
1.330000e-06	2.444395e-06	1.568930e-10	1.635387e+01	1.107502e+01
1.340000e-06	2.475848e-06	1.574599e-10	1.656430e+01	1.113753e+01
1.350000e-06	2.506441e-06	1.587239e-10	1.676897e+01	1.117067e+01
1.360000e-06	2.536130e-06	1.615791e-10	1.696761e+01	1.123854e+01
1.370000e-06	2.565088e-06	1.641578e-10	1.716135e+01	1.135675e+01
1.380000e-06	2.593355e-06	1.641227e-10	1.735046e+01	1.149120e+01
1.390000e-06	2.620525e-06	1.629433e-10	1.753224e+01	1.159946e+01
1.400000e-06	2.646469e-06	1.650209e-10	1.770581e+01	1.167481e+01
1.410000e-06	2.671422e-06	1.694520e-10	1.787276e+01	1.175220e+01
1.420000e-06	2.695406e-06	1.715657e-10	1.803322e+01	1.187073e+01
1.430000e-06	2.718468e-06	1.713013e-10	1.818751e+01	1.202726e+01
1.440000e-06	2.740641e-06	1.722850e-10	1.833586e+01	1.216621e+01
1.450000e-06	2.761963e-06	1.759376e-10	1.847851e+01	1.221982e+01
1.460000e-06	2.782486e-06	1.796478e-10	1.861581e+01	1.216792e+01
1.470000e-06	2.802081e-06	1.794290e-10	1.874691e+01	1.206493e+01
1.480000e-06	2.820582e-06	1.768660e-10	1.887069e+01	1.200598e+01
1.490000e-06	2.838122e-06	1.752572e-10	1.898804e+01	1.205475e+01
1.500000e-06	2.854711e-06	1.757979e-10	1.909903e+01	1.219099e+01
1.510000e-06	2.870159e-06	1.770707e-10	1.920238e+01	1.232352e+01
1.520000e-06	2.884498e-06	1.766232e-10	1.929831e+01	1.236181e+01
1.530000e-06	2.897788e-06	1.767719e-10	1.938723e+01	1.228899e+01
1.540000e-06	2.909993e-06	1.786707e-10	1.946888e+01	1.217440e+01
1.550000e-06	2.920887e-06	1.802844e-10	1.954176e+01	1.211232e+01
1.560000e-06	2.930500e-06	1.794300e-10	1.960608e+01	1.213677e+01
1.570000e-06	2.939087e-06	1.765654e-10	1.966353e+01	1.218680e+01
1.580000e-06	2.946662e-06	1.730637e-10	1.971421e+01	1.215821e+01
1.590000e-06	2.953194e-06	1.686294e-10	1.975791e+01	1.200341e+01
1.600000e-06	2.958780e-06	1.653640e-10	1.979529e+01	1.179363e+01
1.610000e-06	2.963503e-06	1.643964e-10	1.982688e+01	1.168024e+01
1.620000e-06	2.967233e-06	1.659819e-10	1.985184e+01	1.177328e+01
1.630000e-06	2.969707e-06	1.677560e-10	1.986839e+01	1.203141e+01
1.640000e-06	2.970970e-06	1.677011e-10	1.987684e+01	1.226243e+01
1.650000e-06	2.971218e-06	1.664638e-10	1.987850e+01	1.225349e+01
1.660000e-06	2.970513e-06	1.647301e-10	1.987378e+01	1.194236e+01
1.670000e-06	2.968896e-06	1.615871e-10	1.986296e+01	1.149305e+01
1.680000e-06	2.966394e-06	1.558430e-10	1.984623e+01	1.119847e+01
1.690000e-06	2.963071e-06	1.515229e-10	1.982399e+01	1.126419e+01
1.700000e-06	2.958802e-06	1.525196e-10	1.979543e+01	1.163276e+01
1.710000e-06	2.953288e-06	1.544261e-10	1.975854e+01	1.199743e+01
1.720000e-06	2.946709e-06	1.460533e-10	1.971452e+01	1.202181e+01
1.730000e-06	2.939303e-06	1.395273e-10	1.966498e+01	1.161847e+01
1.740000e-06	2.930782e-06	1.666178e-10	1.960797e+01	1.107053e+01
1.750000e-06	2.920642e-06	1.910095e-10	1.954012e+01	1.087155e+01
1.760000e-06	2.908816e-06	1.536471e-10	1.946101e+01	1.135971e+01
1.770000e-06	2.896340e-06	1.597267e-10	1.937754e+01	1.239007e+01
1.780000e-06	2.883728e-06	1.715214e-10	1.929316e+01	1.329606e+01
1.790000e-06	2.869949e-06	2.191286e-10	1.920097e+01	1.321412e+01
1.800000e-06	2.854441e-06	1.656011e-10	1.909722e+01	1.159775e+01
1.810000e-06	2.838130e-06	8.782640e-11	1.898809e+01	8.599849e+00
1.820000e-06	2.821288e-06	5.736535e-11	1.887541e+01	5.065959e+00
1.830000e-06	2.803243e-06	-5.375235e-11	1.875469e+01	2.121716e+00
1.840000e-06	2.784221e-06	-5.567538e-12	1.862742e+01	5.975834e-01
1.850000e-06	2.764564e-06	7.343869e-11	1.849591e+01	6.365627e-01
1.860000e-06	2.743727e-06	-4.163588e-12	1.835650e+01	1.707843e+00
1.870000e-06	2.721511e-06	-6.997592e-12	1.820787e+01	2.986394e+00
1.880000e-06	2.698321e-06	1.035588e-10	1.805272e+01	3.834517e+00
1.890000e-06	2.674199e-06	9.009424e-11	1.789134e+01	4.083247e+00
1.900000e-06	2.649175e-06	5.715989e-11	1.772391e+01	3.973325e+00
1.910000e-06	2.623310e-06	9.363495e-11	1.755087e+01	3.853950e+00
1.920000e-06	2.596601e-06	8.474916e-11	1.737218e+01	3.884832e+00
1.930000e-06	2.569197e-06	6.379776e-11	1.718884e+01	3.949976e+00
1.940000e-06	2.540863e-06	1.022007e-10	1.699927e+01	3.813058e+00
1.950000e-06	2.511184e-06	5.515428e-11	1.680071e+01	3.363486e+00
1.960000e-06	2.480424e-06	4.272029e-11	1.659491e+01	2.749178e+00
1.970000e-06	2.448923e-06	8.215067e-11	1.638416e+01	2.294579e+00
1.980000e-06	2.416501e-06	4.927368e-11	1.616724e+01	2.272912e+00
1.990000e-06	2.383174e-06	7.272220e-11	1.594427e+01	2.709212e+00
2.000000e-06	2.349131e-06	8.885554e-11	1.571651e+01	3.359932e+00
2.010000e-06	2.314412e-06	5.608642e-11	1.548424e+01	3.877707e+00
2.020000e-06	2.278968e-06	8.986631e-11	1.524710e+01	4.034767e+00
2.030000e-06	2.242521e-06	1.034196e-10	1.500326e+01	3.845132e+00
2.040000e-06	2.204952e-06	4.782090e-11	1.475191e+01	3.511424e+00
2.050000e-06	2.166477e-06	7.107197e-11	1.449450e+01	3.254631e+00
2.060000e-06	2.127275e-06	9.001370e-11	1.423222e+01	3.162838e+00
2.070000e-06	2.087366e-06	6.579705e-11	1.396521e+01	3.164914e+00
2.080000e-06	2.046846e-06	7.178946e-11	1.369412e+01	3.129443e+00
2.090000e-06	2.005738e-06	5.523701e-11	1.341910e+01	2.994326e+00
2.100000e-06	1.963896e-06	5.242846e-11	1.313916e+01	2.819602e+00
2.110000e-06	1.921388e-06	6.251231e-11	1.285477e+01	2.727937e+00
2.120000e-06	1.878414e-06	6.244889e-11	1.256725e+01	2.790872e+00
2.130000e-06	1.834889e-06	6.520998e-11	1.227606e+01	2.959246e+00
2.140000e-06	1.790600e-06	6.155406e-11	1.197974e+01	3.094809e+00
2.150000e-06	1.745599e-06	6.490027e-11	1.167867e+01	3.075095e+00
2.160000e-06	1.700010e-06	7.154330e-11	1.137367e+01	2.885103e+00
2.170000e-06	1.653896e-06	6.559324e-11	1.106515e+01	2.622923e+00
2.180000e-06	1.607268e-06	5.061194e-11	1.075319e+01	2.417710e+00
2.190000e-06	1.559971e-06	4.551146e-11	1.043676e+01	2.328193e+00
2.200000e-06	1.511919e-06	5.288746e-11	1.011527e+01	2.302486e+00
2.210000e-06	1.463270e-06	5.877776e-11	9.789793e+00	2.227906e+00
2.220000e-06	1.414218e-06	4.104677e-11	9.461618e+00	2.026826e+00
2.230000e-06	1.364691e-06	3.844965e-11	9.130262e+00	1.720061e+00
2.240000e-06	1.314575e-06	4.333154e-11	8.794970e+00	1.408688e+00
2.250000e-06	1.263934e-06	3.974878e-11	8.456165e+00	1.192469e+00
2.260000e-06	1.212893e-06	3.729166e-11	8.114686e+00	1.092883e+00
2.270000e-06	1.161426e-06	2.425716e-11	7.770351e+00	1.042129e+00
2.280000e-06	1.109445e-06	2.109999e-11	7.422579e+00	9.439196e-01
2.290000e-06	1.056807e-06	2.260986e-11	7.070414e+00	7.538304e-01
2.300000e-06	1.003417e-06	2.391828e-11	6.713214e+00	5.131738e-01
2.310000e-06	9.494919e-07	1.991127e-11	6.352436e+00	3.102960e-01
2.320000e-06	8.951043e-07	1.399991e-11	5.988564e+00	2.029253e-01
2.330000e-06	8.403878e-07	1.676061e-11	5.622492e+00	1.660333e-01
2.340000e-06	7.855278e-07	1.879907e-11	5.255459e+00	1.076812e-01
2.350000e-06	7.305406e-07	1.358983e-11	4.887575e+00	-6.023791e-02
2.360000e-06	6.754160e-07	5.291040e-12	4.518772e+00	-3.530661e-01
2.370000e-06	6.200916e-07	-1.216319e-13	4.148632e+00	-7.001877e-01
2.380000e-06	5.646151e-07	2.315026e-13	3.777474e+00	-9.961790e-01
2.390000e-06	5.089312e-07	1.292257e-12	3.404929e+00	-1.174657e+00
2.400000e-06	4.529793e-07	-6.366106e-12	3.030592e+00	-1.248054e+00
2.410000e-06	3.969328e-07	-1.295779e-11	2.655621e+00	-1.286745e+00
2.420000e-06	3.407526e-07	-1.483529e-11	2.279755e+00	-1.359989e+00
2.430000e-06	2.843882e-07	-1.169267e-11	1.902658e+00	-1.488714e+00
2.440000e-06	2.279572e-07	-1.255264e-11	1.525114e+00	-1.645435e+00
2.450000e-06	1.714482e-07	-2.097404e-11	1.147049e+00	-1.794279e+00
2.460000e-06	1.148236e-07	-2.324852e-11	7.682106e-01	-1.930873e+00
2.470000e-06	5.812743e-08	-2.280467e-11	3.888931e-01	-2.085154e+00
2.480000e-06	1.454168e-09	-2.316227e-11	9.728897e-03	-2.285662e+00
2.490000e-06	-5.517358e-08	-3.063403e-11	-3.691307e-01	-2.519966e+00
2.500000e-06	-1.118310e-07	-3.934335e-11	-7.481888e-01	-2.730816e+00
2.510000e-06	-1.684718e-07	-3.993410e-11	-1.127136e+00	-2.856846e+00
2.520000e-06	-2.250191e-07	-3.643091e-11	-1.505457e+00	-2.886255e+00
2.530000e-06	-2.814702e-07	-3.572895e-11	-1.883135e+00	-2.877063e+00
2.540000e-06	-3.377781e-07	-4.212463e-11	-2.259855e+00	-2.922191e+00
2.550000e-06	-3.939637e-07	-4.838166e-11	-2.635756e+00	-3.082594e+00
2.560000e-06	-4.500115e-07	-4.924700e-11	-3.010736e+00	-3.339883e+00
2.570000e-06	-5.058403e-07	-4.740543e-11	-3.384250e+00	-3.606915e+00
2.580000e-06	-5.614276e-07	-5.133210e-11	-3.756149e+00	-3.790116e+00
2.590000e-06	-6.167839e-07	-5.757778e-11	-4.126503e+00	-3.856245e+00
2.600000e-06	-6.719669e-07	-5.909086e-11	-4.495696e+00	-3.852536e+00
2.610000e-06	-7.270125e-07	-5.597548e-11	-4.863971e+00	-3.866022e+00
2.620000e-06	-7.819442e-07	-5.626198e-11	-5.231483e+00	-3.955975e+00
2.630000e-06	-8.367689e-07	-6.315768e-11	-5.598279e+00	-4.113884e+00
2.640000e-06	-8.914013e-07	-6.771477e-11	-5.963790e+00	-4.281740e+00
2.650000e-06	-9.457127e-07	-6.814526e-11	-6.327152e+00	-4.410971e+00
2.660000e-06	-9.995086e-07	-6.688843e-11	-6.687066e+00	-4.510831e+00
2.670000e-06	-1.052715e-06	-7.007991e-11	-7.043035e+00	-4.644092e+00
2.680000e-06	-1.105282e-06	-7.667157e-11	-7.394724e+00	-4.872252e+00
2.690000e-06	-1.157169e-06	-8.216701e-11	-7.741873e+00	-5.195848e+00
2.700000e-06	-1.208562e-06	-8.377258e-11	-8.085708e+00	-5.541730e+00
2.710000e-06	-1.259579e-06	-8.580416e-11	-8.427026e+00	-5.812158e+00
2.720000e-06	-1.310148e-06	-9.247468e-11	-8.765354e+00	-5.959777e+00
2.730000e-06	-1.360218e-06	-9.780853e-11	-9.100339e+00	-6.029038e+00
2.740000e-06	-1.409776e-06	-9.764984e-11	-9.431902e+00	-6.128674e+00
2.750000e-06	-1.458850e-06	-9.559833e-11	-9.760221e+00	-6.353129e+00
2.760000e-06	-1.507362e-06	-1.001253e-10	-1.008478e+01	-6.711523e+00
2.770000e-06	-1.555034e-06	-1.080598e-10	-1.040373e+01	-7.118216e+00
2.780000e-06	-1.601838e-06	-1.133969e-10	-1.071686e+01	-7.452404e+00
2.790000e-06	-1.647929e-06	-1.139052e-10	-1.102523e+01	-7.641881e+00
2.800000e-06	-1.693475e-06	-1.151359e-10	-1.132995e+01	-7.708815e+00
2.810000e-06	-1.738603e-06	-1.214308e-10	-1.163187e+01	-7.746033e+00
2.820000e-06	-1.783226e-06	-1.283809e-10	-1.193041e+01	-7.845976e+00
2.830000e-06	-1.827235e-06	-1.303506e-10	-1.222485e+01	-8.038736e+00
2.840000e-06	-1.870673e-06	-1.264339e-10	-1.251547e+01	-8.284455e+00
2.850000e-06	-1.913669e-06	-1.249936e-10	-1.280312e+01	-8.519644e+00
2.860000e-06	-1.956133e-06	-1.302771e-10	-1.308722e+01	-8.714413e+00
2.870000e-06	-1.997932e-06	-1.377646e-10	-1.336687e+01	-8.892252e+00
2.880000e-06	-2.039106e-06	-1.414133e-10	-1.364234e+01	-9.098575e+00
2.890000e-06	-2.079598e-06	-1.443892e-10	-1.391325e+01	-9.348780e+00
2.900000e-06	-2.119348e-06	-1.493474e-10	-1.417919e+01	-9.603790e+00
2.910000e-06	-2.158498e-06	-1.543100e-10	-1.444111e+01	-9.796920e+00
2.920000e-06	-2.197004e-06	-1.561567e-10	-1.469874e+01	-9.891112e+00
2.930000e-06	-2.234564e-06	-1.537794e-10	-1.495003e+01	-9.917990e+00
2.940000e-06	-2.271000e-06	-1.532123e-10	-1.519380e+01	-9.963318e+00
2.950000e-06	-2.306503e-06	-1.571439e-10	-1.543132e+01	-1.010689e+01
2.960000e-06	-2.341357e-06	-1.638614e-10	-1.566451e+01	-1.036296e+01
2.970000e-06	-2.375492e-06	-1.692258e-10	-1.589288e+01	-1.066825e+01
2.980000e-06	-2.408817e-06	-1.719847e-10	-1.611584e+01	-1.092750e+01
2.990000e-06	-2.441278e-06	-1.760025e-10	-1.633301e+01	-1.108082e+01
3.000000e-06	-2.472932e-06	-1.811442e-10	-1.654479e+01	-1.114112e+01
3.010000e-06	-2.503893e-06	-1.833643e-10	-1.675193e+01	-1.117473e+01
3.020000e-06	-2.533944e-06	-1.813880e-10	-1.695298e+01	-1.124464e+01
3.030000e-06	-2.562787e-06	-1.800869e-10	-1.714595e+01	-1.136436e+01
3.040000e-06	-2.590526e-06	-1.841305e-10	-1.733153e+01	-1.149864e+01
3.050000e-06	-2.617458e-06	-1.897475e-10	-1.751172e+01	-1.160571e+01
3.060000e-06	-2.643571e-06	-1.922055e-10	-1.768643e+01	-1.168050e+01
3.070000e-06	-2.668731e-06	-1.931034e-10	-1.785475e+01	-1.175897e+01
3.080000e-06	-2.692915e-06	-1.964962e-10	-1.801656e+01	-1.187940e+01
3.090000e-06	-2.716317e-06	-2.001466e-10	-1.817312e+01	-1.203665e+01
3.100000e-06	-2.738947e-06	-1.990445e-10	-1.832452e+01	-1.217375e+01
3.110000e-06	-2.760400e-06	-1.965326e-10	-1.846805e+01	-1.222366e+01
3.120000e-06	-2.780550e-06	-1.959590e-10	-1.860286e+01	-1.216873e+01
3.130000e-06	-2.799744e-06	-1.983162e-10	-1.873127e+01	-1.206578e+01
3.140000e-06	-2.818078e-06	-2.013080e-10	-1.885393e+01	-1.201013e+01
3.150000e-06	-2.835510e-06	-2.016487e-10	-1.897057e+01	-1.206307e+01
3.160000e-06	-2.852013e-06	-1.999007e-10	-1.908098e+01	-1.220114e+01
3.170000e-06	-2.867584e-06	-1.998342e-10	-1.918515e+01	-1.233174e+01
3.180000e-06	-2.882272e-06	-2.012596e-10	-1.928342e+01	-1.236593e+01
3.190000e-06	-2.895682e-06	-2.005288e-10	-1.937314e+01	-1.229018e+01
3.200000e-06	-2.907666e-06	-1.984390e-10	-1.945331e+01	-1.217611e+01
3.210000e-06	-2.918497e-06	-1.979125e-10	-1.952577e+01	-1.211725e+01
3.220000e-06	-2.928283e-06	-2.000707e-10	-1.959125e+01	-1.214431e+01
3.230000e-06	-2.937049e-06	-2.017849e-10	-1.964990e+01	-1.219344e+01
3.240000e-06	-2.944888e-06	-2.009205e-10	-1.970234e+01	-1.216069e+01
3.250000e-06	-2.951879e-06	-1.983413e-10	-1.974911e+01	-1.200213e+01
3.260000e-06	-2.957739e-06	-1.979948e-10	-1.978832e+01	-1.179316e+01
3.270000e-06	-2.962286e-06	-1.997096e-10	-1.981874e+01	-1.168606e+01
3.280000e-06	-2.965779e-06	-2.013754e-10	-1.984211e+01	-1.178693e+01
3.290000e-06	-2.968300e-06	-2.018031e-10	-1.985898e+01	-1.204817e+01
3.300000e-06	-2.969836e-06	-2.013813e-10	-1.986925e+01	-1.227401e+01
3.310000e-06	-2.970392e-06	-2.023539e-10	-1.987297e+01	-1.225418e+01
