# Temperatura_=_20.0
# Concentracion g/m^3_=_10000.0
# C_Vs_to_Am_M_A/Vsm_=_65563218390.804596
# pendiente_HvsI_1/m_=_3716.3
# ordenada_HvsI_A/m_=_1297.0
# frecuencia_Hz_=_301196.53808777005

Tiempo_(s)	Campo_(V.s)	Magnetizacion_(V.s)	Campo_(kA/m)	Magnetizacion_(A/m)
0.000000e+00	-2.966061e-06	-6.631315e-09	-1.976387e+01	-4.315785e+02
1.000000e-08	-2.965526e-06	-6.635478e-09	-1.976030e+01	-4.314295e+02
2.000000e-08	-2.964146e-06	-6.635716e-09	-1.975110e+01	-4.311691e+02
3.000000e-08	-2.961534e-06	-6.635922e-09	-1.973371e+01	-4.310969e+02
4.000000e-08	-2.957693e-06	-6.638047e-09	-1.970811e+01	-4.313088e+02
5.000000e-08	-2.952994e-06	-6.640910e-09	-1.967680e+01	-4.315871e+02
6.000000e-08	-2.947485e-06	-6.641512e-09	-1.964009e+01	-4.315352e+02
7.000000e-08	-2.941010e-06	-6.641953e-09	-1.959695e+01	-4.308858e+02
8.000000e-08	-2.933489e-06	-6.615833e-09	-1.954683e+01	-4.297627e+02
9.000000e-08	-2.924786e-06	-6.562253e-09	-1.948884e+01	-4.286757e+02
1.000000e-07	-2.914625e-06	-6.539475e-09	-1.942113e+01	-4.282010e+02
1.100000e-07	-2.902954e-06	-6.628199e-09	-1.934336e+01	-4.285366e+02
1.200000e-07	-2.890321e-06	-6.645361e-09	-1.925919e+01	-4.292410e+02
1.300000e-07	-2.877044e-06	-6.538845e-09	-1.917072e+01	-4.293775e+02
1.400000e-07	-2.862724e-06	-6.482860e-09	-1.907530e+01	-4.280215e+02
1.500000e-07	-2.847148e-06	-6.618001e-09	-1.897151e+01	-4.248362e+02
1.600000e-07	-2.830519e-06	-6.473876e-09	-1.886071e+01	-4.203474e+02
1.700000e-07	-2.812661e-06	-6.262566e-09	-1.874171e+01	-4.157226e+02
1.800000e-07	-2.793545e-06	-6.384818e-09	-1.861434e+01	-4.121713e+02
1.900000e-07	-2.773815e-06	-6.336286e-09	-1.848287e+01	-4.103239e+02
2.000000e-07	-2.753472e-06	-6.192486e-09	-1.834731e+01	-4.099570e+02
2.100000e-07	-2.732047e-06	-6.295671e-09	-1.820455e+01	-4.102076e+02
2.200000e-07	-2.709672e-06	-6.340534e-09	-1.805546e+01	-4.101096e+02
2.300000e-07	-2.686629e-06	-6.115689e-09	-1.790192e+01	-4.091040e+02
2.400000e-07	-2.662708e-06	-6.145378e-09	-1.774252e+01	-4.072252e+02
2.500000e-07	-2.637748e-06	-6.222466e-09	-1.757621e+01	-4.049046e+02
2.600000e-07	-2.611787e-06	-6.096295e-09	-1.740322e+01	-4.025817e+02
2.700000e-07	-2.584608e-06	-6.044944e-09	-1.722212e+01	-4.004092e+02
2.800000e-07	-2.556402e-06	-6.067176e-09	-1.703417e+01	-3.982309e+02
2.900000e-07	-2.527411e-06	-6.000893e-09	-1.684100e+01	-3.957942e+02
3.000000e-07	-2.497558e-06	-5.990760e-09	-1.664207e+01	-3.930016e+02
3.100000e-07	-2.466806e-06	-5.937801e-09	-1.643716e+01	-3.900053e+02
3.200000e-07	-2.435226e-06	-5.845249e-09	-1.622674e+01	-3.870907e+02
3.300000e-07	-2.402987e-06	-5.848246e-09	-1.601191e+01	-3.844585e+02
3.400000e-07	-2.370103e-06	-5.783969e-09	-1.579280e+01	-3.820813e+02
3.500000e-07	-2.336285e-06	-5.772861e-09	-1.556746e+01	-3.797343e+02
3.600000e-07	-2.301247e-06	-5.755720e-09	-1.533399e+01	-3.771619e+02
3.700000e-07	-2.265165e-06	-5.658351e-09	-1.509356e+01	-3.742424e+02
3.800000e-07	-2.228397e-06	-5.613866e-09	-1.484857e+01	-3.710318e+02
3.900000e-07	-2.190921e-06	-5.639897e-09	-1.459885e+01	-3.676733e+02
4.000000e-07	-2.152660e-06	-5.537163e-09	-1.434390e+01	-3.642641e+02
4.100000e-07	-2.113717e-06	-5.443408e-09	-1.408441e+01	-3.607905e+02
4.200000e-07	-2.074098e-06	-5.427791e-09	-1.382042e+01	-3.571764e+02
4.300000e-07	-2.033880e-06	-5.365492e-09	-1.355243e+01	-3.533879e+02
4.400000e-07	-1.993066e-06	-5.320939e-09	-1.328047e+01	-3.494940e+02
4.500000e-07	-1.951515e-06	-5.254267e-09	-1.300360e+01	-3.456269e+02
4.600000e-07	-1.909060e-06	-5.192444e-09	-1.272071e+01	-3.418728e+02
4.700000e-07	-1.865579e-06	-5.134210e-09	-1.243099e+01	-3.381878e+02
4.800000e-07	-1.821287e-06	-5.091540e-09	-1.213585e+01	-3.344141e+02
4.900000e-07	-1.776473e-06	-5.020318e-09	-1.183724e+01	-3.303881e+02
5.000000e-07	-1.731152e-06	-4.939164e-09	-1.153525e+01	-3.260580e+02
5.100000e-07	-1.685187e-06	-4.869595e-09	-1.122897e+01	-3.215170e+02
5.200000e-07	-1.638576e-06	-4.809532e-09	-1.091838e+01	-3.169259e+02
5.300000e-07	-1.591409e-06	-4.760227e-09	-1.060410e+01	-3.123858e+02
5.400000e-07	-1.543667e-06	-4.677144e-09	-1.028598e+01	-3.078619e+02
5.500000e-07	-1.495401e-06	-4.595335e-09	-9.964364e+00	-3.032152e+02
5.600000e-07	-1.446726e-06	-4.519546e-09	-9.640022e+00	-2.983170e+02
5.700000e-07	-1.397562e-06	-4.455838e-09	-9.312426e+00	-2.931521e+02
5.800000e-07	-1.347572e-06	-4.370112e-09	-8.979328e+00	-2.878308e+02
5.900000e-07	-1.296694e-06	-4.284300e-09	-8.640310e+00	-2.825005e+02
6.000000e-07	-1.245169e-06	-4.199373e-09	-8.296985e+00	-2.772281e+02
6.100000e-07	-1.193107e-06	-4.122573e-09	-7.950078e+00	-2.719478e+02
6.200000e-07	-1.140604e-06	-4.056478e-09	-7.600231e+00	-2.665127e+02
6.300000e-07	-1.087686e-06	-3.962380e-09	-7.247619e+00	-2.608100e+02
6.400000e-07	-1.034398e-06	-3.862581e-09	-6.892544e+00	-2.548489e+02
6.500000e-07	-9.807665e-07	-3.767012e-09	-6.535179e+00	-2.487537e+02
6.600000e-07	-9.267150e-07	-3.685874e-09	-6.175016e+00	-2.426684e+02
6.700000e-07	-8.723281e-07	-3.591402e-09	-5.812618e+00	-2.366478e+02
6.800000e-07	-8.176992e-07	-3.489496e-09	-5.448606e+00	-2.306165e+02
6.900000e-07	-7.629113e-07	-3.388860e-09	-5.083536e+00	-2.244232e+02
7.000000e-07	-7.079248e-07	-3.300136e-09	-4.717143e+00	-2.179457e+02
7.100000e-07	-6.525470e-07	-3.213159e-09	-4.348142e+00	-2.111673e+02
7.200000e-07	-5.967715e-07	-3.101047e-09	-3.976491e+00	-2.041729e+02
7.300000e-07	-5.407565e-07	-2.981508e-09	-3.603243e+00	-1.970780e+02
7.400000e-07	-4.846291e-07	-2.865376e-09	-3.229248e+00	-1.899497e+02
7.500000e-07	-4.284128e-07	-2.763844e-09	-2.854660e+00	-1.827787e+02
7.600000e-07	-3.720894e-07	-2.657015e-09	-2.479357e+00	-1.755117e+02
7.700000e-07	-3.156707e-07	-2.545413e-09	-2.103420e+00	-1.681048e+02
7.800000e-07	-2.592157e-07	-2.427966e-09	-1.727242e+00	-1.605495e+02
7.900000e-07	-2.027861e-07	-2.315330e-09	-1.351233e+00	-1.528533e+02
8.000000e-07	-1.463623e-07	-2.205480e-09	-9.752614e-01	-1.450018e+02
8.100000e-07	-8.986880e-08	-2.078332e-09	-5.988262e-01	-1.369481e+02
8.200000e-07	-3.333231e-08	-1.942114e-09	-2.221045e-01	-1.286457e+02
8.300000e-07	2.316267e-08	-1.805937e-09	1.543407e-01	-1.201010e+02
8.400000e-07	7.961119e-08	-1.683317e-09	5.304763e-01	-1.113942e+02
8.500000e-07	1.360681e-07	-1.557366e-09	9.066681e-01	-1.026402e+02
8.600000e-07	1.925322e-07	-1.422785e-09	1.282907e+00	-9.391110e+01
8.700000e-07	2.489696e-07	-1.284197e-09	1.658969e+00	-8.517724e+01
8.800000e-07	3.053664e-07	-1.151480e-09	2.034760e+00	-7.631665e+01
8.900000e-07	3.617215e-07	-1.018691e-09	2.410273e+00	-6.719240e+01
9.000000e-07	4.180251e-07	-8.745109e-10	2.785443e+00	-5.774415e+01
9.100000e-07	4.742019e-07	-7.232938e-10	3.159767e+00	-4.802705e+01
9.200000e-07	5.302419e-07	-5.695868e-10	3.533181e+00	-3.816971e+01
9.300000e-07	5.861353e-07	-4.232020e-10	3.905618e+00	-2.828370e+01
9.400000e-07	6.417728e-07	-2.751639e-10	4.276349e+00	-1.839271e+01
9.500000e-07	6.971280e-07	-1.224214e-10	4.645200e+00	-8.432382e+00
9.600000e-07	7.521844e-07	3.576746e-11	5.012059e+00	1.684428e+00
9.700000e-07	8.069472e-07	1.896061e-10	5.376962e+00	1.199246e+01
9.800000e-07	8.615015e-07	3.416121e-10	5.740476e+00	2.244891e+01
9.900000e-07	9.158350e-07	5.004018e-10	6.102519e+00	3.297527e+01
1.000000e-06	9.698769e-07	6.652647e-10	6.462618e+00	4.352727e+01
1.010000e-06	1.023542e-06	8.324577e-10	6.820208e+00	5.413218e+01
1.020000e-06	1.076745e-06	9.947463e-10	7.174716e+00	6.486053e+01
1.030000e-06	1.129524e-06	1.155725e-09	7.526397e+00	7.575529e+01
1.040000e-06	1.181963e-06	1.318890e-09	7.875818e+00	8.677748e+01
1.050000e-06	1.233979e-06	1.490627e-09	8.222423e+00	9.781558e+01
1.060000e-06	1.285496e-06	1.662804e-09	8.565694e+00	1.087541e+02
1.070000e-06	1.336262e-06	1.829834e-09	8.903963e+00	1.195487e+02
1.080000e-06	1.386113e-06	1.990367e-09	9.236137e+00	1.302477e+02
1.090000e-06	1.435305e-06	2.150592e-09	9.563920e+00	1.409429e+02
1.100000e-06	1.484013e-06	2.314504e-09	9.888484e+00	1.516877e+02
1.110000e-06	1.532330e-06	2.478370e-09	1.021043e+01	1.624451e+02
1.120000e-06	1.580190e-06	2.640726e-09	1.052934e+01	1.731058e+02
1.130000e-06	1.627468e-06	2.800698e-09	1.084437e+01	1.835586e+02
1.140000e-06	1.674178e-06	2.957341e-09	1.115562e+01	1.937574e+02
1.150000e-06	1.720278e-06	3.108381e-09	1.146279e+01	2.037332e+02
1.160000e-06	1.765713e-06	3.257409e-09	1.176554e+01	2.135458e+02
1.170000e-06	1.810580e-06	3.402320e-09	1.206451e+01	2.232204e+02
1.180000e-06	1.855084e-06	3.545719e-09	1.236105e+01	2.327208e+02
1.190000e-06	1.899180e-06	3.688346e-09	1.265488e+01	2.419815e+02
1.200000e-06	1.942480e-06	3.827472e-09	1.294340e+01	2.509661e+02
1.210000e-06	1.984739e-06	3.960348e-09	1.322498e+01	2.597013e+02
1.220000e-06	2.025990e-06	4.088141e-09	1.349985e+01	2.682517e+02
1.230000e-06	2.066561e-06	4.217731e-09	1.377020e+01	2.766579e+02
1.240000e-06	2.106604e-06	4.346253e-09	1.403701e+01	2.848884e+02
1.250000e-06	2.145984e-06	4.466647e-09	1.429941e+01	2.928503e+02
1.260000e-06	2.184643e-06	4.579556e-09	1.455702e+01	3.004534e+02
1.270000e-06	2.222502e-06	4.688118e-09	1.480929e+01	3.076799e+02
1.280000e-06	2.259602e-06	4.794263e-09	1.505649e+01	3.146013e+02
1.290000e-06	2.296098e-06	4.897689e-09	1.529968e+01	3.213278e+02
1.300000e-06	2.331941e-06	4.998492e-09	1.553851e+01	3.279287e+02
1.310000e-06	2.366784e-06	5.093642e-09	1.577069e+01	3.343839e+02
1.320000e-06	2.400443e-06	5.185426e-09	1.599497e+01	3.406057e+02
1.330000e-06	2.433169e-06	5.275799e-09	1.621303e+01	3.465089e+02
1.340000e-06	2.465160e-06	5.361304e-09	1.642619e+01	3.520745e+02
1.350000e-06	2.496304e-06	5.440443e-09	1.663372e+01	3.573556e+02
1.360000e-06	2.526635e-06	5.516322e-09	1.683583e+01	3.624259e+02
1.370000e-06	2.556165e-06	5.591093e-09	1.703259e+01	3.673166e+02
1.380000e-06	2.584925e-06	5.661444e-09	1.722423e+01	3.719985e+02
1.390000e-06	2.612943e-06	5.727716e-09	1.741093e+01	3.764232e+02
1.400000e-06	2.639942e-06	5.790780e-09	1.759083e+01	3.805856e+02
1.410000e-06	2.665695e-06	5.850706e-09	1.776243e+01	3.845507e+02
1.420000e-06	2.690356e-06	5.908328e-09	1.792675e+01	3.884139e+02
1.430000e-06	2.714098e-06	5.963648e-09	1.808496e+01	3.922248e+02
1.440000e-06	2.736955e-06	6.016396e-09	1.823725e+01	3.959386e+02
1.450000e-06	2.758900e-06	6.067417e-09	1.838348e+01	3.994402e+02
1.460000e-06	2.779937e-06	6.116151e-09	1.852366e+01	4.026295e+02
1.470000e-06	2.800242e-06	6.161950e-09	1.865896e+01	4.055016e+02
1.480000e-06	2.819598e-06	6.203809e-09	1.878794e+01	4.081572e+02
1.490000e-06	2.837891e-06	6.241945e-09	1.890983e+01	4.107294e+02
1.500000e-06	2.855201e-06	6.277867e-09	1.902517e+01	4.132841e+02
1.510000e-06	2.871464e-06	6.312176e-09	1.913353e+01	4.157729e+02
1.520000e-06	2.886613e-06	6.345454e-09	1.923448e+01	4.180766e+02
1.530000e-06	2.900619e-06	6.377364e-09	1.932781e+01	4.201057e+02
1.540000e-06	2.913588e-06	6.406792e-09	1.941422e+01	4.218742e+02
1.550000e-06	2.925496e-06	6.432490e-09	1.949357e+01	4.234857e+02
1.560000e-06	2.936039e-06	6.454943e-09	1.956382e+01	4.250421e+02
1.570000e-06	2.945249e-06	6.473957e-09	1.962519e+01	4.265538e+02
1.580000e-06	2.953468e-06	6.490054e-09	1.967996e+01	4.279316e+02
1.590000e-06	2.960745e-06	6.504192e-09	1.972844e+01	4.290717e+02
1.600000e-06	2.967032e-06	6.517245e-09	1.977034e+01	4.299649e+02
1.610000e-06	2.972350e-06	6.530075e-09	1.980577e+01	4.307296e+02
1.620000e-06	2.976822e-06	6.543123e-09	1.983557e+01	4.315293e+02
1.630000e-06	2.980246e-06	6.556377e-09	1.985839e+01	4.324294e+02
1.640000e-06	2.982328e-06	6.568205e-09	1.987226e+01	4.333160e+02
1.650000e-06	2.983251e-06	6.575465e-09	1.987841e+01	4.339577e+02
1.660000e-06	2.983264e-06	6.578734e-09	1.987850e+01	4.341820e+02
1.670000e-06	2.982332e-06	6.580452e-09	1.987229e+01	4.340328e+02
1.680000e-06	2.980461e-06	6.579239e-09	1.985982e+01	4.337725e+02
1.690000e-06	2.977703e-06	6.575227e-09	1.984144e+01	4.337002e+02
1.700000e-06	2.974155e-06	6.571237e-09	1.981780e+01	4.339120e+02
1.710000e-06	2.969683e-06	6.567718e-09	1.978800e+01	4.341903e+02
1.720000e-06	2.963876e-06	6.559711e-09	1.974931e+01	4.341384e+02
1.730000e-06	2.956990e-06	6.536090e-09	1.970342e+01	4.334889e+02
1.740000e-06	2.949327e-06	6.571089e-09	1.965236e+01	4.323658e+02
1.750000e-06	2.940514e-06	6.585250e-09	1.959364e+01	4.312787e+02
1.760000e-06	2.929989e-06	6.551507e-09	1.952351e+01	4.308040e+02
1.770000e-06	2.917898e-06	6.471547e-09	1.944294e+01	4.311395e+02
1.780000e-06	2.905278e-06	6.520210e-09	1.935885e+01	4.318439e+02
1.790000e-06	2.892519e-06	6.635050e-09	1.927384e+01	4.319804e+02
1.800000e-06	2.878495e-06	6.507152e-09	1.918039e+01	4.306243e+02
1.810000e-06	2.862710e-06	6.489955e-09	1.907520e+01	4.274390e+02
1.820000e-06	2.846177e-06	6.483551e-09	1.896504e+01	4.229502e+02
1.830000e-06	2.829154e-06	6.313408e-09	1.885161e+01	4.183253e+02
1.840000e-06	2.810893e-06	6.202178e-09	1.872993e+01	4.147740e+02
1.850000e-06	2.791542e-06	6.355651e-09	1.860099e+01	4.129265e+02
1.860000e-06	2.771607e-06	6.357553e-09	1.846816e+01	4.125596e+02
1.870000e-06	2.750423e-06	6.151276e-09	1.832700e+01	4.128101e+02
1.880000e-06	2.727769e-06	6.328261e-09	1.817605e+01	4.127121e+02
1.890000e-06	2.704205e-06	6.436289e-09	1.801903e+01	4.117064e+02
1.900000e-06	2.679730e-06	6.199114e-09	1.785595e+01	4.098276e+02
1.910000e-06	2.654357e-06	6.219234e-09	1.768688e+01	4.075070e+02
1.920000e-06	2.628232e-06	6.293118e-09	1.751280e+01	4.051840e+02
1.930000e-06	2.601275e-06	6.164739e-09	1.733318e+01	4.030114e+02
1.940000e-06	2.573581e-06	6.166083e-09	1.714864e+01	4.008332e+02
1.950000e-06	2.544952e-06	6.111473e-09	1.695787e+01	3.983964e+02
1.960000e-06	2.514870e-06	6.007114e-09	1.675743e+01	3.956037e+02
1.970000e-06	2.483690e-06	6.055857e-09	1.654967e+01	3.926074e+02
1.980000e-06	2.451901e-06	5.994529e-09	1.633785e+01	3.896927e+02
1.990000e-06	2.419243e-06	5.900381e-09	1.612024e+01	3.870605e+02
2.000000e-06	2.385655e-06	5.956958e-09	1.589643e+01	3.846832e+02
2.010000e-06	2.351409e-06	5.838769e-09	1.566823e+01	3.823362e+02
2.020000e-06	2.316486e-06	5.793404e-09	1.543553e+01	3.797638e+02
2.030000e-06	2.280799e-06	5.845833e-09	1.519773e+01	3.768443e+02
2.040000e-06	2.244211e-06	5.682471e-09	1.495394e+01	3.736336e+02
2.050000e-06	2.206529e-06	5.639682e-09	1.470285e+01	3.702751e+02
2.060000e-06	2.167843e-06	5.678188e-09	1.444507e+01	3.668659e+02
2.070000e-06	2.128454e-06	5.579105e-09	1.418261e+01	3.633922e+02
2.080000e-06	2.088476e-06	5.510323e-09	1.391622e+01	3.597781e+02
2.090000e-06	2.047831e-06	5.454739e-09	1.364539e+01	3.559895e+02
2.100000e-06	2.006427e-06	5.382438e-09	1.336950e+01	3.520956e+02
2.110000e-06	1.964247e-06	5.354528e-09	1.308844e+01	3.482284e+02
2.120000e-06	1.921509e-06	5.284868e-09	1.280367e+01	3.444742e+02
2.130000e-06	1.878347e-06	5.218117e-09	1.251606e+01	3.407892e+02
2.140000e-06	1.834681e-06	5.171917e-09	1.222510e+01	3.370155e+02
2.150000e-06	1.790246e-06	5.095898e-09	1.192902e+01	3.329895e+02
2.160000e-06	1.745075e-06	5.055296e-09	1.162803e+01	3.286593e+02
2.170000e-06	1.699283e-06	4.976415e-09	1.132290e+01	3.241183e+02
2.180000e-06	1.652961e-06	4.895820e-09	1.101424e+01	3.195271e+02
2.190000e-06	1.606196e-06	4.828061e-09	1.070263e+01	3.149870e+02
2.200000e-06	1.558734e-06	4.755573e-09	1.038637e+01	3.104630e+02
2.210000e-06	1.510507e-06	4.700681e-09	1.006502e+01	3.058163e+02
2.220000e-06	1.461634e-06	4.610177e-09	9.739364e+00	3.009180e+02
2.230000e-06	1.412344e-06	4.524945e-09	9.410926e+00	2.957531e+02
2.240000e-06	1.362616e-06	4.460054e-09	9.079574e+00	2.904318e+02
2.250000e-06	1.312293e-06	4.383717e-09	8.744254e+00	2.851014e+02
2.260000e-06	1.261465e-06	4.303813e-09	8.405569e+00	2.798290e+02
2.270000e-06	1.210245e-06	4.211103e-09	8.064274e+00	2.745486e+02
2.280000e-06	1.158585e-06	4.112720e-09	7.720042e+00	2.691135e+02
2.290000e-06	1.106379e-06	4.040980e-09	7.372175e+00	2.634107e+02
2.300000e-06	1.053568e-06	3.955921e-09	7.020282e+00	2.574496e+02
2.310000e-06	1.000060e-06	3.858736e-09	6.663740e+00	2.513544e+02
2.320000e-06	9.459612e-07	3.764016e-09	6.303260e+00	2.452690e+02
2.330000e-06	8.914105e-07	3.674828e-09	5.939770e+00	2.392484e+02
2.340000e-06	8.364828e-07	3.594575e-09	5.573768e+00	2.332170e+02
2.350000e-06	7.813779e-07	3.487579e-09	5.206585e+00	2.270237e+02
2.360000e-06	7.261936e-07	3.380512e-09	4.838874e+00	2.205461e+02
2.370000e-06	6.708697e-07	3.277618e-09	4.470232e+00	2.137677e+02
2.380000e-06	6.153895e-07	3.176808e-09	4.100549e+00	2.067733e+02
2.390000e-06	5.597312e-07	3.077973e-09	3.729678e+00	1.996783e+02
2.400000e-06	5.038736e-07	2.965621e-09	3.357480e+00	1.925499e+02
2.410000e-06	4.478265e-07	2.850704e-09	2.984020e+00	1.853789e+02
2.420000e-06	3.916196e-07	2.735013e-09	2.609494e+00	1.781119e+02
2.430000e-06	3.352487e-07	2.623951e-09	2.233875e+00	1.707049e+02
2.440000e-06	2.787495e-07	2.512780e-09	1.857402e+00	1.631496e+02
2.450000e-06	2.221942e-07	2.391716e-09	1.480555e+00	1.554533e+02
2.460000e-06	1.655268e-07	2.266094e-09	1.102961e+00	1.476019e+02
2.470000e-06	1.087513e-07	2.147021e-09	7.246465e-01	1.395481e+02
2.480000e-06	5.192095e-08	2.024747e-09	3.459669e-01	1.312456e+02
2.490000e-06	-4.900791e-09	1.893131e-09	-3.265563e-02	1.227009e+02
2.500000e-06	-6.165530e-08	1.753395e-09	-4.108301e-01	1.139940e+02
2.510000e-06	-1.183729e-07	1.615322e-09	-7.887587e-01	1.052400e+02
2.520000e-06	-1.750062e-07	1.486918e-09	-1.166125e+00	9.651086e+01
2.530000e-06	-2.315171e-07	1.353362e-09	-1.542677e+00	8.777696e+01
2.540000e-06	-2.879355e-07	1.215230e-09	-1.918612e+00	7.891633e+01
2.550000e-06	-3.442470e-07	1.071644e-09	-2.293834e+00	6.979204e+01
2.560000e-06	-4.004548e-07	9.290780e-10	-2.668366e+00	6.034374e+01
2.570000e-06	-4.564662e-07	7.878897e-10	-3.041589e+00	5.062660e+01
2.580000e-06	-5.122767e-07	6.379947e-10	-3.413473e+00	4.076922e+01
2.590000e-06	-5.679065e-07	4.809616e-10	-3.784153e+00	3.088317e+01
2.600000e-06	-6.233677e-07	3.245384e-10	-4.153710e+00	2.099213e+01
2.610000e-06	-6.786966e-07	1.733116e-10	-4.522385e+00	1.103176e+01
2.620000e-06	-7.339194e-07	1.964884e-11	-4.890353e+00	9.149096e-01
2.630000e-06	-7.890357e-07	-1.383855e-10	-5.257612e+00	-9.393161e+00
2.640000e-06	-8.439394e-07	-3.011498e-10	-5.623454e+00	-1.984966e+01
2.650000e-06	-8.985856e-07	-4.602697e-10	-5.987580e+00	-3.037606e+01
2.660000e-06	-9.528772e-07	-6.187174e-10	-6.349344e+00	-4.092810e+01
2.670000e-06	-1.006609e-06	-7.820912e-10	-6.707377e+00	-5.153305e+01
2.680000e-06	-1.059612e-06	-9.494517e-10	-7.060552e+00	-6.226145e+01
2.690000e-06	-1.111954e-06	-1.118506e-09	-7.409328e+00	-7.315625e+01
2.700000e-06	-1.163826e-06	-1.284837e-09	-7.754967e+00	-8.417849e+01
2.710000e-06	-1.215273e-06	-1.449563e-09	-8.097775e+00	-9.521662e+01
2.720000e-06	-1.266284e-06	-1.614084e-09	-8.437677e+00	-1.061552e+02
2.730000e-06	-1.316902e-06	-1.780771e-09	-8.774964e+00	-1.169498e+02
2.740000e-06	-1.366997e-06	-1.944040e-09	-9.108761e+00	-1.276488e+02
2.750000e-06	-1.416500e-06	-2.105564e-09	-9.438622e+00	-1.383441e+02
2.760000e-06	-1.465482e-06	-2.268237e-09	-9.764999e+00	-1.490890e+02
2.770000e-06	-1.513763e-06	-2.433047e-09	-1.008672e+01	-1.598465e+02
2.780000e-06	-1.561065e-06	-2.596471e-09	-1.040191e+01	-1.705072e+02
2.790000e-06	-1.607544e-06	-2.754537e-09	-1.071161e+01	-1.809600e+02
2.800000e-06	-1.653530e-06	-2.910430e-09	-1.101803e+01	-1.911589e+02
2.810000e-06	-1.699113e-06	-3.065271e-09	-1.132177e+01	-2.011346e+02
2.820000e-06	-1.744260e-06	-3.220403e-09	-1.162259e+01	-2.109473e+02
2.830000e-06	-1.788844e-06	-3.369102e-09	-1.191967e+01	-2.206220e+02
2.840000e-06	-1.832776e-06	-3.508838e-09	-1.221241e+01	-2.301224e+02
2.850000e-06	-1.876175e-06	-3.643988e-09	-1.250159e+01	-2.393831e+02
2.860000e-06	-1.919178e-06	-3.781590e-09	-1.278813e+01	-2.483678e+02
2.870000e-06	-1.961571e-06	-3.919785e-09	-1.307061e+01	-2.571030e+02
2.880000e-06	-2.003251e-06	-4.051184e-09	-1.334834e+01	-2.656534e+02
2.890000e-06	-2.044343e-06	-4.177350e-09	-1.362215e+01	-2.740597e+02
2.900000e-06	-2.084733e-06	-4.302830e-09	-1.389128e+01	-2.822903e+02
2.910000e-06	-2.124430e-06	-4.427065e-09	-1.415580e+01	-2.902522e+02
2.920000e-06	-2.163578e-06	-4.543132e-09	-1.441665e+01	-2.978553e+02
2.930000e-06	-2.201974e-06	-4.651899e-09	-1.467250e+01	-3.050819e+02
2.940000e-06	-2.239303e-06	-4.756879e-09	-1.492123e+01	-3.120033e+02
2.950000e-06	-2.275555e-06	-4.861406e-09	-1.516279e+01	-3.187299e+02
2.960000e-06	-2.310995e-06	-4.965215e-09	-1.539894e+01	-3.253308e+02
2.970000e-06	-2.345820e-06	-5.064351e-09	-1.563099e+01	-3.317861e+02
2.980000e-06	-2.379887e-06	-5.157556e-09	-1.585799e+01	-3.380079e+02
2.990000e-06	-2.413010e-06	-5.247426e-09	-1.607870e+01	-3.439111e+02
3.000000e-06	-2.445269e-06	-5.338126e-09	-1.629366e+01	-3.494768e+02
3.010000e-06	-2.476816e-06	-5.423177e-09	-1.650386e+01	-3.547580e+02
3.020000e-06	-2.507608e-06	-5.499204e-09	-1.670904e+01	-3.598283e+02
3.030000e-06	-2.537300e-06	-5.567743e-09	-1.690689e+01	-3.647190e+02
3.040000e-06	-2.565745e-06	-5.639624e-09	-1.709643e+01	-3.694010e+02
3.050000e-06	-2.593217e-06	-5.710374e-09	-1.727948e+01	-3.738257e+02
3.060000e-06	-2.619946e-06	-5.774987e-09	-1.745758e+01	-3.779882e+02
3.070000e-06	-2.645843e-06	-5.836179e-09	-1.763015e+01	-3.819533e+02
3.080000e-06	-2.670769e-06	-5.898340e-09	-1.779624e+01	-3.858165e+02
3.090000e-06	-2.694768e-06	-5.964042e-09	-1.795615e+01	-3.896275e+02
3.100000e-06	-2.718012e-06	-6.021921e-09	-1.811104e+01	-3.933413e+02
3.110000e-06	-2.740410e-06	-6.073025e-09	-1.826028e+01	-3.968430e+02
3.120000e-06	-2.761554e-06	-6.120248e-09	-1.840117e+01	-4.000323e+02
3.130000e-06	-2.781500e-06	-6.167620e-09	-1.853408e+01	-4.029045e+02
3.140000e-06	-2.800587e-06	-6.213213e-09	-1.866126e+01	-4.055601e+02
3.150000e-06	-2.818772e-06	-6.254327e-09	-1.878243e+01	-4.081323e+02
3.160000e-06	-2.835944e-06	-6.289550e-09	-1.889685e+01	-4.106871e+02
3.170000e-06	-2.852149e-06	-6.325739e-09	-1.900483e+01	-4.131759e+02
3.180000e-06	-2.867478e-06	-6.363355e-09	-1.910698e+01	-4.154796e+02
3.190000e-06	-2.881878e-06	-6.396954e-09	-1.920293e+01	-4.175088e+02
3.200000e-06	-2.894907e-06	-6.424639e-09	-1.928974e+01	-4.192774e+02
3.210000e-06	-2.906528e-06	-6.448786e-09	-1.936718e+01	-4.208889e+02
3.220000e-06	-2.917023e-06	-6.474517e-09	-1.943711e+01	-4.224453e+02
3.230000e-06	-2.926474e-06	-6.500122e-09	-1.950009e+01	-4.239570e+02
3.240000e-06	-2.934986e-06	-6.521207e-09	-1.955680e+01	-4.253349e+02
3.250000e-06	-2.942600e-06	-6.537262e-09	-1.960754e+01	-4.264751e+02
3.260000e-06	-2.949293e-06	-6.554987e-09	-1.965214e+01	-4.273682e+02
3.270000e-06	-2.954861e-06	-6.574010e-09	-1.968924e+01	-4.281331e+02
3.280000e-06	-2.959120e-06	-6.590431e-09	-1.971762e+01	-4.289328e+02
3.290000e-06	-2.962319e-06	-6.600926e-09	-1.973893e+01	-4.298329e+02
3.300000e-06	-2.964615e-06	-6.607076e-09	-1.975424e+01	-4.307195e+02
3.310000e-06	-2.965916e-06	-6.613355e-09	-1.976290e+01	-4.313613e+02
3.320000e-06	-2.966243e-06	-6.621487e-09	-1.976508e+01	-4.315856e+02
