# Temperatura_=_20.0
# Concentracion g/m^3_=_10000.0
# C_Vs_to_Am_M_A/Vsm_=_65563218390.804596
# pendiente_HvsI_1/m_=_3716.3
# ordenada_HvsI_A/m_=_1297.0
# frecuencia_Hz_=_301197.83219724667

Tiempo_(s)	Campo_(V.s)	Magnetizacion_(V.s)	Campo_(kA/m)	Magnetizacion_(A/m)
0.000000e+00	-2.963645e-06	-6.630563e-09	-1.976265e+01	-4.326968e+02
1.000000e-08	-2.963046e-06	-6.632904e-09	-1.975866e+01	-4.326790e+02
2.000000e-08	-2.961642e-06	-6.634168e-09	-1.974930e+01	-4.325438e+02
3.000000e-08	-2.958926e-06	-6.637529e-09	-1.973118e+01	-4.325259e+02
4.000000e-08	-2.954950e-06	-6.641105e-09	-1.970467e+01	-4.326901e+02
5.000000e-08	-2.950193e-06	-6.638831e-09	-1.967295e+01	-4.328479e+02
6.000000e-08	-2.944608e-06	-6.630380e-09	-1.963570e+01	-4.326791e+02
7.000000e-08	-2.938049e-06	-6.618191e-09	-1.959197e+01	-4.319917e+02
8.000000e-08	-2.930449e-06	-6.612070e-09	-1.954129e+01	-4.309280e+02
9.000000e-08	-2.921744e-06	-6.609180e-09	-1.948324e+01	-4.299345e+02
1.000000e-07	-2.911576e-06	-6.612272e-09	-1.941544e+01	-4.294742e+02
1.100000e-07	-2.899794e-06	-6.562678e-09	-1.933687e+01	-4.296538e+02
1.200000e-07	-2.887162e-06	-6.550924e-09	-1.925263e+01	-4.300336e+02
1.300000e-07	-2.873911e-06	-6.548001e-09	-1.916427e+01	-4.297895e+02
1.400000e-07	-2.859536e-06	-6.601218e-09	-1.906841e+01	-4.281687e+02
1.500000e-07	-2.843949e-06	-6.538058e-09	-1.896447e+01	-4.249672e+02
1.600000e-07	-2.827252e-06	-6.393463e-09	-1.885313e+01	-4.207179e+02
1.700000e-07	-2.809234e-06	-6.356921e-09	-1.873298e+01	-4.164494e+02
1.800000e-07	-2.790096e-06	-6.243334e-09	-1.860536e+01	-4.131495e+02
1.900000e-07	-2.770397e-06	-6.292542e-09	-1.847400e+01	-4.112571e+02
2.000000e-07	-2.749991e-06	-6.296304e-09	-1.833793e+01	-4.104872e+02
2.100000e-07	-2.728376e-06	-6.207132e-09	-1.819379e+01	-4.100758e+02
2.200000e-07	-2.705901e-06	-6.203816e-09	-1.804392e+01	-4.092641e+02
2.300000e-07	-2.682822e-06	-6.190950e-09	-1.789002e+01	-4.077050e+02
2.400000e-07	-2.658795e-06	-6.178044e-09	-1.772980e+01	-4.055537e+02
2.500000e-07	-2.633826e-06	-6.140375e-09	-1.756330e+01	-4.032324e+02
2.600000e-07	-2.607869e-06	-6.050866e-09	-1.739021e+01	-4.010715e+02
2.700000e-07	-2.580657e-06	-6.035781e-09	-1.720875e+01	-3.990857e+02
2.800000e-07	-2.552424e-06	-6.055410e-09	-1.702048e+01	-3.970197e+02
2.900000e-07	-2.523419e-06	-6.008929e-09	-1.682706e+01	-3.945897e+02
3.000000e-07	-2.493508e-06	-5.937202e-09	-1.662761e+01	-3.917206e+02
3.100000e-07	-2.462745e-06	-5.878415e-09	-1.642247e+01	-3.886030e+02
3.200000e-07	-2.431105e-06	-5.882091e-09	-1.621148e+01	-3.855447e+02
3.300000e-07	-2.398754e-06	-5.815314e-09	-1.599576e+01	-3.827466e+02
3.400000e-07	-2.365873e-06	-5.767842e-09	-1.577649e+01	-3.801745e+02
3.500000e-07	-2.332014e-06	-5.731631e-09	-1.555071e+01	-3.776120e+02
3.600000e-07	-2.296861e-06	-5.680416e-09	-1.531629e+01	-3.748363e+02
3.700000e-07	-2.260738e-06	-5.646364e-09	-1.507542e+01	-3.717735e+02
3.800000e-07	-2.223969e-06	-5.626210e-09	-1.483022e+01	-3.685195e+02
3.900000e-07	-2.186463e-06	-5.555762e-09	-1.458012e+01	-3.652286e+02
4.000000e-07	-2.148216e-06	-5.455876e-09	-1.432508e+01	-3.619714e+02
4.100000e-07	-2.109282e-06	-5.451447e-09	-1.406545e+01	-3.586806e+02
4.200000e-07	-2.069580e-06	-5.410325e-09	-1.380070e+01	-3.552206e+02
4.300000e-07	-2.029215e-06	-5.346033e-09	-1.353154e+01	-3.515157e+02
4.400000e-07	-1.988328e-06	-5.264736e-09	-1.325889e+01	-3.476266e+02
4.500000e-07	-1.946809e-06	-5.210317e-09	-1.298202e+01	-3.437100e+02
4.600000e-07	-1.904308e-06	-5.176942e-09	-1.269861e+01	-3.398964e+02
4.700000e-07	-1.860706e-06	-5.125931e-09	-1.240786e+01	-3.361832e+02
4.800000e-07	-1.816364e-06	-5.040973e-09	-1.211217e+01	-3.324308e+02
4.900000e-07	-1.771590e-06	-4.959783e-09	-1.181360e+01	-3.284630e+02
5.000000e-07	-1.726311e-06	-4.923235e-09	-1.151166e+01	-3.241924e+02
5.100000e-07	-1.680395e-06	-4.866043e-09	-1.120548e+01	-3.196757e+02
5.200000e-07	-1.633869e-06	-4.800992e-09	-1.089523e+01	-3.150580e+02
5.300000e-07	-1.586744e-06	-4.705198e-09	-1.058098e+01	-3.104566e+02
5.400000e-07	-1.539040e-06	-4.636504e-09	-1.026287e+01	-3.058747e+02
5.500000e-07	-1.490844e-06	-4.583530e-09	-9.941486e+00	-3.012108e+02
5.600000e-07	-1.442236e-06	-4.518163e-09	-9.617351e+00	-2.963491e+02
5.700000e-07	-1.393101e-06	-4.421517e-09	-9.289695e+00	-2.912550e+02
5.800000e-07	-1.343144e-06	-4.328029e-09	-8.956567e+00	-2.860002e+02
5.900000e-07	-1.292304e-06	-4.268947e-09	-8.617549e+00	-2.807008e+02
6.000000e-07	-1.240865e-06	-4.197118e-09	-8.274531e+00	-2.754225e+02
6.100000e-07	-1.188957e-06	-4.117459e-09	-7.928395e+00	-2.701295e+02
6.200000e-07	-1.136499e-06	-4.018596e-09	-7.578581e+00	-2.647155e+02
6.300000e-07	-1.083647e-06	-3.933834e-09	-7.226148e+00	-2.590882e+02
6.400000e-07	-1.030385e-06	-3.856275e-09	-6.870976e+00	-2.532377e+02
6.500000e-07	-9.766577e-07	-3.775273e-09	-6.512705e+00	-2.472352e+02
6.600000e-07	-9.226332e-07	-3.668677e-09	-6.152450e+00	-2.411680e+02
6.700000e-07	-8.683251e-07	-3.558334e-09	-5.790304e+00	-2.350665e+02
6.800000e-07	-8.137693e-07	-3.472957e-09	-5.426506e+00	-2.288832e+02
6.900000e-07	-7.589870e-07	-3.388535e-09	-5.061198e+00	-2.225370e+02
7.000000e-07	-7.039123e-07	-3.293807e-09	-4.693940e+00	-2.159833e+02
7.100000e-07	-6.485614e-07	-3.177568e-09	-4.324841e+00	-2.092496e+02
7.200000e-07	-5.929120e-07	-3.071580e-09	-3.953750e+00	-2.024085e+02
7.300000e-07	-5.369968e-07	-2.973658e-09	-3.580887e+00	-1.955123e+02
7.400000e-07	-4.809138e-07	-2.873840e-09	-3.206906e+00	-1.885461e+02
7.500000e-07	-4.247032e-07	-2.755542e-09	-2.832073e+00	-1.814382e+02
7.600000e-07	-3.683580e-07	-2.635268e-09	-2.456343e+00	-1.741198e+02
7.700000e-07	-3.118910e-07	-2.531706e-09	-2.079801e+00	-1.665818e+02
7.800000e-07	-2.554399e-07	-2.428436e-09	-1.703365e+00	-1.588811e+02
7.900000e-07	-1.989906e-07	-2.314710e-09	-1.326941e+00	-1.510905e+02
8.000000e-07	-1.424704e-07	-2.182193e-09	-9.500437e-01	-1.432337e+02
8.100000e-07	-8.592715e-08	-2.054724e-09	-5.729931e-01	-1.352605e+02
8.200000e-07	-2.937417e-08	-1.935199e-09	-1.958775e-01	-1.270841e+02
8.300000e-07	2.716364e-08	-1.816514e-09	1.811369e-01	-1.186519e+02
8.400000e-07	8.367359e-08	-1.681895e-09	5.579655e-01	-1.099904e+02
8.500000e-07	1.401810e-07	-1.540589e-09	9.347772e-01	-1.011879e+02
8.600000e-07	1.966845e-07	-1.407458e-09	1.311563e+00	-9.232704e+01
8.700000e-07	2.531658e-07	-1.279020e-09	1.688200e+00	-8.342123e+01
8.800000e-07	3.095996e-07	-1.145165e-09	2.064521e+00	-7.440645e+01
8.900000e-07	3.659558e-07	-9.949412e-10	2.440325e+00	-6.519492e+01
9.000000e-07	4.221974e-07	-8.482519e-10	2.815364e+00	-5.574724e+01
9.100000e-07	4.783115e-07	-7.079621e-10	3.189553e+00	-4.610442e+01
9.200000e-07	5.342778e-07	-5.680396e-10	3.562757e+00	-3.635399e+01
9.300000e-07	5.900605e-07	-4.148148e-10	3.934736e+00	-2.655763e+01
9.400000e-07	6.455972e-07	-2.549369e-10	4.305074e+00	-1.669976e+01
9.500000e-07	7.008673e-07	-1.015201e-10	4.673635e+00	-6.699511e+00
9.600000e-07	7.558784e-07	4.769184e-11	5.040469e+00	3.522411e+00
9.700000e-07	8.106370e-07	2.021827e-10	5.405618e+00	1.397504e+01
9.800000e-07	8.651782e-07	3.693898e-10	5.769319e+00	2.458161e+01
9.900000e-07	9.194819e-07	5.363351e-10	6.131436e+00	3.522991e+01
1.000000e-06	9.734853e-07	6.968637e-10	6.491550e+00	4.584902e+01
1.010000e-06	1.027061e-06	8.527281e-10	6.848814e+00	5.645265e+01
1.020000e-06	1.080176e-06	1.018238e-09	7.203000e+00	6.711658e+01
1.030000e-06	1.132944e-06	1.188608e-09	7.554876e+00	7.791018e+01
1.040000e-06	1.185314e-06	1.354270e-09	7.904101e+00	8.883709e+01
1.050000e-06	1.237183e-06	1.515360e-09	8.249980e+00	9.983046e+01
1.060000e-06	1.288408e-06	1.680235e-09	8.591568e+00	1.108019e+02
1.070000e-06	1.338908e-06	1.855884e-09	8.928317e+00	1.217007e+02
1.080000e-06	1.388605e-06	2.029786e-09	9.259719e+00	1.325331e+02
1.090000e-06	1.437613e-06	2.194103e-09	9.586520e+00	1.433285e+02
1.100000e-06	1.486247e-06	2.348685e-09	9.910830e+00	1.540854e+02
1.110000e-06	1.534524e-06	2.508860e-09	1.023276e+01	1.647473e+02
1.120000e-06	1.582279e-06	2.674345e-09	1.055121e+01	1.752335e+02
1.130000e-06	1.629404e-06	2.833464e-09	1.086545e+01	1.855000e+02
1.140000e-06	1.675967e-06	2.983665e-09	1.117595e+01	1.955773e+02
1.150000e-06	1.721954e-06	3.130558e-09	1.148261e+01	2.055461e+02
1.160000e-06	1.767259e-06	3.284681e-09	1.178472e+01	2.154643e+02
1.170000e-06	1.812091e-06	3.439797e-09	1.208368e+01	2.253010e+02
1.180000e-06	1.856628e-06	3.588429e-09	1.238066e+01	2.349333e+02
1.190000e-06	1.900629e-06	3.727006e-09	1.267407e+01	2.442168e+02
1.200000e-06	1.943819e-06	3.861224e-09	1.296208e+01	2.530823e+02
1.210000e-06	1.985884e-06	3.992906e-09	1.324259e+01	2.615861e+02
1.220000e-06	2.026951e-06	4.118320e-09	1.351644e+01	2.698748e+02
1.230000e-06	2.067446e-06	4.238669e-09	1.378647e+01	2.780869e+02
1.240000e-06	2.107338e-06	4.360568e-09	1.405249e+01	2.862591e+02
1.250000e-06	2.146553e-06	4.487995e-09	1.431398e+01	2.943043e+02
1.260000e-06	2.185071e-06	4.612588e-09	1.457084e+01	3.020733e+02
1.270000e-06	2.222740e-06	4.726840e-09	1.482203e+01	3.094523e+02
1.280000e-06	2.259668e-06	4.828460e-09	1.506828e+01	3.164270e+02
1.290000e-06	2.296156e-06	4.927002e-09	1.531159e+01	3.230727e+02
1.300000e-06	2.332045e-06	5.025543e-09	1.555092e+01	3.294880e+02
1.310000e-06	2.366782e-06	5.120347e-09	1.578255e+01	3.357273e+02
1.320000e-06	2.400242e-06	5.209265e-09	1.600567e+01	3.417813e+02
1.330000e-06	2.432874e-06	5.295768e-09	1.622328e+01	3.476090e+02
1.340000e-06	2.464855e-06	5.382928e-09	1.643654e+01	3.531866e+02
1.350000e-06	2.496034e-06	5.467237e-09	1.664445e+01	3.585263e+02
1.360000e-06	2.526379e-06	5.545973e-09	1.684680e+01	3.636552e+02
1.370000e-06	2.555850e-06	5.616680e-09	1.704332e+01	3.685779e+02
1.380000e-06	2.584580e-06	5.684358e-09	1.723491e+01	3.732660e+02
1.390000e-06	2.612693e-06	5.752007e-09	1.742238e+01	3.776850e+02
1.400000e-06	2.639726e-06	5.817776e-09	1.760264e+01	3.818394e+02
1.410000e-06	2.665315e-06	5.877680e-09	1.777328e+01	3.857895e+02
1.420000e-06	2.689841e-06	5.933773e-09	1.793683e+01	3.896200e+02
1.430000e-06	2.713486e-06	5.989863e-09	1.809450e+01	3.933804e+02
1.440000e-06	2.736230e-06	6.044567e-09	1.824617e+01	3.970454e+02
1.450000e-06	2.758053e-06	6.095702e-09	1.839169e+01	4.005314e+02
1.460000e-06	2.779032e-06	6.141850e-09	1.853158e+01	4.037587e+02
1.470000e-06	2.799287e-06	6.185527e-09	1.866665e+01	4.067126e+02
1.480000e-06	2.818614e-06	6.228220e-09	1.879553e+01	4.094511e+02
1.490000e-06	2.836794e-06	6.269617e-09	1.891676e+01	4.120539e+02
1.500000e-06	2.854021e-06	6.306413e-09	1.903164e+01	4.145549e+02
1.510000e-06	2.870263e-06	6.338384e-09	1.913995e+01	4.169165e+02
1.520000e-06	2.885307e-06	6.368248e-09	1.924026e+01	4.190701e+02
1.530000e-06	2.899287e-06	6.397277e-09	1.933349e+01	4.209894e+02
1.540000e-06	2.912242e-06	6.424345e-09	1.941987e+01	4.227306e+02
1.550000e-06	2.924033e-06	6.449058e-09	1.949850e+01	4.243994e+02
1.560000e-06	2.934347e-06	6.474405e-09	1.956728e+01	4.260644e+02
1.570000e-06	2.943407e-06	6.498786e-09	1.962769e+01	4.276899e+02
1.580000e-06	2.951599e-06	6.520339e-09	1.968232e+01	4.291503e+02
1.590000e-06	2.958853e-06	6.538273e-09	1.973069e+01	4.303259e+02
1.600000e-06	2.965038e-06	6.551784e-09	1.977194e+01	4.312076e+02
1.610000e-06	2.970268e-06	6.561647e-09	1.980681e+01	4.319223e+02
1.620000e-06	2.974704e-06	6.569444e-09	1.983640e+01	4.326458e+02
1.630000e-06	2.978102e-06	6.578799e-09	1.985906e+01	4.334646e+02
1.640000e-06	2.980139e-06	6.587985e-09	1.987264e+01	4.342967e+02
1.650000e-06	2.981018e-06	6.597890e-09	1.987850e+01	4.349440e+02
1.660000e-06	2.980998e-06	6.607135e-09	1.987836e+01	4.352484e+02
1.670000e-06	2.980081e-06	6.610331e-09	1.987225e+01	4.352313e+02
1.680000e-06	2.978188e-06	6.609801e-09	1.985963e+01	4.350968e+02
1.690000e-06	2.975388e-06	6.606730e-09	1.984096e+01	4.350795e+02
1.700000e-06	2.971833e-06	6.603343e-09	1.981725e+01	4.352444e+02
1.710000e-06	2.967200e-06	6.598312e-09	1.978636e+01	4.354029e+02
1.720000e-06	2.961253e-06	6.593254e-09	1.974670e+01	4.352346e+02
1.730000e-06	2.954291e-06	6.596570e-09	1.970027e+01	4.345479e+02
1.740000e-06	2.946570e-06	6.576643e-09	1.964879e+01	4.334849e+02
1.750000e-06	2.937690e-06	6.562214e-09	1.958957e+01	4.324920e+02
1.760000e-06	2.926897e-06	6.539583e-09	1.951760e+01	4.320324e+02
1.770000e-06	2.914462e-06	6.577590e-09	1.943468e+01	4.322127e+02
1.780000e-06	2.901838e-06	6.618991e-09	1.935050e+01	4.325932e+02
1.790000e-06	2.889260e-06	6.502246e-09	1.926663e+01	4.323497e+02
1.800000e-06	2.875087e-06	6.570423e-09	1.917211e+01	4.307295e+02
1.810000e-06	2.859001e-06	6.554527e-09	1.906484e+01	4.275287e+02
1.820000e-06	2.842501e-06	6.419787e-09	1.895482e+01	4.232800e+02
1.830000e-06	2.825514e-06	6.353371e-09	1.884154e+01	4.190122e+02
1.840000e-06	2.807046e-06	6.341413e-09	1.871839e+01	4.157130e+02
1.850000e-06	2.787696e-06	6.374039e-09	1.858936e+01	4.138212e+02
1.860000e-06	2.767889e-06	6.292311e-09	1.845728e+01	4.130520e+02
1.870000e-06	2.746646e-06	6.322992e-09	1.831562e+01	4.126412e+02
1.880000e-06	2.723897e-06	6.339570e-09	1.816392e+01	4.118302e+02
1.890000e-06	2.700364e-06	6.232932e-09	1.800700e+01	4.102717e+02
1.900000e-06	2.675884e-06	6.236155e-09	1.784376e+01	4.081211e+02
1.910000e-06	2.650500e-06	6.263416e-09	1.767448e+01	4.058005e+02
1.920000e-06	2.624300e-06	6.202107e-09	1.749978e+01	4.036402e+02
1.930000e-06	2.597199e-06	6.161206e-09	1.731906e+01	4.016551e+02
1.940000e-06	2.569453e-06	6.099748e-09	1.713403e+01	3.995898e+02
1.950000e-06	2.540700e-06	6.080677e-09	1.694230e+01	3.971604e+02
1.960000e-06	2.510445e-06	6.058370e-09	1.674055e+01	3.942920e+02
1.970000e-06	2.479295e-06	5.993062e-09	1.653283e+01	3.911750e+02
1.980000e-06	2.447495e-06	5.926672e-09	1.632078e+01	3.881174e+02
1.990000e-06	2.414670e-06	5.912270e-09	1.610189e+01	3.853200e+02
2.000000e-06	2.381086e-06	5.875422e-09	1.587793e+01	3.827485e+02
2.010000e-06	2.346884e-06	5.826625e-09	1.564987e+01	3.801867e+02
2.020000e-06	2.311943e-06	5.797747e-09	1.541687e+01	3.774117e+02
2.030000e-06	2.276335e-06	5.706684e-09	1.517942e+01	3.743495e+02
2.040000e-06	2.239667e-06	5.661809e-09	1.493490e+01	3.710962e+02
2.050000e-06	2.201747e-06	5.650947e-09	1.468204e+01	3.678059e+02
2.060000e-06	2.163002e-06	5.613738e-09	1.442367e+01	3.645494e+02
2.070000e-06	2.123575e-06	5.529051e-09	1.416076e+01	3.612593e+02
2.080000e-06	2.083491e-06	5.457950e-09	1.389347e+01	3.577999e+02
2.090000e-06	2.042789e-06	5.426827e-09	1.362205e+01	3.540956e+02
2.100000e-06	2.001382e-06	5.376263e-09	1.334593e+01	3.502072e+02
2.110000e-06	1.959273e-06	5.306279e-09	1.306513e+01	3.462913e+02
2.120000e-06	1.916562e-06	5.228743e-09	1.278032e+01	3.424783e+02
2.130000e-06	1.873399e-06	5.189471e-09	1.249250e+01	3.387657e+02
2.140000e-06	1.829750e-06	5.150248e-09	1.220143e+01	3.350140e+02
2.150000e-06	1.785329e-06	5.080870e-09	1.190522e+01	3.310469e+02
2.160000e-06	1.740114e-06	4.995546e-09	1.160371e+01	3.267770e+02
2.170000e-06	1.694318e-06	4.926832e-09	1.129832e+01	3.222609e+02
2.180000e-06	1.648132e-06	4.870767e-09	1.099034e+01	3.176439e+02
2.190000e-06	1.601408e-06	4.804960e-09	1.067876e+01	3.130431e+02
2.200000e-06	1.553968e-06	4.725360e-09	1.036241e+01	3.084619e+02
2.210000e-06	1.505768e-06	4.636486e-09	1.004100e+01	3.037987e+02
2.220000e-06	1.456904e-06	4.572263e-09	9.715159e+00	2.989376e+02
2.230000e-06	1.407646e-06	4.499922e-09	9.386690e+00	2.938442e+02
2.240000e-06	1.357945e-06	4.424976e-09	9.055266e+00	2.885900e+02
2.250000e-06	1.307640e-06	4.336065e-09	8.719815e+00	2.832912e+02
2.260000e-06	1.256812e-06	4.246289e-09	8.380875e+00	2.780136e+02
2.270000e-06	1.205596e-06	4.171644e-09	8.039350e+00	2.727213e+02
2.280000e-06	1.153937e-06	4.092613e-09	7.694864e+00	2.673079e+02
2.290000e-06	1.101705e-06	4.004262e-09	7.346567e+00	2.616813e+02
2.300000e-06	1.048825e-06	3.905463e-09	6.993941e+00	2.558315e+02
2.310000e-06	9.953153e-07	3.818978e-09	6.637120e+00	2.498297e+02
2.320000e-06	9.413134e-07	3.737103e-09	6.277016e+00	2.437631e+02
2.330000e-06	8.868195e-07	3.648256e-09	5.913631e+00	2.376623e+02
2.340000e-06	8.319620e-07	3.540322e-09	5.547821e+00	2.314796e+02
2.350000e-06	7.769220e-07	3.434020e-09	5.180795e+00	2.251341e+02
2.360000e-06	7.217445e-07	3.342598e-09	4.812851e+00	2.185811e+02
2.370000e-06	6.664474e-07	3.248898e-09	4.444111e+00	2.118480e+02
2.380000e-06	6.110778e-07	3.142996e-09	4.074886e+00	2.050075e+02
2.390000e-06	5.555612e-07	3.031574e-09	3.704682e+00	1.981120e+02
2.400000e-06	4.996929e-07	2.928487e-09	3.332132e+00	1.911464e+02
2.410000e-06	4.436318e-07	2.822151e-09	2.958296e+00	1.840392e+02
2.420000e-06	3.874970e-07	2.708267e-09	2.583969e+00	1.767215e+02
2.430000e-06	3.311923e-07	2.582858e-09	2.208510e+00	1.691841e+02
2.440000e-06	2.747808e-07	2.462516e-09	1.832337e+00	1.614840e+02
2.450000e-06	2.182648e-07	2.348989e-09	1.455468e+00	1.536941e+02
2.460000e-06	1.616050e-07	2.234205e-09	1.077640e+00	1.458380e+02
2.470000e-06	1.049010e-07	2.113372e-09	6.995176e-01	1.378654e+02
2.480000e-06	4.814693e-08	1.980406e-09	3.210610e-01	1.296897e+02
2.490000e-06	-8.575699e-09	1.851408e-09	-5.718584e-02	1.212582e+02
2.500000e-06	-6.523671e-08	1.721847e-09	-4.350218e-01	1.125973e+02
2.510000e-06	-1.219454e-07	1.587215e-09	-8.131756e-01	1.037955e+02
2.520000e-06	-1.786419e-07	1.445364e-09	-1.191248e+00	9.493529e+01
2.530000e-06	-2.352154e-07	1.305502e-09	-1.568501e+00	8.603014e+01
2.540000e-06	-2.915776e-07	1.172821e-09	-1.944344e+00	7.701602e+01
2.550000e-06	-3.478281e-07	1.036284e-09	-2.319443e+00	6.780515e+01
2.560000e-06	-4.039997e-07	8.894637e-10	-2.694015e+00	5.835812e+01
2.570000e-06	-4.599632e-07	7.375600e-10	-3.067200e+00	4.871597e+01
2.580000e-06	-5.156958e-07	5.896935e-10	-3.438845e+00	3.896620e+01
2.590000e-06	-5.712047e-07	4.440186e-10	-3.808998e+00	2.917050e+01
2.600000e-06	-6.265571e-07	2.951987e-10	-4.178108e+00	1.931328e+01
2.610000e-06	-6.818371e-07	1.356959e-10	-4.546735e+00	9.313690e+00
2.620000e-06	-7.370213e-07	-2.518054e-11	-4.914723e+00	-9.075732e-01
2.630000e-06	-7.920461e-07	-1.814102e-10	-5.281648e+00	-1.135954e+01
2.640000e-06	-8.469035e-07	-3.380711e-10	-5.647457e+00	-2.196546e+01
2.650000e-06	-9.014888e-07	-5.009768e-10	-6.011451e+00	-3.261310e+01
2.660000e-06	-9.556601e-07	-6.690592e-10	-6.372685e+00	-4.323154e+01
2.670000e-06	-1.009305e-06	-8.326513e-10	-6.730407e+00	-5.383452e+01
2.680000e-06	-1.062273e-06	-9.904271e-10	-7.083619e+00	-6.449780e+01
2.690000e-06	-1.114560e-06	-1.151084e-09	-7.432288e+00	-7.529073e+01
2.700000e-06	-1.166278e-06	-1.321081e-09	-7.777161e+00	-8.621699e+01
2.710000e-06	-1.217568e-06	-1.490917e-09	-8.119181e+00	-9.720969e+01
2.720000e-06	-1.268436e-06	-1.655857e-09	-8.458386e+00	-1.081805e+02
2.730000e-06	-1.318849e-06	-1.818120e-09	-8.794561e+00	-1.190786e+02
2.740000e-06	-1.368814e-06	-1.983972e-09	-9.127746e+00	-1.299104e+02
2.750000e-06	-1.418293e-06	-2.153001e-09	-9.457686e+00	-1.407051e+02
2.760000e-06	-1.467278e-06	-2.315515e-09	-9.784336e+00	-1.514613e+02
2.770000e-06	-1.515554e-06	-2.472089e-09	-1.010626e+01	-1.621226e+02
2.780000e-06	-1.562862e-06	-2.627408e-09	-1.042172e+01	-1.726081e+02
2.790000e-06	-1.609345e-06	-2.787674e-09	-1.073169e+01	-1.828740e+02
2.800000e-06	-1.655215e-06	-2.947295e-09	-1.103757e+01	-1.929507e+02
2.810000e-06	-1.700644e-06	-3.101183e-09	-1.134050e+01	-2.029188e+02
2.820000e-06	-1.745691e-06	-3.250819e-09	-1.164090e+01	-2.128363e+02
2.830000e-06	-1.790144e-06	-3.399938e-09	-1.193733e+01	-2.226723e+02
2.840000e-06	-1.833927e-06	-3.545654e-09	-1.222929e+01	-2.323039e+02
2.850000e-06	-1.877221e-06	-3.683085e-09	-1.251798e+01	-2.415869e+02
2.860000e-06	-1.920159e-06	-3.815267e-09	-1.280431e+01	-2.504517e+02
2.870000e-06	-1.962566e-06	-3.944508e-09	-1.308710e+01	-2.589548e+02
2.880000e-06	-2.004274e-06	-4.075889e-09	-1.336522e+01	-2.672429e+02
2.890000e-06	-2.045331e-06	-4.204398e-09	-1.363900e+01	-2.754543e+02
2.900000e-06	-2.085557e-06	-4.326842e-09	-1.390724e+01	-2.836258e+02
2.910000e-06	-2.125073e-06	-4.444036e-09	-1.417075e+01	-2.916704e+02
2.920000e-06	-2.164190e-06	-4.560878e-09	-1.443159e+01	-2.994387e+02
2.930000e-06	-2.202558e-06	-4.676931e-09	-1.468745e+01	-3.068171e+02
2.940000e-06	-2.239736e-06	-4.785012e-09	-1.493536e+01	-3.137911e+02
2.950000e-06	-2.275813e-06	-4.885695e-09	-1.517594e+01	-3.204361e+02
2.960000e-06	-2.311176e-06	-4.982364e-09	-1.541175e+01	-3.268508e+02
2.970000e-06	-2.345911e-06	-5.080162e-09	-1.564338e+01	-3.330895e+02
2.980000e-06	-2.379842e-06	-5.175587e-09	-1.586964e+01	-3.391427e+02
2.990000e-06	-2.412920e-06	-5.264229e-09	-1.609022e+01	-3.449698e+02
3.000000e-06	-2.445161e-06	-5.346462e-09	-1.630521e+01	-3.505467e+02
3.010000e-06	-2.476644e-06	-5.428215e-09	-1.651515e+01	-3.558858e+02
3.020000e-06	-2.507456e-06	-5.511573e-09	-1.672062e+01	-3.610140e+02
3.030000e-06	-2.537222e-06	-5.589564e-09	-1.691911e+01	-3.659361e+02
3.040000e-06	-2.565637e-06	-5.658206e-09	-1.710859e+01	-3.706235e+02
3.050000e-06	-2.593076e-06	-5.721299e-09	-1.729156e+01	-3.750419e+02
3.060000e-06	-2.619771e-06	-5.787134e-09	-1.746957e+01	-3.791956e+02
3.070000e-06	-2.645545e-06	-5.853382e-09	-1.764145e+01	-3.831450e+02
3.080000e-06	-2.670364e-06	-5.914896e-09	-1.780694e+01	-3.869749e+02
3.090000e-06	-2.694303e-06	-5.969012e-09	-1.796658e+01	-3.907346e+02
3.100000e-06	-2.717524e-06	-6.020899e-09	-1.812142e+01	-3.943990e+02
3.110000e-06	-2.739865e-06	-6.074578e-09	-1.827041e+01	-3.978843e+02
3.120000e-06	-2.760836e-06	-6.129860e-09	-1.841024e+01	-4.011109e+02
3.130000e-06	-2.780602e-06	-6.180862e-09	-1.854206e+01	-4.040642e+02
3.140000e-06	-2.799558e-06	-6.225978e-09	-1.866846e+01	-4.068020e+02
3.150000e-06	-2.817663e-06	-6.266755e-09	-1.878919e+01	-4.094042e+02
3.160000e-06	-2.834783e-06	-6.303494e-09	-1.890335e+01	-4.119045e+02
3.170000e-06	-2.850922e-06	-6.336961e-09	-1.901097e+01	-4.142654e+02
3.180000e-06	-2.866245e-06	-6.366215e-09	-1.911315e+01	-4.164184e+02
3.190000e-06	-2.880544e-06	-6.397107e-09	-1.920850e+01	-4.183370e+02
3.200000e-06	-2.893418e-06	-6.429784e-09	-1.929435e+01	-4.200776e+02
3.210000e-06	-2.905006e-06	-6.459975e-09	-1.937162e+01	-4.217457e+02
3.220000e-06	-2.915522e-06	-6.484851e-09	-1.944175e+01	-4.234101e+02
3.230000e-06	-2.925035e-06	-6.505556e-09	-1.950518e+01	-4.250349e+02
3.240000e-06	-2.933493e-06	-6.523219e-09	-1.956159e+01	-4.264947e+02
3.250000e-06	-2.941006e-06	-6.542330e-09	-1.961168e+01	-4.276695e+02
3.260000e-06	-2.947661e-06	-6.563221e-09	-1.965607e+01	-4.285506e+02
3.270000e-06	-2.953049e-06	-6.579712e-09	-1.969199e+01	-4.292647e+02
3.280000e-06	-2.957129e-06	-6.590757e-09	-1.971920e+01	-4.299875e+02
3.290000e-06	-2.960255e-06	-6.600294e-09	-1.974004e+01	-4.308057e+02
3.300000e-06	-2.962427e-06	-6.612085e-09	-1.975453e+01	-4.316371e+02
3.310000e-06	-2.963652e-06	-6.621971e-09	-1.976270e+01	-4.322838e+02
3.320000e-06	-2.963933e-06	-6.626889e-09	-1.976457e+01	-4.325875e+02
