# Temperatura_=_20.0
# Concentracion g/m^3_=_10000.0
# C_Vs_to_Am_M_A/Vsm_=_65563218390.804596
# pendiente_HvsI_1/m_=_3716.3
# ordenada_HvsI_A/m_=_1297.0
# frecuencia_Hz_=_301420.50344223576

Tiempo_(s)	Campo_(V.s)	Magnetizacion_(V.s)	Campo_(kA/m)	Magnetizacion_(A/m)
0.000000e+00	-7.944279e-06	-1.138781e-08	-5.506991e+01	-7.468131e+02
1.000000e-08	-7.941033e-06	-1.139064e-08	-5.504741e+01	-7.466017e+02
2.000000e-08	-7.935175e-06	-1.139019e-08	-5.500680e+01	-7.462025e+02
3.000000e-08	-7.926846e-06	-1.138554e-08	-5.494907e+01	-7.456942e+02
4.000000e-08	-7.915809e-06	-1.138032e-08	-5.487255e+01	-7.451753e+02
5.000000e-08	-7.901877e-06	-1.137407e-08	-5.477598e+01	-7.447021e+02
6.000000e-08	-7.885035e-06	-1.136641e-08	-5.465923e+01	-7.442528e+02
7.000000e-08	-7.865671e-06	-1.136077e-08	-5.452500e+01	-7.437427e+02
8.000000e-08	-7.843937e-06	-1.134688e-08	-5.437434e+01	-7.430771e+02
9.000000e-08	-7.819252e-06	-1.133899e-08	-5.420322e+01	-7.422086e+02
1.000000e-07	-7.791305e-06	-1.132065e-08	-5.400949e+01	-7.411607e+02
1.100000e-07	-7.760387e-06	-1.129654e-08	-5.379517e+01	-7.400068e+02
1.200000e-07	-7.726713e-06	-1.128415e-08	-5.356174e+01	-7.388238e+02
1.300000e-07	-7.690452e-06	-1.128182e-08	-5.331038e+01	-7.376531e+02
1.400000e-07	-7.652034e-06	-1.125045e-08	-5.304406e+01	-7.364919e+02
1.500000e-07	-7.611433e-06	-1.118044e-08	-5.276261e+01	-7.353108e+02
1.600000e-07	-7.568105e-06	-1.122151e-08	-5.246226e+01	-7.340772e+02
1.700000e-07	-7.522064e-06	-1.117883e-08	-5.214311e+01	-7.327624e+02
1.800000e-07	-7.473298e-06	-1.113452e-08	-5.180506e+01	-7.313309e+02
1.900000e-07	-7.421460e-06	-1.115423e-08	-5.144572e+01	-7.297299e+02
2.000000e-07	-7.366806e-06	-1.108816e-08	-5.106685e+01	-7.278996e+02
2.100000e-07	-7.309419e-06	-1.107050e-08	-5.066905e+01	-7.258073e+02
2.200000e-07	-7.249368e-06	-1.103889e-08	-5.025277e+01	-7.234831e+02
2.300000e-07	-7.186839e-06	-1.100115e-08	-4.981932e+01	-7.210257e+02
2.400000e-07	-7.121604e-06	-1.096019e-08	-4.936711e+01	-7.185618e+02
2.500000e-07	-7.053677e-06	-1.091735e-08	-4.889624e+01	-7.161759e+02
2.600000e-07	-6.983237e-06	-1.088905e-08	-4.840795e+01	-7.138529e+02
2.700000e-07	-6.910202e-06	-1.085323e-08	-4.790167e+01	-7.114740e+02
2.800000e-07	-6.834471e-06	-1.082211e-08	-4.737670e+01	-7.088759e+02
2.900000e-07	-6.756037e-06	-1.076009e-08	-4.683299e+01	-7.059403e+02
3.000000e-07	-6.674927e-06	-1.070905e-08	-4.627074e+01	-7.026603e+02
3.100000e-07	-6.591434e-06	-1.067753e-08	-4.569196e+01	-6.991420e+02
3.200000e-07	-6.505807e-06	-1.061477e-08	-4.509839e+01	-6.955390e+02
3.300000e-07	-6.418008e-06	-1.056059e-08	-4.448977e+01	-6.919629e+02
3.400000e-07	-6.327964e-06	-1.050163e-08	-4.386558e+01	-6.884225e+02
3.500000e-07	-6.235616e-06	-1.044383e-08	-4.322542e+01	-6.848281e+02
3.600000e-07	-6.141034e-06	-1.039057e-08	-4.256978e+01	-6.810515e+02
3.700000e-07	-6.044213e-06	-1.033045e-08	-4.189861e+01	-6.769994e+02
3.800000e-07	-5.945121e-06	-1.026286e-08	-4.121170e+01	-6.726549e+02
3.900000e-07	-5.843896e-06	-1.018668e-08	-4.051001e+01	-6.680663e+02
4.000000e-07	-5.740667e-06	-1.012095e-08	-3.979442e+01	-6.632992e+02
4.100000e-07	-5.635415e-06	-1.004849e-08	-3.906482e+01	-6.583898e+02
4.200000e-07	-5.528100e-06	-9.971691e-09	-3.832091e+01	-6.533282e+02
4.300000e-07	-5.418755e-06	-9.885552e-09	-3.756293e+01	-6.480783e+02
4.400000e-07	-5.307470e-06	-9.801984e-09	-3.679150e+01	-6.426105e+02
4.500000e-07	-5.194199e-06	-9.721279e-09	-3.600630e+01	-6.369212e+02
4.600000e-07	-5.078795e-06	-9.630641e-09	-3.520631e+01	-6.310259e+02
4.700000e-07	-4.961404e-06	-9.531723e-09	-3.439256e+01	-6.249336e+02
4.800000e-07	-4.842266e-06	-9.430595e-09	-3.356669e+01	-6.186270e+02
4.900000e-07	-4.721345e-06	-9.339065e-09	-3.272846e+01	-6.120618e+02
5.000000e-07	-4.598661e-06	-9.242062e-09	-3.187802e+01	-6.051878e+02
5.100000e-07	-4.474297e-06	-9.132395e-09	-3.101592e+01	-5.979735e+02
5.200000e-07	-4.348304e-06	-9.010618e-09	-3.014254e+01	-5.904189e+02
5.300000e-07	-4.220876e-06	-8.887140e-09	-2.925920e+01	-5.825483e+02
5.400000e-07	-4.092032e-06	-8.763184e-09	-2.836605e+01	-5.743918e+02
5.500000e-07	-3.961734e-06	-8.631028e-09	-2.746282e+01	-5.659686e+02
5.600000e-07	-3.829903e-06	-8.494316e-09	-2.654897e+01	-5.572791e+02
5.700000e-07	-3.696633e-06	-8.356555e-09	-2.562514e+01	-5.483059e+02
5.800000e-07	-3.562080e-06	-8.222980e-09	-2.469241e+01	-5.390160e+02
5.900000e-07	-3.426226e-06	-8.081267e-09	-2.375067e+01	-5.293623e+02
6.000000e-07	-3.289088e-06	-7.925907e-09	-2.280003e+01	-5.192873e+02
6.100000e-07	-3.150739e-06	-7.757725e-09	-2.184099e+01	-5.087366e+02
6.200000e-07	-3.011197e-06	-7.583966e-09	-2.087368e+01	-4.976791e+02
6.300000e-07	-2.870329e-06	-7.407986e-09	-1.989718e+01	-4.861256e+02
6.400000e-07	-2.728210e-06	-7.224779e-09	-1.891201e+01	-4.741270e+02
6.500000e-07	-2.585047e-06	-7.033439e-09	-1.791960e+01	-4.617461e+02
6.600000e-07	-2.440962e-06	-6.836807e-09	-1.692080e+01	-4.490144e+02
6.700000e-07	-2.296021e-06	-6.640874e-09	-1.591607e+01	-4.358970e+02
6.800000e-07	-2.150237e-06	-6.437535e-09	-1.490549e+01	-4.222927e+02
6.900000e-07	-2.003657e-06	-6.219681e-09	-1.388939e+01	-4.080714e+02
7.000000e-07	-1.856409e-06	-5.986532e-09	-1.286867e+01	-3.931330e+02
7.100000e-07	-1.708575e-06	-5.746428e-09	-1.184388e+01	-3.774488e+02
7.200000e-07	-1.560187e-06	-5.500625e-09	-1.081525e+01	-3.610634e+02
7.300000e-07	-1.411330e-06	-5.242904e-09	-9.783370e+00	-3.440521e+02
7.400000e-07	-1.262037e-06	-4.970725e-09	-8.748468e+00	-3.264617e+02
7.500000e-07	-1.112281e-06	-4.688443e-09	-7.710352e+00	-3.082684e+02
7.600000e-07	-9.621645e-07	-4.400592e-09	-6.669744e+00	-2.893767e+02
7.700000e-07	-8.117166e-07	-4.102031e-09	-5.626837e+00	-2.696543e+02
7.800000e-07	-6.609182e-07	-3.786694e-09	-4.581499e+00	-2.489787e+02
7.900000e-07	-5.099045e-07	-3.451860e-09	-3.534669e+00	-2.272659e+02
8.000000e-07	-3.587281e-07	-3.103874e-09	-2.486711e+00	-2.044696e+02
8.100000e-07	-2.074047e-07	-2.742286e-09	-1.437734e+00	-1.805601e+02
8.200000e-07	-5.597439e-08	-2.360943e-09	-3.880156e-01	-1.555027e+02
8.300000e-07	9.548043e-08	-1.956152e-09	6.618724e-01	-1.292522e+02
8.400000e-07	2.468965e-07	-1.532418e-09	1.711492e+00	-1.017628e+02
8.500000e-07	3.981970e-07	-1.095205e-09	2.760310e+00	-7.300294e+01
8.600000e-07	5.493066e-07	-6.406291e-10	3.807805e+00	-4.296282e+01
8.700000e-07	7.002198e-07	-1.635733e-10	4.853939e+00	-1.165667e+01
8.800000e-07	8.508449e-07	3.361138e-10	5.898075e+00	2.086807e+01
8.900000e-07	1.001136e-06	8.493735e-10	6.939893e+00	5.450363e+01
9.000000e-07	1.151059e-06	1.373307e-09	7.979168e+00	8.904050e+01
9.100000e-07	1.300582e-06	1.907922e-09	9.015663e+00	1.241337e+02
9.200000e-07	1.449690e-06	2.447356e-09	1.004928e+01	1.593049e+02
9.300000e-07	1.598343e-06	2.979561e-09	1.107975e+01	1.939972e+02
9.400000e-07	1.746448e-06	3.492303e-09	1.210642e+01	2.276684e+02
9.500000e-07	1.893921e-06	3.980388e-09	1.312870e+01	2.598900e+02
9.600000e-07	2.040732e-06	4.442072e-09	1.414640e+01	2.904074e+02
9.700000e-07	2.186847e-06	4.878400e-09	1.515927e+01	3.191391e+02
9.800000e-07	2.332196e-06	5.286427e-09	1.616683e+01	3.461213e+02
9.900000e-07	2.476704e-06	5.668280e-09	1.716856e+01	3.714310e+02
1.000000e-06	2.620253e-06	6.028942e-09	1.816365e+01	3.951261e+02
1.010000e-06	2.762810e-06	6.369075e-09	1.915186e+01	4.172272e+02
1.020000e-06	2.904332e-06	6.685000e-09	2.013289e+01	4.377395e+02
1.030000e-06	3.044699e-06	6.971827e-09	2.110592e+01	4.566913e+02
1.040000e-06	3.183896e-06	7.232961e-09	2.207084e+01	4.741639e+02
1.050000e-06	3.321852e-06	7.474426e-09	2.302715e+01	4.902953e+02
1.060000e-06	3.458511e-06	7.702687e-09	2.397447e+01	5.052590e+02
1.070000e-06	3.593933e-06	7.916376e-09	2.491322e+01	5.192306e+02
1.080000e-06	3.728085e-06	8.114700e-09	2.584316e+01	5.323579e+02
1.090000e-06	3.860933e-06	8.301320e-09	2.676407e+01	5.447434e+02
1.100000e-06	3.992408e-06	8.478894e-09	2.767546e+01	5.564428e+02
1.110000e-06	4.122344e-06	8.647214e-09	2.857618e+01	5.674751e+02
1.120000e-06	4.250753e-06	8.804179e-09	2.946631e+01	5.778404e+02
1.130000e-06	4.377690e-06	8.950576e-09	3.034624e+01	5.875410e+02
1.140000e-06	4.503152e-06	9.088139e-09	3.121595e+01	5.965987e+02
1.150000e-06	4.627104e-06	9.219562e-09	3.207518e+01	6.050657e+02
1.160000e-06	4.749402e-06	9.344543e-09	3.292295e+01	6.130214e+02
1.170000e-06	4.869955e-06	9.461386e-09	3.375863e+01	6.205563e+02
1.180000e-06	4.988725e-06	9.571087e-09	3.458195e+01	6.277489e+02
1.190000e-06	5.105589e-06	9.677698e-09	3.539205e+01	6.346455e+02
1.200000e-06	5.220391e-06	9.781235e-09	3.618786e+01	6.412522e+02
1.210000e-06	5.333121e-06	9.879520e-09	3.696931e+01	6.475454e+02
1.220000e-06	5.443948e-06	9.970126e-09	3.773756e+01	6.534928e+02
1.230000e-06	5.552979e-06	1.005321e-08	3.849337e+01	6.590770e+02
1.240000e-06	5.660103e-06	1.013259e-08	3.923596e+01	6.643091e+02
1.250000e-06	5.765150e-06	1.020823e-08	3.996414e+01	6.692272e+02
1.260000e-06	5.868097e-06	1.027870e-08	4.067777e+01	6.738838e+02
1.270000e-06	5.968936e-06	1.034505e-08	4.137679e+01	6.783299e+02
1.280000e-06	6.067531e-06	1.040915e-08	4.206025e+01	6.826032e+02
1.290000e-06	6.163897e-06	1.047278e-08	4.272826e+01	6.867264e+02
1.300000e-06	6.258156e-06	1.053447e-08	4.338167e+01	6.907100e+02
1.310000e-06	6.350303e-06	1.059308e-08	4.402043e+01	6.945564e+02
1.320000e-06	6.440185e-06	1.064840e-08	4.464350e+01	6.982596e+02
1.330000e-06	6.527728e-06	1.070057e-08	4.525035e+01	7.018034e+02
1.340000e-06	6.613068e-06	1.075118e-08	4.584193e+01	7.051617e+02
1.350000e-06	6.696133e-06	1.079871e-08	4.641774e+01	7.083069e+02
1.360000e-06	6.776723e-06	1.084180e-08	4.697639e+01	7.112266e+02
1.370000e-06	6.854857e-06	1.088483e-08	4.751801e+01	7.139390e+02
1.380000e-06	6.930484e-06	1.092731e-08	4.804226e+01	7.164972e+02
1.390000e-06	7.003501e-06	1.096619e-08	4.854842e+01	7.189738e+02
1.400000e-06	7.073989e-06	1.100217e-08	4.903704e+01	7.214289e+02
1.410000e-06	7.142024e-06	1.103824e-08	4.950866e+01	7.238769e+02
1.420000e-06	7.207436e-06	1.107535e-08	4.996210e+01	7.262715e+02
1.430000e-06	7.270269e-06	1.110966e-08	5.039766e+01	7.285224e+02
1.440000e-06	7.330734e-06	1.113979e-08	5.081681e+01	7.305397e+02
1.450000e-06	7.388627e-06	1.116554e-08	5.121812e+01	7.322839e+02
1.460000e-06	7.443820e-06	1.119028e-08	5.160072e+01	7.337919e+02
1.470000e-06	7.496094e-06	1.121434e-08	5.196308e+01	7.351635e+02
1.480000e-06	7.545274e-06	1.123624e-08	5.230400e+01	7.365103e+02
1.490000e-06	7.591670e-06	1.125501e-08	5.262561e+01	7.378975e+02
1.500000e-06	7.635442e-06	1.127333e-08	5.292904e+01	7.393107e+02
1.510000e-06	7.676464e-06	1.129357e-08	5.321341e+01	7.406690e+02
1.520000e-06	7.714762e-06	1.131086e-08	5.347889e+01	7.418759e+02
1.530000e-06	7.750418e-06	1.132296e-08	5.372606e+01	7.428761e+02
1.540000e-06	7.783294e-06	1.133423e-08	5.395396e+01	7.436838e+02
1.550000e-06	7.813457e-06	1.134915e-08	5.416305e+01	7.443653e+02
1.560000e-06	7.841011e-06	1.136497e-08	5.435405e+01	7.449914e+02
1.570000e-06	7.865664e-06	1.137530e-08	5.452495e+01	7.455913e+02
1.580000e-06	7.887486e-06	1.138042e-08	5.467622e+01	7.461418e+02
1.590000e-06	7.906690e-06	1.138485e-08	5.480934e+01	7.465949e+02
1.600000e-06	7.923052e-06	1.138834e-08	5.492276e+01	7.469234e+02
1.610000e-06	7.936434e-06	1.138990e-08	5.501553e+01	7.471481e+02
1.620000e-06	7.946756e-06	1.138997e-08	5.508708e+01	7.473259e+02
1.630000e-06	7.954140e-06	1.139164e-08	5.513827e+01	7.475052e+02
1.640000e-06	7.958803e-06	1.139921e-08	5.517059e+01	7.476838e+02
1.650000e-06	7.960644e-06	1.140649e-08	5.518335e+01	7.477998e+02
1.660000e-06	7.959697e-06	1.140851e-08	5.517679e+01	7.477675e+02
1.670000e-06	7.956154e-06	1.139942e-08	5.515223e+01	7.475340e+02
1.680000e-06	7.949932e-06	1.138672e-08	5.510910e+01	7.471185e+02
1.690000e-06	7.941048e-06	1.137606e-08	5.504751e+01	7.466046e+02
1.700000e-06	7.929460e-06	1.136563e-08	5.496719e+01	7.460891e+02
1.710000e-06	7.915099e-06	1.135597e-08	5.486764e+01	7.456208e+02
1.720000e-06	7.898262e-06	1.134609e-08	5.475092e+01	7.451698e+02
1.730000e-06	7.879091e-06	1.134421e-08	5.461803e+01	7.446470e+02
1.740000e-06	7.857169e-06	1.133184e-08	5.446606e+01	7.439607e+02
1.750000e-06	7.831711e-06	1.131682e-08	5.428959e+01	7.430707e+02
1.760000e-06	7.802494e-06	1.130887e-08	5.408706e+01	7.420074e+02
1.770000e-06	7.770194e-06	1.128779e-08	5.386315e+01	7.408470e+02
1.780000e-06	7.735678e-06	1.123783e-08	5.362389e+01	7.396642e+02
1.790000e-06	7.699156e-06	1.125329e-08	5.337071e+01	7.384953e+02
1.800000e-06	7.660581e-06	1.127466e-08	5.310331e+01	7.373336e+02
1.810000e-06	7.619650e-06	1.119236e-08	5.281958e+01	7.361483e+02
1.820000e-06	7.576086e-06	1.122311e-08	5.251759e+01	7.349073e+02
1.830000e-06	7.529970e-06	1.118766e-08	5.219791e+01	7.335820e+02
1.840000e-06	7.480876e-06	1.114608e-08	5.185759e+01	7.321351e+02
1.850000e-06	7.428736e-06	1.117257e-08	5.149616e+01	7.305123e+02
1.860000e-06	7.373727e-06	1.109842e-08	5.111484e+01	7.286545e+02
1.870000e-06	7.315969e-06	1.108644e-08	5.071445e+01	7.265346e+02
1.880000e-06	7.255745e-06	1.103611e-08	5.029698e+01	7.241903e+02
1.890000e-06	7.192805e-06	1.100927e-08	4.986067e+01	7.217263e+02
1.900000e-06	7.127171e-06	1.098560e-08	4.940570e+01	7.192681e+02
1.910000e-06	7.058961e-06	1.091872e-08	4.893287e+01	7.168917e+02
1.920000e-06	6.987970e-06	1.090322e-08	4.844076e+01	7.145698e+02
1.930000e-06	6.914357e-06	1.085358e-08	4.793047e+01	7.121752e+02
1.940000e-06	6.837995e-06	1.083429e-08	4.740113e+01	7.095450e+02
1.950000e-06	6.759019e-06	1.077936e-08	4.685366e+01	7.065705e+02
1.960000e-06	6.677730e-06	1.070932e-08	4.629016e+01	7.032583e+02
1.970000e-06	6.594078e-06	1.067625e-08	4.571029e+01	6.997235e+02
1.980000e-06	6.508025e-06	1.060848e-08	4.511377e+01	6.961196e+02
1.990000e-06	6.419582e-06	1.056750e-08	4.450068e+01	6.925489e+02
2.000000e-06	6.328994e-06	1.050280e-08	4.387272e+01	6.890083e+02
2.010000e-06	6.236172e-06	1.044718e-08	4.322928e+01	6.854005e+02
2.020000e-06	6.141020e-06	1.039404e-08	4.256968e+01	6.815976e+02
2.030000e-06	6.043714e-06	1.033477e-08	4.189515e+01	6.775135e+02
2.040000e-06	5.944333e-06	1.027010e-08	4.120624e+01	6.731397e+02
2.050000e-06	5.842772e-06	1.018630e-08	4.050222e+01	6.685290e+02
2.060000e-06	5.739033e-06	1.011870e-08	3.978310e+01	6.637458e+02
2.070000e-06	5.633297e-06	1.004660e-08	3.905014e+01	6.588211e+02
2.080000e-06	5.525600e-06	9.973392e-09	3.830358e+01	6.537413e+02
2.090000e-06	5.415949e-06	9.886738e-09	3.754347e+01	6.484690e+02
2.100000e-06	5.304281e-06	9.796097e-09	3.676939e+01	6.429771e+02
2.110000e-06	5.190590e-06	9.715262e-09	3.598128e+01	6.372649e+02
2.120000e-06	5.074848e-06	9.632449e-09	3.517895e+01	6.313483e+02
2.130000e-06	4.957133e-06	9.539517e-09	3.436295e+01	6.252345e+02
2.140000e-06	4.837559e-06	9.434107e-09	3.353406e+01	6.189026e+02
2.150000e-06	4.716197e-06	9.330306e-09	3.269278e+01	6.123065e+02
2.160000e-06	4.593131e-06	9.228421e-09	3.183968e+01	6.053970e+02
2.170000e-06	4.468381e-06	9.117835e-09	3.097491e+01	5.981457e+02
2.180000e-06	4.342079e-06	9.000490e-09	3.009938e+01	5.905558e+02
2.190000e-06	4.214236e-06	8.878987e-09	2.921317e+01	5.826531e+02
2.200000e-06	4.084886e-06	8.761921e-09	2.831652e+01	5.744674e+02
2.210000e-06	3.954107e-06	8.639941e-09	2.740995e+01	5.660159e+02
2.220000e-06	3.821934e-06	8.506673e-09	2.649373e+01	5.572972e+02
2.230000e-06	3.688414e-06	8.361890e-09	2.556816e+01	5.482918e+02
2.240000e-06	3.553556e-06	8.215522e-09	2.463332e+01	5.389654e+02
2.250000e-06	3.417343e-06	8.069960e-09	2.368909e+01	5.292694e+02
2.260000e-06	3.279879e-06	7.918365e-09	2.273619e+01	5.191458e+02
2.270000e-06	3.141238e-06	7.756762e-09	2.177513e+01	5.085416e+02
2.280000e-06	3.001399e-06	7.587322e-09	2.080576e+01	4.974296e+02
2.290000e-06	2.860437e-06	7.416961e-09	1.982861e+01	4.858254e+02
2.300000e-06	2.718370e-06	7.240599e-09	1.884380e+01	4.737830e+02
2.310000e-06	2.575255e-06	7.049793e-09	1.785172e+01	4.613640e+02
2.320000e-06	2.431228e-06	6.847220e-09	1.685332e+01	4.485939e+02
2.330000e-06	2.286340e-06	6.643649e-09	1.584896e+01	4.354301e+02
2.340000e-06	2.140675e-06	6.439699e-09	1.483920e+01	4.217658e+02
2.350000e-06	1.994285e-06	6.225933e-09	1.382443e+01	4.074715e+02
2.360000e-06	1.847191e-06	5.993621e-09	1.280477e+01	3.924530e+02
2.370000e-06	1.699451e-06	5.749908e-09	1.178063e+01	3.766905e+02
2.380000e-06	1.551122e-06	5.501602e-09	1.075241e+01	3.602344e+02
2.390000e-06	1.402235e-06	5.245495e-09	9.720324e+00	3.431599e+02
2.400000e-06	1.252871e-06	4.976407e-09	8.684926e+00	3.255074e+02
2.410000e-06	1.103142e-06	4.695420e-09	7.647004e+00	3.072448e+02
2.420000e-06	9.530523e-07	4.406382e-09	6.606579e+00	2.882706e+02
2.430000e-06	8.025346e-07	4.107609e-09	5.563187e+00	2.684514e+02
2.440000e-06	6.516460e-07	3.792306e-09	4.517224e+00	2.476679e+02
2.450000e-06	5.005483e-07	3.457621e-09	3.469812e+00	2.258407e+02
2.460000e-06	3.492913e-07	3.107008e-09	2.421294e+00	2.029265e+02
2.470000e-06	1.978464e-07	2.740807e-09	1.371475e+00	1.788958e+02
2.480000e-06	4.630277e-08	2.359137e-09	3.209718e-01	1.537128e+02
2.490000e-06	-1.052406e-07	1.959177e-09	-7.295301e-01	1.273315e+02
2.500000e-06	-2.567023e-07	1.537764e-09	-1.779466e+00	9.970717e+01
2.510000e-06	-4.079960e-07	1.097005e-09	-2.828237e+00	7.081020e+01
2.520000e-06	-5.591088e-07	6.370636e-10	-3.875754e+00	4.063326e+01
2.530000e-06	-7.099567e-07	1.568227e-10	-4.921435e+00	9.193480e+00
2.540000e-06	-8.604999e-07	-3.427848e-10	-5.965004e+00	-2.345689e+01
2.550000e-06	-1.010721e-06	-8.578564e-10	-7.006342e+00	-5.720126e+01
2.560000e-06	-1.160562e-06	-1.384258e-09	-8.045038e+00	-9.181681e+01
2.570000e-06	-1.309980e-06	-1.917668e-09	-9.080812e+00	-1.269433e+02
2.580000e-06	-1.458921e-06	-2.453179e-09	-1.011327e+01	-1.620905e+02
2.590000e-06	-1.607390e-06	-2.982054e-09	-1.114246e+01	-1.966981e+02
2.600000e-06	-1.755324e-06	-3.494196e-09	-1.216794e+01	-2.302317e+02
2.610000e-06	-1.902547e-06	-3.983326e-09	-1.318849e+01	-2.622796e+02
2.620000e-06	-2.049057e-06	-4.448585e-09	-1.420411e+01	-2.926069e+02
2.630000e-06	-2.194854e-06	-4.890127e-09	-1.521478e+01	-3.211481e+02
2.640000e-06	-2.339871e-06	-5.304118e-09	-1.622003e+01	-3.479475e+02
2.650000e-06	-2.484110e-06	-5.687739e-09	-1.721990e+01	-3.730821e+02
2.660000e-06	-2.627460e-06	-6.043415e-09	-1.821361e+01	-3.966060e+02
2.670000e-06	-2.769787e-06	-6.376500e-09	-1.920022e+01	-4.185366e+02
2.680000e-06	-2.911045e-06	-6.689607e-09	-2.017943e+01	-4.388796e+02
2.690000e-06	-3.051180e-06	-6.978254e-09	-2.115084e+01	-4.576680e+02
2.700000e-06	-3.190126e-06	-7.242656e-09	-2.211402e+01	-4.749895e+02
2.710000e-06	-3.327890e-06	-7.488838e-09	-2.306901e+01	-4.909871e+02
2.720000e-06	-3.464475e-06	-7.719621e-09	-2.401582e+01	-5.058364e+02
2.730000e-06	-3.599770e-06	-7.934750e-09	-2.495368e+01	-5.197112e+02
2.740000e-06	-3.733701e-06	-8.132262e-09	-2.588209e+01	-5.327550e+02
2.750000e-06	-3.866319e-06	-8.317729e-09	-2.680141e+01	-5.450652e+02
2.760000e-06	-3.997570e-06	-8.497418e-09	-2.771124e+01	-5.566927e+02
2.770000e-06	-4.127368e-06	-8.670092e-09	-2.861101e+01	-5.676537e+02
2.780000e-06	-4.255742e-06	-8.828333e-09	-2.950089e+01	-5.779476e+02
2.790000e-06	-4.382646e-06	-8.970945e-09	-3.038060e+01	-5.875777e+02
2.800000e-06	-4.507960e-06	-9.106120e-09	-3.124928e+01	-5.965691e+02
2.810000e-06	-4.631594e-06	-9.236497e-09	-3.210631e+01	-6.049772e+02
2.820000e-06	-4.753621e-06	-9.357704e-09	-3.295220e+01	-6.128835e+02
2.830000e-06	-4.874044e-06	-9.466681e-09	-3.378698e+01	-6.203784e+02
2.840000e-06	-4.992628e-06	-9.571512e-09	-3.460901e+01	-6.275379e+02
2.850000e-06	-5.109197e-06	-9.676526e-09	-3.541706e+01	-6.344038e+02
2.860000e-06	-5.223733e-06	-9.777876e-09	-3.621103e+01	-6.409784e+02
2.870000e-06	-5.336154e-06	-9.873341e-09	-3.699033e+01	-6.472360e+02
2.880000e-06	-5.446430e-06	-9.960443e-09	-3.775477e+01	-6.531449e+02
2.890000e-06	-5.554749e-06	-1.004197e-08	-3.850564e+01	-6.586904e+02
2.900000e-06	-5.661267e-06	-1.012234e-08	-3.924403e+01	-6.638866e+02
2.910000e-06	-5.765892e-06	-1.020114e-08	-3.996929e+01	-6.687741e+02
2.920000e-06	-5.868392e-06	-1.027396e-08	-4.067981e+01	-6.734060e+02
2.930000e-06	-5.968684e-06	-1.034002e-08	-4.137504e+01	-6.778320e+02
2.940000e-06	-6.066910e-06	-1.040425e-08	-4.205595e+01	-6.820884e+02
2.950000e-06	-6.163137e-06	-1.046770e-08	-4.272300e+01	-6.861964e+02
2.960000e-06	-6.257167e-06	-1.052940e-08	-4.337481e+01	-6.901653e+02
2.970000e-06	-6.348887e-06	-1.058681e-08	-4.401062e+01	-6.939968e+02
2.980000e-06	-6.438435e-06	-1.064146e-08	-4.463137e+01	-6.976840e+02
2.990000e-06	-6.525805e-06	-1.069803e-08	-4.523702e+01	-7.012094e+02
3.000000e-06	-6.610798e-06	-1.075160e-08	-4.582619e+01	-7.045460e+02
3.010000e-06	-6.693410e-06	-1.079986e-08	-4.639886e+01	-7.076673e+02
3.020000e-06	-6.773762e-06	-1.084270e-08	-4.695586e+01	-7.105633e+02
3.030000e-06	-6.851636e-06	-1.088194e-08	-4.749568e+01	-7.132561e+02
3.040000e-06	-6.926767e-06	-1.091966e-08	-4.801650e+01	-7.158020e+02
3.050000e-06	-6.999250e-06	-1.095732e-08	-4.851895e+01	-7.182740e+02
3.060000e-06	-7.069210e-06	-1.099471e-08	-4.900392e+01	-7.207288e+02
3.070000e-06	-7.136643e-06	-1.103104e-08	-4.947136e+01	-7.231743e+02
3.080000e-06	-7.201585e-06	-1.106832e-08	-4.992154e+01	-7.255583e+02
3.090000e-06	-7.264031e-06	-1.110468e-08	-5.035442e+01	-7.277880e+02
3.100000e-06	-7.323826e-06	-1.113551e-08	-5.076892e+01	-7.297767e+02
3.110000e-06	-7.380957e-06	-1.115804e-08	-5.116495e+01	-7.314924e+02
3.120000e-06	-7.435422e-06	-1.117815e-08	-5.154250e+01	-7.329804e+02
3.130000e-06	-7.487045e-06	-1.120032e-08	-5.190035e+01	-7.343444e+02
3.140000e-06	-7.535624e-06	-1.122252e-08	-5.223710e+01	-7.356937e+02
3.150000e-06	-7.581276e-06	-1.124378e-08	-5.255357e+01	-7.370858e+02
3.160000e-06	-7.624465e-06	-1.126420e-08	-5.285296e+01	-7.384978e+02
3.170000e-06	-7.665220e-06	-1.128676e-08	-5.313547e+01	-7.398442e+02
3.180000e-06	-7.703239e-06	-1.130918e-08	-5.339902e+01	-7.410305e+02
3.190000e-06	-7.738552e-06	-1.132645e-08	-5.364380e+01	-7.420082e+02
3.200000e-06	-7.771267e-06	-1.133590e-08	-5.387059e+01	-7.427987e+02
3.210000e-06	-7.801181e-06	-1.134165e-08	-5.407796e+01	-7.434714e+02
3.220000e-06	-7.828254e-06	-1.134842e-08	-5.426562e+01	-7.440943e+02
3.230000e-06	-7.852658e-06	-1.135714e-08	-5.443479e+01	-7.446909e+02
3.240000e-06	-7.874263e-06	-1.136649e-08	-5.458456e+01	-7.452332e+02
3.250000e-06	-7.893038e-06	-1.137445e-08	-5.471471e+01	-7.456735e+02
3.260000e-06	-7.909059e-06	-1.138219e-08	-5.482576e+01	-7.459891e+02
3.270000e-06	-7.922048e-06	-1.139050e-08	-5.491581e+01	-7.462059e+02
3.280000e-06	-7.931982e-06	-1.139555e-08	-5.498467e+01	-7.463821e+02
3.290000e-06	-7.939123e-06	-1.139387e-08	-5.503417e+01	-7.465626e+02
3.300000e-06	-7.943470e-06	-1.139097e-08	-5.506430e+01	-7.467383e+02
3.310000e-06	-7.945059e-06	-1.138897e-08	-5.507532e+01	-7.468425e+02
