# Temperatura_=_20.0
# Concentracion g/m^3_=_10000.0
# C_Vs_to_Am_M_A/Vsm_=_65563218390.804596
# pendiente_HvsI_1/m_=_3716.3
# ordenada_HvsI_A/m_=_1297.0
# frecuencia_Hz_=_301408.7212377134

Tiempo_(s)	Campo_(V.s)	Magnetizacion_(V.s)	Campo_(kA/m)	Magnetizacion_(A/m)
0.000000e+00	-7.882351e-06	-1.133583e-08	-5.507548e+01	-7.423005e+02
1.000000e-08	-7.879031e-06	-1.133923e-08	-5.505229e+01	-7.420666e+02
2.000000e-08	-7.873145e-06	-1.134010e-08	-5.501116e+01	-7.417398e+02
3.000000e-08	-7.864771e-06	-1.133543e-08	-5.495265e+01	-7.413498e+02
4.000000e-08	-7.853650e-06	-1.132589e-08	-5.487495e+01	-7.408999e+02
5.000000e-08	-7.839638e-06	-1.131472e-08	-5.477704e+01	-7.403684e+02
6.000000e-08	-7.822773e-06	-1.130370e-08	-5.465920e+01	-7.397340e+02
7.000000e-08	-7.803460e-06	-1.129002e-08	-5.452425e+01	-7.390017e+02
8.000000e-08	-7.781770e-06	-1.129287e-08	-5.437270e+01	-7.382075e+02
9.000000e-08	-7.757088e-06	-1.130946e-08	-5.420025e+01	-7.373930e+02
1.000000e-07	-7.729197e-06	-1.127998e-08	-5.400537e+01	-7.365676e+02
1.100000e-07	-7.698397e-06	-1.124555e-08	-5.379016e+01	-7.356898e+02
1.200000e-07	-7.664815e-06	-1.123816e-08	-5.355551e+01	-7.346888e+02
1.300000e-07	-7.628673e-06	-1.121871e-08	-5.330298e+01	-7.335177e+02
1.400000e-07	-7.590502e-06	-1.115551e-08	-5.303628e+01	-7.322017e+02
1.500000e-07	-7.550170e-06	-1.115271e-08	-5.275447e+01	-7.308424e+02
1.600000e-07	-7.507037e-06	-1.116967e-08	-5.245309e+01	-7.295637e+02
1.700000e-07	-7.461212e-06	-1.108161e-08	-5.213291e+01	-7.284282e+02
1.800000e-07	-7.412700e-06	-1.111159e-08	-5.179394e+01	-7.273755e+02
1.900000e-07	-7.361117e-06	-1.109378e-08	-5.143352e+01	-7.262288e+02
2.000000e-07	-7.306707e-06	-1.102770e-08	-5.105335e+01	-7.247735e+02
2.100000e-07	-7.249655e-06	-1.101952e-08	-5.065472e+01	-7.228665e+02
2.200000e-07	-7.190051e-06	-1.096416e-08	-5.023825e+01	-7.205130e+02
2.300000e-07	-7.127952e-06	-1.094719e-08	-4.980435e+01	-7.178646e+02
2.400000e-07	-7.063138e-06	-1.089579e-08	-4.935149e+01	-7.151410e+02
2.500000e-07	-6.995588e-06	-1.085847e-08	-4.887950e+01	-7.125201e+02
2.600000e-07	-6.925493e-06	-1.082364e-08	-4.838974e+01	-7.100579e+02
2.700000e-07	-6.852931e-06	-1.078850e-08	-4.788273e+01	-7.076784e+02
2.800000e-07	-6.777771e-06	-1.075981e-08	-4.735757e+01	-7.052274e+02
2.900000e-07	-6.699910e-06	-1.069674e-08	-4.681354e+01	-7.025537e+02
3.000000e-07	-6.619304e-06	-1.066699e-08	-4.625033e+01	-6.995712e+02
3.100000e-07	-6.536212e-06	-1.061098e-08	-4.566975e+01	-6.962764e+02
3.200000e-07	-6.451082e-06	-1.055748e-08	-4.507493e+01	-6.927277e+02
3.300000e-07	-6.363844e-06	-1.050902e-08	-4.446539e+01	-6.890091e+02
3.400000e-07	-6.274363e-06	-1.043636e-08	-4.384017e+01	-6.851992e+02
3.500000e-07	-6.182665e-06	-1.037942e-08	-4.319945e+01	-6.813530e+02
3.600000e-07	-6.088763e-06	-1.032738e-08	-4.254334e+01	-6.774909e+02
3.700000e-07	-5.992671e-06	-1.027833e-08	-4.187193e+01	-6.735885e+02
3.800000e-07	-5.894403e-06	-1.021103e-08	-4.118531e+01	-6.695735e+02
3.900000e-07	-5.793998e-06	-1.014179e-08	-4.048376e+01	-6.653388e+02
4.000000e-07	-5.691527e-06	-1.006931e-08	-3.976778e+01	-6.607792e+02
4.100000e-07	-5.587043e-06	-9.993380e-09	-3.903773e+01	-6.558377e+02
4.200000e-07	-5.480482e-06	-9.912721e-09	-3.829317e+01	-6.505397e+02
4.300000e-07	-5.371885e-06	-9.824732e-09	-3.753438e+01	-6.449885e+02
4.400000e-07	-5.261397e-06	-9.742259e-09	-3.676238e+01	-6.393183e+02
4.500000e-07	-5.148997e-06	-9.662368e-09	-3.597702e+01	-6.336274e+02
4.600000e-07	-5.034564e-06	-9.576006e-09	-3.517746e+01	-6.279253e+02
4.700000e-07	-4.918116e-06	-9.483746e-09	-3.436381e+01	-6.221242e+02
4.800000e-07	-4.799795e-06	-9.389170e-09	-3.353708e+01	-6.160790e+02
4.900000e-07	-4.679758e-06	-9.293150e-09	-3.269836e+01	-6.096525e+02
5.000000e-07	-4.558023e-06	-9.193303e-09	-3.184777e+01	-6.027715e+02
5.100000e-07	-4.434546e-06	-9.080914e-09	-3.098502e+01	-5.954470e+02
5.200000e-07	-4.309495e-06	-8.958755e-09	-3.011126e+01	-5.877559e+02
5.300000e-07	-4.183000e-06	-8.832737e-09	-2.922742e+01	-5.797984e+02
5.400000e-07	-4.055020e-06	-8.709521e-09	-2.833319e+01	-5.716539e+02
5.500000e-07	-3.925633e-06	-8.584637e-09	-2.742914e+01	-5.633532e+02
5.600000e-07	-3.794822e-06	-8.455602e-09	-2.651514e+01	-5.548699e+02
5.700000e-07	-3.662539e-06	-8.322265e-09	-2.559085e+01	-5.461288e+02
5.800000e-07	-3.528884e-06	-8.187206e-09	-2.465698e+01	-5.370269e+02
5.900000e-07	-3.394012e-06	-8.042865e-09	-2.371461e+01	-5.274624e+02
6.000000e-07	-3.258000e-06	-7.884267e-09	-2.276426e+01	-5.173674e+02
6.100000e-07	-3.120807e-06	-7.714888e-09	-2.180567e+01	-5.067337e+02
6.200000e-07	-2.982448e-06	-7.540282e-09	-2.083893e+01	-4.956164e+02
6.300000e-07	-2.842837e-06	-7.367354e-09	-1.986344e+01	-4.841091e+02
6.400000e-07	-2.701991e-06	-7.190586e-09	-1.887933e+01	-4.722958e+02
6.500000e-07	-2.560109e-06	-7.008249e-09	-1.788796e+01	-4.602017e+02
6.600000e-07	-2.417222e-06	-6.817631e-09	-1.688959e+01	-4.477710e+02
6.700000e-07	-2.273445e-06	-6.622682e-09	-1.588499e+01	-4.348838e+02
6.800000e-07	-2.128849e-06	-6.419219e-09	-1.487467e+01	-4.214078e+02
6.900000e-07	-1.983337e-06	-6.200385e-09	-1.385795e+01	-4.072536e+02
7.000000e-07	-1.837027e-06	-5.968279e-09	-1.283566e+01	-3.924051e+02
7.100000e-07	-1.690154e-06	-5.729150e-09	-1.180942e+01	-3.769079e+02
7.200000e-07	-1.542778e-06	-5.487281e-09	-1.077968e+01	-3.608262e+02
7.300000e-07	-1.394913e-06	-5.237366e-09	-9.746521e+00	-3.441944e+02
7.400000e-07	-1.246607e-06	-4.976162e-09	-8.710282e+00	-3.269908e+02
7.500000e-07	-1.097862e-06	-4.703224e-09	-7.670974e+00	-3.091439e+02
7.600000e-07	-9.487429e-07	-4.421222e-09	-6.629047e+00	-2.905592e+02
7.700000e-07	-7.993487e-07	-4.127602e-09	-5.585201e+00	-2.711467e+02
7.800000e-07	-6.497349e-07	-3.817540e-09	-4.539821e+00	-2.508341e+02
7.900000e-07	-4.999115e-07	-3.487585e-09	-3.492977e+00	-2.295627e+02
8.000000e-07	-3.499266e-07	-3.143475e-09	-2.445003e+00	-2.072782e+02
8.100000e-07	-1.998181e-07	-2.788393e-09	-1.396167e+00	-1.839281e+02
8.200000e-07	-4.958065e-08	-2.417272e-09	-3.464294e-01	-1.594665e+02
8.300000e-07	1.006800e-07	-2.026690e-09	7.034706e-01	-1.338604e+02
8.400000e-07	2.508774e-07	-1.617617e-09	1.752928e+00	-1.070881e+02
8.500000e-07	4.009713e-07	-1.194139e-09	2.801662e+00	-7.912845e+01
8.600000e-07	5.509158e-07	-7.507266e-10	3.849353e+00	-4.995257e+01
8.700000e-07	7.006706e-07	-2.846288e-10	4.895719e+00	-1.953296e+01
8.800000e-07	8.501962e-07	2.036444e-10	5.940482e+00	1.212353e+01
8.900000e-07	9.994613e-07	7.077463e-10	6.983426e+00	4.492752e+01
9.000000e-07	1.148407e-06	1.222175e-09	8.024139e+00	7.866591e+01
9.100000e-07	1.296966e-06	1.745918e-09	9.062151e+00	1.129909e+02
9.200000e-07	1.445066e-06	2.270768e-09	1.009695e+01	1.474500e+02
9.300000e-07	1.592641e-06	2.789671e-09	1.112808e+01	1.815487e+02
9.400000e-07	1.739620e-06	3.295077e-09	1.215506e+01	2.148243e+02
9.500000e-07	1.885940e-06	3.782441e-09	1.317742e+01	2.469043e+02
9.600000e-07	2.031587e-06	4.248853e-09	1.419508e+01	2.775340e+02
9.700000e-07	2.176496e-06	4.692023e-09	1.520759e+01	3.065711e+02
9.800000e-07	2.320555e-06	5.109025e-09	1.621416e+01	3.339572e+02
9.900000e-07	2.463754e-06	5.500486e-09	1.721471e+01	3.596820e+02
1.000000e-06	2.606089e-06	5.868238e-09	1.820924e+01	3.837553e+02
1.010000e-06	2.747462e-06	6.209968e-09	1.919704e+01	4.061949e+02
1.020000e-06	2.887804e-06	6.526973e-09	2.017764e+01	4.270313e+02
1.030000e-06	3.026942e-06	6.816887e-09	2.114982e+01	4.463231e+02
1.040000e-06	3.164794e-06	7.084200e-09	2.211302e+01	4.641701e+02
1.050000e-06	3.301475e-06	7.332142e-09	2.306803e+01	4.807135e+02
1.060000e-06	3.436967e-06	7.566612e-09	2.401474e+01	4.961181e+02
1.070000e-06	3.571189e-06	7.789049e-09	2.495258e+01	5.105406e+02
1.080000e-06	3.704226e-06	7.996948e-09	2.588213e+01	5.240994e+02
1.090000e-06	3.835981e-06	8.190533e-09	2.680273e+01	5.368611e+02
1.100000e-06	3.966230e-06	8.370454e-09	2.771280e+01	5.488518e+02
1.110000e-06	4.095038e-06	8.539424e-09	2.861280e+01	5.600856e+02
1.120000e-06	4.222434e-06	8.697206e-09	2.950295e+01	5.705951e+02
1.130000e-06	4.348380e-06	8.845992e-09	3.038296e+01	5.804429e+02
1.140000e-06	4.472924e-06	8.987433e-09	3.125317e+01	5.897104e+02
1.150000e-06	4.595877e-06	9.125934e-09	3.211227e+01	5.984720e+02
1.160000e-06	4.717096e-06	9.257094e-09	3.295924e+01	6.067737e+02
1.170000e-06	4.836639e-06	9.376791e-09	3.379452e+01	6.146308e+02
1.180000e-06	4.954413e-06	9.487022e-09	3.461742e+01	6.220457e+02
1.190000e-06	5.070258e-06	9.592795e-09	3.542685e+01	6.290321e+02
1.200000e-06	5.184082e-06	9.697769e-09	3.622216e+01	6.356271e+02
1.210000e-06	5.295909e-06	9.799000e-09	3.700352e+01	6.418823e+02
1.220000e-06	5.405884e-06	9.891874e-09	3.777194e+01	6.478428e+02
1.230000e-06	5.514013e-06	9.976925e-09	3.852745e+01	6.535278e+02
1.240000e-06	5.620162e-06	1.005787e-08	3.926914e+01	6.589309e+02
1.250000e-06	5.724286e-06	1.013411e-08	3.999667e+01	6.640374e+02
1.260000e-06	5.826368e-06	1.020383e-08	4.070994e+01	6.688482e+02
1.270000e-06	5.926363e-06	1.026916e-08	4.140862e+01	6.733908e+02
1.280000e-06	6.024116e-06	1.033320e-08	4.209164e+01	6.777121e+02
1.290000e-06	6.119629e-06	1.039951e-08	4.275901e+01	6.818571e+02
1.300000e-06	6.213069e-06	1.046580e-08	4.341189e+01	6.858513e+02
1.310000e-06	6.304375e-06	1.052701e-08	4.404987e+01	6.896977e+02
1.320000e-06	6.393410e-06	1.058203e-08	4.467197e+01	6.933882e+02
1.330000e-06	6.480179e-06	1.063092e-08	4.527824e+01	6.969189e+02
1.340000e-06	6.564745e-06	1.067816e-08	4.586912e+01	7.002949e+02
1.350000e-06	6.647073e-06	1.072376e-08	4.644436e+01	7.035226e+02
1.360000e-06	6.726981e-06	1.076740e-08	4.700269e+01	7.065976e+02
1.370000e-06	6.804424e-06	1.081131e-08	4.754380e+01	7.095019e+02
1.380000e-06	6.879300e-06	1.085646e-08	4.806697e+01	7.122160e+02
1.390000e-06	6.951583e-06	1.090196e-08	4.857203e+01	7.147387e+02
1.400000e-06	7.021404e-06	1.094373e-08	4.905988e+01	7.170992e+02
1.410000e-06	7.088717e-06	1.097867e-08	4.953021e+01	7.193492e+02
1.420000e-06	7.153478e-06	1.100739e-08	4.998271e+01	7.215370e+02
1.430000e-06	7.215783e-06	1.103320e-08	5.041805e+01	7.236801e+02
1.440000e-06	7.275704e-06	1.106171e-08	5.083672e+01	7.257535e+02
1.450000e-06	7.333033e-06	1.109327e-08	5.123729e+01	7.277041e+02
1.460000e-06	7.387622e-06	1.112192e-08	5.161872e+01	7.294809e+02
1.470000e-06	7.439248e-06	1.114839e-08	5.197944e+01	7.310634e+02
1.480000e-06	7.487787e-06	1.117340e-08	5.231859e+01	7.324714e+02
1.490000e-06	7.533633e-06	1.119547e-08	5.263892e+01	7.337522e+02
1.500000e-06	7.576959e-06	1.121284e-08	5.294165e+01	7.349564e+02
1.510000e-06	7.617509e-06	1.122676e-08	5.322498e+01	7.361168e+02
1.520000e-06	7.655396e-06	1.123983e-08	5.348970e+01	7.372406e+02
1.530000e-06	7.690748e-06	1.125337e-08	5.373672e+01	7.383139e+02
1.540000e-06	7.723338e-06	1.126871e-08	5.396443e+01	7.393107e+02
1.550000e-06	7.753176e-06	1.128382e-08	5.417291e+01	7.402008e+02
1.560000e-06	7.780333e-06	1.129570e-08	5.436267e+01	7.409564e+02
1.570000e-06	7.804687e-06	1.130455e-08	5.453283e+01	7.415594e+02
1.580000e-06	7.826305e-06	1.131221e-08	5.468388e+01	7.420116e+02
1.590000e-06	7.845231e-06	1.131757e-08	5.481612e+01	7.423402e+02
1.600000e-06	7.861319e-06	1.132030e-08	5.492853e+01	7.425924e+02
1.610000e-06	7.874470e-06	1.132166e-08	5.502042e+01	7.428156e+02
1.620000e-06	7.884510e-06	1.132375e-08	5.509057e+01	7.430329e+02
1.630000e-06	7.891617e-06	1.132629e-08	5.514023e+01	7.432293e+02
1.640000e-06	7.896097e-06	1.132995e-08	5.517153e+01	7.433596e+02
1.650000e-06	7.897789e-06	1.133295e-08	5.518335e+01	7.433752e+02
1.660000e-06	7.896717e-06	1.133053e-08	5.517586e+01	7.432533e+02
1.670000e-06	7.893112e-06	1.132093e-08	5.515067e+01	7.430074e+02
1.680000e-06	7.886887e-06	1.131500e-08	5.510718e+01	7.426726e+02
1.690000e-06	7.878016e-06	1.131056e-08	5.504519e+01	7.422764e+02
1.700000e-06	7.866424e-06	1.130361e-08	5.496419e+01	7.418189e+02
1.710000e-06	7.852067e-06	1.129604e-08	5.486388e+01	7.412770e+02
1.720000e-06	7.835254e-06	1.129416e-08	5.474641e+01	7.406310e+02
1.730000e-06	7.816130e-06	1.128947e-08	5.461278e+01	7.398898e+02
1.740000e-06	7.794224e-06	1.123387e-08	5.445972e+01	7.390915e+02
1.750000e-06	7.768816e-06	1.121942e-08	5.428219e+01	7.382762e+02
1.760000e-06	7.739701e-06	1.122713e-08	5.407876e+01	7.374478e+02
1.770000e-06	7.707540e-06	1.120576e-08	5.385405e+01	7.365601e+02
1.780000e-06	7.673215e-06	1.119506e-08	5.361421e+01	7.355420e+02
1.790000e-06	7.636937e-06	1.123571e-08	5.336073e+01	7.343525e+02
1.800000e-06	7.598616e-06	1.116834e-08	5.309297e+01	7.330258e+02
1.810000e-06	7.557875e-06	1.113853e-08	5.280831e+01	7.316694e+02
1.820000e-06	7.514579e-06	1.118477e-08	5.250579e+01	7.304047e+02
1.830000e-06	7.468792e-06	1.109069e-08	5.218587e+01	7.292832e+02
1.840000e-06	7.419998e-06	1.111431e-08	5.184494e+01	7.282303e+02
1.850000e-06	7.368213e-06	1.107553e-08	5.148310e+01	7.270603e+02
1.860000e-06	7.313564e-06	1.104937e-08	5.110126e+01	7.255611e+02
1.870000e-06	7.256125e-06	1.107625e-08	5.069992e+01	7.236029e+02
1.880000e-06	7.196217e-06	1.099055e-08	5.028133e+01	7.212083e+02
1.890000e-06	7.133569e-06	1.097903e-08	4.984360e+01	7.185410e+02
1.900000e-06	7.068268e-06	1.090270e-08	4.938733e+01	7.158215e+02
1.910000e-06	7.000458e-06	1.087560e-08	4.891353e+01	7.132172e+02
1.920000e-06	6.929949e-06	1.085345e-08	4.842087e+01	7.107694e+02
1.930000e-06	6.856850e-06	1.079142e-08	4.791011e+01	7.083900e+02
1.940000e-06	6.781058e-06	1.078288e-08	4.738054e+01	7.059215e+02
1.950000e-06	6.702611e-06	1.070409e-08	4.683241e+01	7.032172e+02
1.960000e-06	6.621728e-06	1.069615e-08	4.626727e+01	7.001999e+02
1.970000e-06	6.538563e-06	1.062814e-08	4.568618e+01	6.968741e+02
1.980000e-06	6.453075e-06	1.056248e-08	4.508886e+01	6.933029e+02
1.990000e-06	6.365208e-06	1.052100e-08	4.447492e+01	6.895709e+02
2.000000e-06	6.275168e-06	1.045631e-08	4.384579e+01	6.857548e+02
2.010000e-06	6.182968e-06	1.041857e-08	4.320157e+01	6.819066e+02
2.020000e-06	6.088524e-06	1.032910e-08	4.254167e+01	6.780420e+02
2.030000e-06	5.991876e-06	1.027665e-08	4.186637e+01	6.741317e+02
2.040000e-06	5.893122e-06	1.020621e-08	4.117636e+01	6.700984e+02
2.050000e-06	5.792289e-06	1.015699e-08	4.047182e+01	6.658333e+02
2.060000e-06	5.689328e-06	1.008901e-08	3.975241e+01	6.612340e+02
2.070000e-06	5.584283e-06	1.000637e-08	3.901844e+01	6.562514e+02
2.080000e-06	5.477256e-06	9.928862e-09	3.827062e+01	6.509202e+02
2.090000e-06	5.368364e-06	9.840006e-09	3.750978e+01	6.453496e+02
2.100000e-06	5.257514e-06	9.760350e-09	3.673525e+01	6.396737e+02
2.110000e-06	5.144646e-06	9.662998e-09	3.594662e+01	6.339828e+02
2.120000e-06	5.029812e-06	9.577551e-09	3.514425e+01	6.282756e+02
2.130000e-06	4.913079e-06	9.486489e-09	3.432862e+01	6.224555e+02
2.140000e-06	4.794429e-06	9.401616e-09	3.349959e+01	6.163751e+02
2.150000e-06	4.673933e-06	9.299077e-09	3.265765e+01	6.099019e+02
2.160000e-06	4.551709e-06	9.188936e-09	3.180366e+01	6.029711e+02
2.170000e-06	4.427832e-06	9.076828e-09	3.093810e+01	5.956027e+02
2.180000e-06	4.302433e-06	8.964452e-09	3.006192e+01	5.878782e+02
2.190000e-06	4.175448e-06	8.848081e-09	2.917465e+01	5.798974e+02
2.200000e-06	4.047024e-06	8.721845e-09	2.827732e+01	5.717355e+02
2.210000e-06	3.917228e-06	8.594067e-09	2.737042e+01	5.634173e+02
2.220000e-06	3.785993e-06	8.462426e-09	2.645345e+01	5.549105e+02
2.230000e-06	3.653447e-06	8.329704e-09	2.552733e+01	5.461358e+02
2.240000e-06	3.519700e-06	8.188090e-09	2.459281e+01	5.369888e+02
2.250000e-06	3.384576e-06	8.041480e-09	2.364868e+01	5.273696e+02
2.260000e-06	3.248084e-06	7.889739e-09	2.269498e+01	5.172159e+02
2.270000e-06	3.110404e-06	7.731830e-09	2.173298e+01	5.065266e+02
2.280000e-06	2.971641e-06	7.564651e-09	2.076342e+01	4.953626e+02
2.290000e-06	2.831874e-06	7.387647e-09	1.978684e+01	4.838190e+02
2.300000e-06	2.691037e-06	7.204900e-09	1.880279e+01	4.719756e+02
2.310000e-06	2.549153e-06	7.019126e-09	1.781142e+01	4.598494e+02
2.320000e-06	2.406284e-06	6.828128e-09	1.681316e+01	4.473761e+02
2.330000e-06	2.262450e-06	6.631279e-09	1.580817e+01	4.344316e+02
2.340000e-06	2.117795e-06	6.425192e-09	1.479744e+01	4.208859e+02
2.350000e-06	1.972419e-06	6.210751e-09	1.378167e+01	4.066566e+02
2.360000e-06	1.826341e-06	5.985183e-09	1.276099e+01	3.917355e+02
2.370000e-06	1.679655e-06	5.747240e-09	1.173607e+01	3.761727e+02
2.380000e-06	1.532459e-06	5.498386e-09	1.070758e+01	3.600311e+02
2.390000e-06	1.384730e-06	5.242044e-09	9.675373e+00	3.433399e+02
2.400000e-06	1.236439e-06	4.979824e-09	8.639232e+00	3.260713e+02
2.410000e-06	1.087732e-06	4.706046e-09	7.600191e+00	3.081499e+02
2.420000e-06	9.387261e-07	4.419119e-09	6.559058e+00	2.894803e+02
2.430000e-06	7.894509e-07	4.121090e-09	5.516044e+00	2.699744e+02
2.440000e-06	6.399257e-07	3.813230e-09	4.471282e+00	2.495615e+02
2.450000e-06	4.901834e-07	3.490350e-09	3.425004e+00	2.281839e+02
2.460000e-06	3.402977e-07	3.149053e-09	2.377725e+00	2.057876e+02
2.470000e-06	1.902671e-07	2.789910e-09	1.329432e+00	1.823203e+02
2.480000e-06	4.014012e-08	2.415701e-09	2.804667e-01	1.577372e+02
2.490000e-06	-1.099847e-07	2.024282e-09	-7.684838e-01	1.320069e+02
2.500000e-06	-2.600657e-07	1.612291e-09	-1.817129e+00	1.051084e+02
2.510000e-06	-4.100069e-07	1.182631e-09	-2.864796e+00	7.701974e+01
2.520000e-06	-5.596994e-07	7.363782e-10	-3.910726e+00	4.771150e+01
2.530000e-06	-7.091544e-07	2.731847e-10	-4.954996e+00	1.715785e+01
2.540000e-06	-8.583791e-07	-2.087102e-10	-5.997657e+00	-1.462793e+01
2.550000e-06	-1.007338e-06	-7.094795e-10	-7.038464e+00	-4.754482e+01
2.560000e-06	-1.156002e-06	-1.224935e-09	-8.077208e+00	-8.136510e+01
2.570000e-06	-1.304273e-06	-1.748181e-09	-9.113200e+00	-1.157276e+02
2.580000e-06	-1.452061e-06	-2.273313e-09	-1.014583e+01	-1.501719e+02
2.590000e-06	-1.599372e-06	-2.793626e-09	-1.117512e+01	-1.842036e+02
2.600000e-06	-1.746179e-06	-3.301005e-09	-1.220088e+01	-2.173671e+02
2.610000e-06	-1.892357e-06	-3.789391e-09	-1.322226e+01	-2.493019e+02
2.620000e-06	-2.037785e-06	-4.256699e-09	-1.423839e+01	-2.797661e+02
2.630000e-06	-2.182498e-06	-4.699229e-09	-1.524953e+01	-3.086282e+02
2.640000e-06	-2.326555e-06	-5.114733e-09	-1.625608e+01	-3.358364e+02
2.650000e-06	-2.469734e-06	-5.503811e-09	-1.725650e+01	-3.613837e+02
2.660000e-06	-2.611823e-06	-5.867243e-09	-1.824930e+01	-3.852812e+02
2.670000e-06	-2.752812e-06	-6.207601e-09	-1.923442e+01	-4.075474e+02
2.680000e-06	-2.892705e-06	-6.526146e-09	-2.021188e+01	-4.282150e+02
2.690000e-06	-3.031562e-06	-6.822235e-09	-2.118210e+01	-4.473466e+02
2.700000e-06	-3.169362e-06	-7.095289e-09	-2.214494e+01	-4.650467e+02
2.710000e-06	-3.306073e-06	-7.347223e-09	-2.310016e+01	-4.814602e+02
2.720000e-06	-3.441621e-06	-7.580847e-09	-2.404726e+01	-4.967527e+02
2.730000e-06	-3.575769e-06	-7.799334e-09	-2.498458e+01	-5.110780e+02
2.740000e-06	-3.708563e-06	-8.003714e-09	-2.591244e+01	-5.245493e+02
2.750000e-06	-3.840133e-06	-8.197392e-09	-2.683174e+01	-5.372278e+02
2.760000e-06	-3.970366e-06	-8.381326e-09	-2.774170e+01	-5.491368e+02
2.770000e-06	-4.099221e-06	-8.555223e-09	-2.864203e+01	-5.602911e+02
2.780000e-06	-4.226697e-06	-8.718186e-09	-2.953273e+01	-5.707264e+02
2.790000e-06	-4.352573e-06	-8.867704e-09	-3.041226e+01	-5.805081e+02
2.800000e-06	-4.476867e-06	-9.007075e-09	-3.128072e+01	-5.897184e+02
2.810000e-06	-4.599648e-06	-9.138391e-09	-3.213861e+01	-5.984293e+02
2.820000e-06	-4.720789e-06	-9.261409e-09	-3.298505e+01	-6.066832e+02
2.830000e-06	-4.840171e-06	-9.376287e-09	-3.381920e+01	-6.144929e+02
2.840000e-06	-4.957650e-06	-9.486393e-09	-3.464004e+01	-6.218610e+02
2.850000e-06	-5.073189e-06	-9.591450e-09	-3.544733e+01	-6.288035e+02
2.860000e-06	-5.186634e-06	-9.691619e-09	-3.624000e+01	-6.353597e+02
2.870000e-06	-5.297923e-06	-9.788290e-09	-3.701759e+01	-6.415817e+02
2.880000e-06	-5.407231e-06	-9.877415e-09	-3.778135e+01	-6.475124e+02
2.890000e-06	-5.514721e-06	-9.960578e-09	-3.853240e+01	-6.531681e+02
2.900000e-06	-5.620440e-06	-1.004148e-08	-3.927108e+01	-6.585401e+02
2.910000e-06	-5.724221e-06	-1.012197e-08	-3.999622e+01	-6.636147e+02
2.920000e-06	-5.825829e-06	-1.019855e-08	-4.070617e+01	-6.683951e+02
2.930000e-06	-5.925336e-06	-1.026696e-08	-4.140145e+01	-6.729117e+02
2.940000e-06	-6.022884e-06	-1.033048e-08	-4.208303e+01	-6.772124e+02
2.950000e-06	-6.118311e-06	-1.039428e-08	-4.274980e+01	-6.813406e+02
2.960000e-06	-6.211455e-06	-1.045770e-08	-4.340061e+01	-6.853193e+02
2.970000e-06	-6.302414e-06	-1.051696e-08	-4.403617e+01	-6.891496e+02
2.980000e-06	-6.391299e-06	-1.057301e-08	-4.465722e+01	-6.928232e+02
2.990000e-06	-6.477931e-06	-1.062907e-08	-4.526253e+01	-6.963371e+02
3.000000e-06	-6.562173e-06	-1.068376e-08	-4.585115e+01	-6.996971e+02
3.010000e-06	-6.644121e-06	-1.073287e-08	-4.642373e+01	-7.029091e+02
3.020000e-06	-6.723777e-06	-1.077776e-08	-4.698030e+01	-7.059670e+02
3.030000e-06	-6.800847e-06	-1.082089e-08	-4.751881e+01	-7.088518e+02
3.040000e-06	-6.875236e-06	-1.086173e-08	-4.803858e+01	-7.115452e+02
3.050000e-06	-6.947112e-06	-1.089981e-08	-4.854079e+01	-7.140487e+02
3.060000e-06	-7.016472e-06	-1.093456e-08	-4.902542e+01	-7.163949e+02
3.070000e-06	-7.083287e-06	-1.096856e-08	-4.949227e+01	-7.186364e+02
3.080000e-06	-7.147637e-06	-1.100353e-08	-4.994190e+01	-7.208195e+02
3.090000e-06	-7.209480e-06	-1.104009e-08	-5.037401e+01	-7.229572e+02
3.100000e-06	-7.268687e-06	-1.107309e-08	-5.078769e+01	-7.250204e+02
3.110000e-06	-7.325235e-06	-1.109981e-08	-5.118281e+01	-7.269546e+02
3.120000e-06	-7.379073e-06	-1.112320e-08	-5.155898e+01	-7.287110e+02
3.130000e-06	-7.430063e-06	-1.114576e-08	-5.191526e+01	-7.302734e+02
3.140000e-06	-7.478017e-06	-1.116799e-08	-5.225033e+01	-7.316653e+02
3.150000e-06	-7.523198e-06	-1.118900e-08	-5.256601e+01	-7.329358e+02
3.160000e-06	-7.566051e-06	-1.120792e-08	-5.286543e+01	-7.341344e+02
3.170000e-06	-7.606502e-06	-1.122680e-08	-5.314808e+01	-7.352911e+02
3.180000e-06	-7.644270e-06	-1.124652e-08	-5.341197e+01	-7.364107e+02
3.190000e-06	-7.679347e-06	-1.126437e-08	-5.365705e+01	-7.374773e+02
3.200000e-06	-7.711745e-06	-1.127957e-08	-5.388343e+01	-7.384643e+02
3.210000e-06	-7.741289e-06	-1.129125e-08	-5.408986e+01	-7.393414e+02
3.220000e-06	-7.768024e-06	-1.130030e-08	-5.427666e+01	-7.400813e+02
3.230000e-06	-7.792108e-06	-1.130862e-08	-5.444493e+01	-7.406679e+02
3.240000e-06	-7.813419e-06	-1.131851e-08	-5.459384e+01	-7.411052e+02
3.250000e-06	-7.831943e-06	-1.132723e-08	-5.472327e+01	-7.414233e+02
3.260000e-06	-7.847737e-06	-1.133178e-08	-5.483363e+01	-7.416705e+02
3.270000e-06	-7.860532e-06	-1.133445e-08	-5.492303e+01	-7.418928e+02
3.280000e-06	-7.870374e-06	-1.133878e-08	-5.499180e+01	-7.421094e+02
3.290000e-06	-7.877420e-06	-1.134243e-08	-5.504103e+01	-7.423014e+02
3.300000e-06	-7.881660e-06	-1.134313e-08	-5.507066e+01	-7.424216e+02
3.310000e-06	-7.883205e-06	-1.133938e-08	-5.508145e+01	-7.424231e+02
