# Temperatura_=_20.0
# Concentracion g/m^3_=_10000.0
# C_Vs_to_Am_M_A/Vsm_=_65563218390.804596
# pendiente_HvsI_1/m_=_3716.3
# ordenada_HvsI_A/m_=_1297.0
# frecuencia_Hz_=_301411.73518561834

Tiempo_(s)	Campo_(V.s)	Magnetizacion_(V.s)	Campo_(kA/m)	Magnetizacion_(A/m)
0.000000e+00	-7.899555e-06	-1.133158e-08	-5.507177e+01	-7.420065e+02
1.000000e-08	-7.896079e-06	-1.132954e-08	-5.504754e+01	-7.417668e+02
2.000000e-08	-7.890095e-06	-1.132816e-08	-5.500582e+01	-7.413518e+02
3.000000e-08	-7.881587e-06	-1.132330e-08	-5.494651e+01	-7.408297e+02
4.000000e-08	-7.870306e-06	-1.131462e-08	-5.486786e+01	-7.402818e+02
5.000000e-08	-7.856161e-06	-1.130246e-08	-5.476925e+01	-7.397570e+02
6.000000e-08	-7.839179e-06	-1.129338e-08	-5.465086e+01	-7.392467e+02
7.000000e-08	-7.819715e-06	-1.129339e-08	-5.451517e+01	-7.386931e+02
8.000000e-08	-7.797816e-06	-1.129193e-08	-5.436250e+01	-7.380251e+02
9.000000e-08	-7.772884e-06	-1.126433e-08	-5.418869e+01	-7.371996e+02
1.000000e-07	-7.744751e-06	-1.125237e-08	-5.399255e+01	-7.362223e+02
1.100000e-07	-7.713721e-06	-1.124888e-08	-5.377623e+01	-7.351397e+02
1.200000e-07	-7.679907e-06	-1.122591e-08	-5.354050e+01	-7.340114e+02
1.300000e-07	-7.643563e-06	-1.120124e-08	-5.328712e+01	-7.328830e+02
1.400000e-07	-7.605160e-06	-1.118619e-08	-5.301940e+01	-7.317732e+02
1.500000e-07	-7.564537e-06	-1.114929e-08	-5.273619e+01	-7.306767e+02
1.600000e-07	-7.521145e-06	-1.111663e-08	-5.243368e+01	-7.295716e+02
1.700000e-07	-7.475081e-06	-1.112573e-08	-5.211255e+01	-7.284212e+02
1.800000e-07	-7.426305e-06	-1.108605e-08	-5.177251e+01	-7.271707e+02
1.900000e-07	-7.374474e-06	-1.105891e-08	-5.141117e+01	-7.257492e+02
2.000000e-07	-7.319822e-06	-1.102791e-08	-5.103016e+01	-7.240860e+02
2.100000e-07	-7.262555e-06	-1.099239e-08	-5.063092e+01	-7.221398e+02
2.200000e-07	-7.202669e-06	-1.098106e-08	-5.021343e+01	-7.199242e+02
2.300000e-07	-7.140175e-06	-1.092816e-08	-4.977775e+01	-7.175108e+02
2.400000e-07	-7.075010e-06	-1.089215e-08	-4.932345e+01	-7.150007e+02
2.500000e-07	-7.007152e-06	-1.085153e-08	-4.885038e+01	-7.124763e+02
2.600000e-07	-6.936746e-06	-1.080676e-08	-4.835955e+01	-7.099620e+02
2.700000e-07	-6.863853e-06	-1.078468e-08	-4.785137e+01	-7.074140e+02
2.800000e-07	-6.788294e-06	-1.074199e-08	-4.732461e+01	-7.047486e+02
2.900000e-07	-6.710035e-06	-1.068991e-08	-4.677903e+01	-7.018871e+02
3.000000e-07	-6.629169e-06	-1.063894e-08	-4.621527e+01	-6.987933e+02
3.100000e-07	-6.545892e-06	-1.060770e-08	-4.563471e+01	-6.954804e+02
3.200000e-07	-6.460503e-06	-1.055642e-08	-4.503942e+01	-6.919913e+02
3.300000e-07	-6.372965e-06	-1.048677e-08	-4.442915e+01	-6.883689e+02
3.400000e-07	-6.283190e-06	-1.043110e-08	-4.380328e+01	-6.846377e+02
3.500000e-07	-6.191140e-06	-1.036802e-08	-4.316155e+01	-6.808037e+02
3.600000e-07	-6.096895e-06	-1.031868e-08	-4.250452e+01	-6.768647e+02
3.700000e-07	-6.000502e-06	-1.025958e-08	-4.183252e+01	-6.728144e+02
3.800000e-07	-5.901861e-06	-1.018791e-08	-4.114484e+01	-6.686356e+02
3.900000e-07	-5.801029e-06	-1.011769e-08	-4.044189e+01	-6.642886e+02
4.000000e-07	-5.698112e-06	-1.005253e-08	-3.972440e+01	-6.597132e+02
4.100000e-07	-5.593226e-06	-9.982547e-09	-3.899319e+01	-6.548514e+02
4.200000e-07	-5.486339e-06	-9.896434e-09	-3.824803e+01	-6.496818e+02
4.300000e-07	-5.377433e-06	-9.809956e-09	-3.748879e+01	-6.442415e+02
4.400000e-07	-5.266595e-06	-9.727485e-09	-3.671609e+01	-6.386139e+02
4.500000e-07	-5.153753e-06	-9.650002e-09	-3.592941e+01	-6.328834e+02
4.600000e-07	-5.038895e-06	-9.560764e-09	-3.512867e+01	-6.270802e+02
4.700000e-07	-4.922107e-06	-9.460203e-09	-3.431448e+01	-6.211514e+02
4.800000e-07	-4.803441e-06	-9.363056e-09	-3.348720e+01	-6.149802e+02
4.900000e-07	-4.682985e-06	-9.269600e-09	-3.264745e+01	-6.084445e+02
5.000000e-07	-4.560827e-06	-9.171373e-09	-3.179582e+01	-6.014825e+02
5.100000e-07	-4.437046e-06	-9.059012e-09	-3.093288e+01	-5.941228e+02
5.200000e-07	-4.311697e-06	-8.936967e-09	-3.005901e+01	-5.864626e+02
5.300000e-07	-4.184844e-06	-8.814208e-09	-2.917465e+01	-5.786074e+02
5.400000e-07	-4.056525e-06	-8.693209e-09	-2.828008e+01	-5.706083e+02
5.500000e-07	-3.926738e-06	-8.564989e-09	-2.737526e+01	-5.624333e+02
5.600000e-07	-3.795524e-06	-8.428580e-09	-2.646050e+01	-5.539864e+02
5.700000e-07	-3.662934e-06	-8.292938e-09	-2.553616e+01	-5.451571e+02
5.800000e-07	-3.528983e-06	-8.157977e-09	-2.460232e+01	-5.358684e+02
5.900000e-07	-3.393711e-06	-8.015576e-09	-2.365927e+01	-5.261000e+02
6.000000e-07	-3.257242e-06	-7.856737e-09	-2.270787e+01	-5.158774e+02
6.100000e-07	-3.119593e-06	-7.686695e-09	-2.174825e+01	-5.052448e+02
6.200000e-07	-2.980774e-06	-7.517077e-09	-2.078047e+01	-4.942388e+02
6.300000e-07	-2.840783e-06	-7.347703e-09	-1.980452e+01	-4.828755e+02
6.400000e-07	-2.699537e-06	-7.170959e-09	-1.881983e+01	-4.711495e+02
6.500000e-07	-2.557196e-06	-6.983592e-09	-1.782750e+01	-4.590362e+02
6.600000e-07	-2.413860e-06	-6.792131e-09	-1.682824e+01	-4.464912e+02
6.700000e-07	-2.269626e-06	-6.597390e-09	-1.582270e+01	-4.334528e+02
6.800000e-07	-2.124649e-06	-6.393117e-09	-1.481200e+01	-4.198520e+02
6.900000e-07	-1.978895e-06	-6.172397e-09	-1.379587e+01	-4.056319e+02
7.000000e-07	-1.832321e-06	-5.939540e-09	-1.277403e+01	-3.907686e+02
7.100000e-07	-1.685062e-06	-5.703919e-09	-1.174742e+01	-3.752777e+02
7.200000e-07	-1.537341e-06	-5.464586e-09	-1.071757e+01	-3.591975e+02
7.300000e-07	-1.389247e-06	-5.213162e-09	-9.685138e+00	-3.425546e+02
7.400000e-07	-1.240720e-06	-4.947465e-09	-8.649687e+00	-3.253313e+02
7.500000e-07	-1.091738e-06	-4.672947e-09	-7.611053e+00	-3.074533e+02
7.600000e-07	-9.423278e-07	-4.390526e-09	-6.569441e+00	-2.888089e+02
7.700000e-07	-7.925409e-07	-4.095959e-09	-5.525202e+00	-2.692859e+02
7.800000e-07	-6.424981e-07	-3.782039e-09	-4.479178e+00	-2.488062e+02
7.900000e-07	-4.922699e-07	-3.449816e-09	-3.431861e+00	-2.273375e+02
8.000000e-07	-3.419066e-07	-3.106455e-09	-2.383603e+00	-2.048764e+02
8.100000e-07	-1.914763e-07	-2.752015e-09	-1.334878e+00	-1.814171e+02
8.200000e-07	-4.096582e-08	-2.379074e-09	-2.855933e-01	-1.569249e+02
8.300000e-07	1.096102e-07	-1.985264e-09	7.641476e-01	-1.313300e+02
8.400000e-07	2.601474e-07	-1.573522e-09	1.813618e+00	-1.045427e+02
8.500000e-07	4.105515e-07	-1.146984e-09	2.862161e+00	-7.648076e+01
8.600000e-07	5.607886e-07	-7.023414e-10	3.909540e+00	-4.709582e+01
8.700000e-07	7.108435e-07	-2.323671e-10	4.955648e+00	-1.639381e+01
8.800000e-07	8.606873e-07	2.601944e-10	6.000284e+00	1.554986e+01
8.900000e-07	1.010242e-06	7.647942e-10	7.042907e+00	4.857677e+01
9.000000e-07	1.159420e-06	1.277611e-09	8.082900e+00	8.243506e+01
9.100000e-07	1.308118e-06	1.799782e-09	9.119548e+00	1.167801e+02
9.200000e-07	1.456279e-06	2.326627e-09	1.015246e+01	1.511948e+02
9.300000e-07	1.604002e-06	2.847962e-09	1.118231e+01	1.852308e+02
9.400000e-07	1.751305e-06	3.353911e-09	1.220923e+01	2.184609e+02
9.500000e-07	1.898027e-06	3.839643e-09	1.323210e+01	2.505252e+02
9.600000e-07	2.043999e-06	4.305408e-09	1.424974e+01	2.811570e+02
9.700000e-07	2.189178e-06	4.748334e-09	1.526186e+01	3.101828e+02
9.800000e-07	2.333647e-06	5.162982e-09	1.626903e+01	3.375059e+02
9.900000e-07	2.477246e-06	5.549771e-09	1.727013e+01	3.630874e+02
1.000000e-06	2.619885e-06	5.913100e-09	1.826454e+01	3.869335e+02
1.010000e-06	2.761571e-06	6.253894e-09	1.925230e+01	4.090926e+02
1.020000e-06	2.902068e-06	6.568386e-09	2.023177e+01	4.296533e+02
1.030000e-06	3.041344e-06	6.855530e-09	2.120274e+01	4.487363e+02
1.040000e-06	3.179504e-06	7.121494e-09	2.216592e+01	4.664772e+02
1.050000e-06	3.316482e-06	7.371132e-09	2.312087e+01	4.830070e+02
1.060000e-06	3.452210e-06	7.606857e-09	2.406709e+01	4.984366e+02
1.070000e-06	3.586697e-06	7.827970e-09	2.500467e+01	5.128539e+02
1.080000e-06	3.719957e-06	8.032521e-09	2.593369e+01	5.263305e+02
1.090000e-06	3.851853e-06	8.223815e-09	2.685321e+01	5.389334e+02
1.100000e-06	3.982325e-06	8.402797e-09	2.776279e+01	5.507322e+02
1.110000e-06	4.111425e-06	8.569115e-09	2.866281e+01	5.617995e+02
1.120000e-06	4.239048e-06	8.723477e-09	2.955253e+01	5.722045e+02
1.130000e-06	4.365224e-06	8.869124e-09	3.043218e+01	5.820060e+02
1.140000e-06	4.489914e-06	9.010475e-09	3.130145e+01	5.912490e+02
1.150000e-06	4.612977e-06	9.148095e-09	3.215938e+01	5.999662e+02
1.160000e-06	4.734417e-06	9.277886e-09	3.300600e+01	6.081846e+02
1.170000e-06	4.854106e-06	9.397586e-09	3.384042e+01	6.159324e+02
1.180000e-06	4.971942e-06	9.510376e-09	3.466191e+01	6.232429e+02
1.190000e-06	5.087878e-06	9.617884e-09	3.547016e+01	6.301541e+02
1.200000e-06	5.201872e-06	9.718259e-09	3.626487e+01	6.367033e+02
1.210000e-06	5.313884e-06	9.811434e-09	3.704576e+01	6.429208e+02
1.220000e-06	5.423972e-06	9.899026e-09	3.781324e+01	6.488247e+02
1.230000e-06	5.532225e-06	9.984340e-09	3.856793e+01	6.544219e+02
1.240000e-06	5.638534e-06	1.006654e-08	3.930906e+01	6.597152e+02
1.250000e-06	5.742753e-06	1.014166e-08	4.003562e+01	6.647132e+02
1.260000e-06	5.844904e-06	1.021093e-08	4.074776e+01	6.694382e+02
1.270000e-06	5.944963e-06	1.027883e-08	4.144532e+01	6.739261e+02
1.280000e-06	6.042836e-06	1.034462e-08	4.212765e+01	6.782170e+02
1.290000e-06	6.138488e-06	1.040815e-08	4.279449e+01	6.823423e+02
1.300000e-06	6.231980e-06	1.046808e-08	4.344627e+01	6.863153e+02
1.310000e-06	6.323321e-06	1.052461e-08	4.408305e+01	6.901321e+02
1.320000e-06	6.412381e-06	1.058105e-08	4.470393e+01	6.937816e+02
1.330000e-06	6.499212e-06	1.063401e-08	4.530928e+01	6.972582e+02
1.340000e-06	6.583891e-06	1.068347e-08	4.589961e+01	7.005673e+02
1.350000e-06	6.666284e-06	1.073004e-08	4.647402e+01	7.037211e+02
1.360000e-06	6.746223e-06	1.077508e-08	4.703131e+01	7.067270e+02
1.370000e-06	6.823688e-06	1.082009e-08	4.757136e+01	7.095804e+02
1.380000e-06	6.898569e-06	1.086293e-08	4.809340e+01	7.122683e+02
1.390000e-06	6.970865e-06	1.090271e-08	4.859741e+01	7.147825e+02
1.400000e-06	7.040754e-06	1.093979e-08	4.908464e+01	7.171346e+02
1.410000e-06	7.108160e-06	1.097526e-08	4.955456e+01	7.193576e+02
1.420000e-06	7.173018e-06	1.100754e-08	5.000672e+01	7.214929e+02
1.430000e-06	7.235393e-06	1.103617e-08	5.044156e+01	7.235661e+02
1.440000e-06	7.295281e-06	1.106526e-08	5.085907e+01	7.255707e+02
1.450000e-06	7.352554e-06	1.109509e-08	5.125835e+01	7.274686e+02
1.460000e-06	7.407110e-06	1.112283e-08	5.163869e+01	7.292117e+02
1.470000e-06	7.458657e-06	1.114840e-08	5.199805e+01	7.307708e+02
1.480000e-06	7.507168e-06	1.117133e-08	5.233624e+01	7.321542e+02
1.490000e-06	7.553041e-06	1.119167e-08	5.265605e+01	7.334052e+02
1.500000e-06	7.596254e-06	1.120903e-08	5.295731e+01	7.345801e+02
1.510000e-06	7.636705e-06	1.122502e-08	5.323931e+01	7.357210e+02
1.520000e-06	7.674548e-06	1.124132e-08	5.350313e+01	7.368386e+02
1.530000e-06	7.709801e-06	1.125633e-08	5.374890e+01	7.379130e+02
1.540000e-06	7.742297e-06	1.127075e-08	5.397545e+01	7.389081e+02
1.550000e-06	7.772098e-06	1.128570e-08	5.418320e+01	7.397880e+02
1.560000e-06	7.799165e-06	1.129900e-08	5.437191e+01	7.405278e+02
1.570000e-06	7.823338e-06	1.130865e-08	5.454043e+01	7.411172e+02
1.580000e-06	7.844829e-06	1.131408e-08	5.469025e+01	7.415612e+02
1.590000e-06	7.863687e-06	1.131649e-08	5.482172e+01	7.418816e+02
1.600000e-06	7.879682e-06	1.131937e-08	5.493323e+01	7.421173e+02
1.610000e-06	7.892674e-06	1.132292e-08	5.502380e+01	7.423169e+02
1.620000e-06	7.902587e-06	1.132691e-08	5.509291e+01	7.425195e+02
1.630000e-06	7.909625e-06	1.133130e-08	5.514197e+01	7.427334e+02
1.640000e-06	7.913986e-06	1.133706e-08	5.517238e+01	7.429233e+02
1.650000e-06	7.915560e-06	1.134098e-08	5.518335e+01	7.430204e+02
1.660000e-06	7.914438e-06	1.133766e-08	5.517553e+01	7.429551e+02
1.670000e-06	7.910761e-06	1.133194e-08	5.514989e+01	7.426946e+02
1.680000e-06	7.904373e-06	1.132370e-08	5.510536e+01	7.422641e+02
1.690000e-06	7.895321e-06	1.131562e-08	5.504225e+01	7.417355e+02
1.700000e-06	7.883568e-06	1.130782e-08	5.496032e+01	7.411886e+02
1.710000e-06	7.869029e-06	1.130116e-08	5.485896e+01	7.406668e+02
1.720000e-06	7.852054e-06	1.129192e-08	5.474062e+01	7.401551e+02
1.730000e-06	7.832823e-06	1.127123e-08	5.460655e+01	7.395923e+02
1.740000e-06	7.810780e-06	1.127404e-08	5.445288e+01	7.389087e+02
1.750000e-06	7.785088e-06	1.125966e-08	5.427376e+01	7.380657e+02
1.760000e-06	7.755665e-06	1.123078e-08	5.406864e+01	7.370744e+02
1.770000e-06	7.723321e-06	1.121899e-08	5.384315e+01	7.359840e+02
1.780000e-06	7.688795e-06	1.120536e-08	5.360246e+01	7.348539e+02
1.790000e-06	7.652291e-06	1.118165e-08	5.334797e+01	7.337269e+02
1.800000e-06	7.613714e-06	1.119691e-08	5.307903e+01	7.326191e+02
1.810000e-06	7.572719e-06	1.117448e-08	5.279323e+01	7.315229e+02
1.820000e-06	7.529195e-06	1.113645e-08	5.248981e+01	7.304149e+02
1.830000e-06	7.483081e-06	1.114307e-08	5.216832e+01	7.292566e+02
1.840000e-06	7.433936e-06	1.109099e-08	5.182571e+01	7.279913e+02
1.850000e-06	7.381856e-06	1.109426e-08	5.146263e+01	7.265470e+02
1.860000e-06	7.326934e-06	1.106911e-08	5.107974e+01	7.248546e+02
1.870000e-06	7.269310e-06	1.101057e-08	5.067802e+01	7.228777e+02
1.880000e-06	7.209250e-06	1.100806e-08	5.025931e+01	7.206365e+02
1.890000e-06	7.146450e-06	1.094480e-08	4.982150e+01	7.182078e+02
1.900000e-06	7.080981e-06	1.092403e-08	4.936508e+01	7.156928e+02
1.910000e-06	7.012867e-06	1.088514e-08	4.889022e+01	7.131696e+02
1.920000e-06	6.942009e-06	1.082838e-08	4.839624e+01	7.106547e+02
1.930000e-06	6.868590e-06	1.081176e-08	4.788440e+01	7.080984e+02
1.940000e-06	6.792494e-06	1.075533e-08	4.735390e+01	7.054151e+02
1.950000e-06	6.713781e-06	1.072923e-08	4.680514e+01	7.025295e+02
1.960000e-06	6.632665e-06	1.065193e-08	4.623964e+01	6.994107e+02
1.970000e-06	6.549225e-06	1.060833e-08	4.565794e+01	6.960766e+02
1.980000e-06	6.463437e-06	1.056158e-08	4.505987e+01	6.925713e+02
1.990000e-06	6.375267e-06	1.049737e-08	4.444519e+01	6.889364e+02
2.000000e-06	6.284878e-06	1.046276e-08	4.381504e+01	6.851940e+02
2.010000e-06	6.192334e-06	1.038048e-08	4.316987e+01	6.813489e+02
2.020000e-06	6.097543e-06	1.033409e-08	4.250904e+01	6.773983e+02
2.030000e-06	6.000560e-06	1.026005e-08	4.183292e+01	6.733353e+02
2.040000e-06	5.901476e-06	1.020330e-08	4.114216e+01	6.691407e+02
2.050000e-06	5.800268e-06	1.013262e-08	4.043659e+01	6.647723e+02
2.060000e-06	5.696912e-06	1.005824e-08	3.971604e+01	6.601685e+02
2.070000e-06	5.591524e-06	9.994832e-09	3.898133e+01	6.552738e+02
2.080000e-06	5.484193e-06	9.911775e-09	3.823307e+01	6.500723e+02
2.090000e-06	5.374872e-06	9.835316e-09	3.747094e+01	6.446073e+02
2.100000e-06	5.263570e-06	9.729677e-09	3.669499e+01	6.389651e+02
2.110000e-06	5.150327e-06	9.647872e-09	3.590552e+01	6.332267e+02
2.120000e-06	5.035154e-06	9.562480e-09	3.510259e+01	6.274140e+02
2.130000e-06	4.918058e-06	9.480768e-09	3.428625e+01	6.214654e+02
2.140000e-06	4.799015e-06	9.381524e-09	3.345635e+01	6.152603e+02
2.150000e-06	4.678149e-06	9.274315e-09	3.261373e+01	6.086803e+02
2.160000e-06	4.555547e-06	9.166683e-09	3.175901e+01	6.016727e+02
2.170000e-06	4.431312e-06	9.054899e-09	3.089290e+01	5.942753e+02
2.180000e-06	4.305605e-06	8.942090e-09	3.001654e+01	5.865896e+02
2.190000e-06	4.178285e-06	8.816205e-09	2.912893e+01	5.787179e+02
2.200000e-06	4.049445e-06	8.697802e-09	2.823072e+01	5.707028e+02
2.210000e-06	3.919211e-06	8.579512e-09	2.732279e+01	5.625039e+02
2.220000e-06	3.787580e-06	8.458146e-09	2.640513e+01	5.540211e+02
2.230000e-06	3.654628e-06	8.318323e-09	2.547825e+01	5.451451e+02
2.240000e-06	3.520481e-06	8.167640e-09	2.454304e+01	5.358050e+02
2.250000e-06	3.385094e-06	8.015961e-09	2.359919e+01	5.259860e+02
2.260000e-06	3.248301e-06	7.865707e-09	2.264554e+01	5.157172e+02
2.270000e-06	3.110218e-06	7.706057e-09	2.168289e+01	5.050431e+02
2.280000e-06	2.971019e-06	7.534550e-09	2.071247e+01	4.939984e+02
2.290000e-06	2.830765e-06	7.357820e-09	1.973469e+01	4.825967e+02
2.300000e-06	2.689425e-06	7.183570e-09	1.874934e+01	4.708308e+02
2.310000e-06	2.547066e-06	7.002522e-09	1.775688e+01	4.586735e+02
2.320000e-06	2.403821e-06	6.808126e-09	1.675825e+01	4.460788e+02
2.330000e-06	2.259732e-06	6.601927e-09	1.575373e+01	4.329834e+02
2.340000e-06	2.114804e-06	6.392996e-09	1.474337e+01	4.193184e+02
2.350000e-06	1.969093e-06	6.181580e-09	1.372754e+01	4.050297e+02
2.360000e-06	1.822669e-06	5.956126e-09	1.270674e+01	3.900978e+02
2.370000e-06	1.675568e-06	5.713996e-09	1.168123e+01	3.745417e+02
2.380000e-06	1.527882e-06	5.461020e-09	1.065163e+01	3.584004e+02
2.390000e-06	1.379773e-06	5.209218e-09	9.619094e+00	3.416971e+02
2.400000e-06	1.231234e-06	4.952227e-09	8.583553e+00	3.244080e+02
2.410000e-06	1.082158e-06	4.679304e-09	7.544269e+00	3.064536e+02
2.420000e-06	9.326613e-07	4.388147e-09	6.502051e+00	2.877200e+02
2.430000e-06	7.828825e-07	4.086809e-09	5.457868e+00	2.680973e+02
2.440000e-06	6.328780e-07	3.777014e-09	4.412111e+00	2.475124e+02
2.450000e-06	4.826775e-07	3.451543e-09	3.364987e+00	2.259371e+02
2.460000e-06	3.323631e-07	3.105411e-09	2.317070e+00	2.033696e+02
2.470000e-06	1.819751e-07	2.741638e-09	1.268640e+00	1.798019e+02
2.480000e-06	3.149191e-08	2.368870e-09	2.195459e-01	1.551954e+02
2.490000e-06	-1.190131e-07	1.983871e-09	-8.297005e-01	1.294770e+02
2.500000e-06	-2.694801e-07	1.575855e-09	-1.878682e+00	1.025567e+02
2.510000e-06	-4.198614e-07	1.141596e-09	-2.927065e+00	7.435439e+01
2.520000e-06	-5.701180e-07	6.871580e-10	-3.974579e+00	4.482687e+01
2.530000e-06	-7.202013e-07	2.176602e-10	-5.020886e+00	1.398679e+01
2.540000e-06	-8.700217e-07	-2.681940e-10	-6.065359e+00	-1.808218e+01
2.550000e-06	-1.019506e-06	-7.735905e-10	-7.107491e+00	-5.121199e+01
2.560000e-06	-1.168532e-06	-1.294065e-09	-8.146423e+00	-8.514052e+01
2.570000e-06	-1.317064e-06	-1.818135e-09	-9.181918e+00	-1.195140e+02
2.580000e-06	-1.465118e-06	-2.338957e-09	-1.021408e+01	-1.539098e+02
2.590000e-06	-1.612720e-06	-2.854333e-09	-1.124308e+01	-1.878791e+02
2.600000e-06	-1.759801e-06	-3.361337e-09	-1.226846e+01	-2.210000e+02
2.610000e-06	-1.906190e-06	-3.851165e-09	-1.328901e+01	-2.529219e+02
2.620000e-06	-2.051841e-06	-4.317464e-09	-1.430441e+01	-2.833885e+02
2.630000e-06	-2.196795e-06	-4.759294e-09	-1.531496e+01	-3.122354e+02
2.640000e-06	-2.340995e-06	-5.176563e-09	-1.632025e+01	-3.393730e+02
2.650000e-06	-2.484222e-06	-5.567337e-09	-1.731876e+01	-3.647675e+02
2.660000e-06	-2.626511e-06	-5.927627e-09	-1.831073e+01	-3.884299e+02
2.670000e-06	-2.767922e-06	-6.259988e-09	-1.929658e+01	-4.104130e+02
2.680000e-06	-2.908303e-06	-6.572449e-09	-2.027524e+01	-4.308092e+02
2.690000e-06	-3.047541e-06	-6.865608e-09	-2.124594e+01	-4.497419e+02
2.700000e-06	-3.185606e-06	-7.136966e-09	-2.220846e+01	-4.673472e+02
2.710000e-06	-3.322519e-06	-7.387454e-09	-2.316295e+01	-4.837542e+02
2.720000e-06	-3.458159e-06	-7.620986e-09	-2.410857e+01	-4.990717e+02
2.730000e-06	-3.592481e-06	-7.841065e-09	-2.504499e+01	-5.133850e+02
2.740000e-06	-3.725578e-06	-8.046127e-09	-2.597288e+01	-5.267648e+02
2.750000e-06	-3.857340e-06	-8.237157e-09	-2.689146e+01	-5.392782e+02
2.760000e-06	-3.987659e-06	-8.417134e-09	-2.779998e+01	-5.509953e+02
2.770000e-06	-4.116672e-06	-8.588159e-09	-2.869939e+01	-5.619885e+02
2.780000e-06	-4.244273e-06	-8.750084e-09	-2.958896e+01	-5.723263e+02
2.790000e-06	-4.370307e-06	-8.899867e-09	-3.046761e+01	-5.820662e+02
2.800000e-06	-4.494829e-06	-9.038631e-09	-3.133572e+01	-5.912515e+02
2.810000e-06	-4.617706e-06	-9.167726e-09	-3.219235e+01	-5.999141e+02
2.820000e-06	-4.738943e-06	-9.288314e-09	-3.303756e+01	-6.080807e+02
2.830000e-06	-4.858496e-06	-9.403572e-09	-3.387102e+01	-6.157800e+02
2.840000e-06	-4.976154e-06	-9.515179e-09	-3.469127e+01	-6.230460e+02
2.850000e-06	-5.091837e-06	-9.620967e-09	-3.549776e+01	-6.299167e+02
2.860000e-06	-5.205374e-06	-9.718664e-09	-3.628928e+01	-6.364292e+02
2.870000e-06	-5.316818e-06	-9.813381e-09	-3.706622e+01	-6.426125e+02
2.880000e-06	-5.426267e-06	-9.904864e-09	-3.782924e+01	-6.484835e+02
2.890000e-06	-5.533823e-06	-9.988983e-09	-3.857906e+01	-6.540481e+02
2.900000e-06	-5.639590e-06	-1.006684e-08	-3.931642e+01	-6.593092e+02
2.910000e-06	-5.743399e-06	-1.014270e-08	-4.004012e+01	-6.642766e+02
2.920000e-06	-5.845115e-06	-1.021725e-08	-4.074924e+01	-6.689745e+02
2.930000e-06	-5.944646e-06	-1.028709e-08	-4.144312e+01	-6.734395e+02
2.940000e-06	-6.042127e-06	-1.035235e-08	-4.212271e+01	-6.777115e+02
2.950000e-06	-6.137585e-06	-1.041563e-08	-4.278819e+01	-6.818203e+02
2.960000e-06	-6.230846e-06	-1.047777e-08	-4.343836e+01	-6.857770e+02
2.970000e-06	-6.321927e-06	-1.053686e-08	-4.407333e+01	-6.895765e+02
2.980000e-06	-6.410856e-06	-1.059277e-08	-4.469330e+01	-6.932076e+02
2.990000e-06	-6.497489e-06	-1.064651e-08	-4.529726e+01	-6.966659e+02
3.000000e-06	-6.581715e-06	-1.069742e-08	-4.588444e+01	-6.999579e+02
3.010000e-06	-6.663690e-06	-1.074508e-08	-4.645594e+01	-7.030957e+02
3.020000e-06	-6.743399e-06	-1.079024e-08	-4.701163e+01	-7.060858e+02
3.030000e-06	-6.820511e-06	-1.083229e-08	-4.754922e+01	-7.089222e+02
3.040000e-06	-6.894900e-06	-1.087199e-08	-4.806781e+01	-7.115917e+02
3.050000e-06	-6.966770e-06	-1.090979e-08	-4.856886e+01	-7.140876e+02
3.060000e-06	-7.036199e-06	-1.094509e-08	-4.905289e+01	-7.164240e+02
3.070000e-06	-7.103058e-06	-1.097851e-08	-4.951899e+01	-7.186359e+02
3.080000e-06	-7.167431e-06	-1.101202e-08	-4.996777e+01	-7.207638e+02
3.090000e-06	-7.229263e-06	-1.104476e-08	-5.039883e+01	-7.228307e+02
3.100000e-06	-7.288442e-06	-1.107465e-08	-5.081140e+01	-7.248262e+02
3.110000e-06	-7.345097e-06	-1.110127e-08	-5.120636e+01	-7.267097e+02
3.120000e-06	-7.399061e-06	-1.112545e-08	-5.158258e+01	-7.284340e+02
3.130000e-06	-7.450045e-06	-1.114831e-08	-5.193801e+01	-7.299732e+02
3.140000e-06	-7.497951e-06	-1.117017e-08	-5.227199e+01	-7.313400e+02
3.150000e-06	-7.543096e-06	-1.118959e-08	-5.258672e+01	-7.325803e+02
3.160000e-06	-7.585861e-06	-1.120704e-08	-5.288485e+01	-7.337502e+02
3.170000e-06	-7.626182e-06	-1.122513e-08	-5.316595e+01	-7.348887e+02
3.180000e-06	-7.663742e-06	-1.124398e-08	-5.342780e+01	-7.360031e+02
3.190000e-06	-7.698569e-06	-1.126161e-08	-5.367059e+01	-7.370709e+02
3.200000e-06	-7.730795e-06	-1.127540e-08	-5.389526e+01	-7.380553e+02
3.210000e-06	-7.760225e-06	-1.128526e-08	-5.410043e+01	-7.389212e+02
3.220000e-06	-7.786852e-06	-1.129392e-08	-5.428607e+01	-7.396453e+02
3.230000e-06	-7.810822e-06	-1.130253e-08	-5.445317e+01	-7.402187e+02
3.240000e-06	-7.832026e-06	-1.130988e-08	-5.460099e+01	-7.406481e+02
3.250000e-06	-7.850458e-06	-1.131668e-08	-5.472950e+01	-7.409574e+02
3.260000e-06	-7.866116e-06	-1.132222e-08	-5.483866e+01	-7.411870e+02
3.270000e-06	-7.878724e-06	-1.132695e-08	-5.492655e+01	-7.413854e+02
3.280000e-06	-7.888361e-06	-1.132987e-08	-5.499373e+01	-7.415897e+02
3.290000e-06	-7.895194e-06	-1.133146e-08	-5.504137e+01	-7.418035e+02
3.300000e-06	-7.899213e-06	-1.133185e-08	-5.506939e+01	-7.419872e+02
3.310000e-06	-7.900576e-06	-1.133169e-08	-5.507889e+01	-7.420700e+02
