# Temperatura_=_20.0
# Concentracion g/m^3_=_10000.0
# C_Vs_to_Am_M_A/Vsm_=_65563218390.804596
# pendiente_HvsI_1/m_=_3716.3
# ordenada_HvsI_A/m_=_1297.0
# frecuencia_Hz_=_300941.6652297005

Tiempo_(s)	Campo_(V.s)	Magnetizacion_(V.s)	Campo_(kA/m)	Magnetizacion_(A/m)
0.000000e+00	-4.994138e-06	-9.361767e-09	-3.458506e+01	-6.134349e+02
1.000000e-08	-4.993103e-06	-9.366932e-09	-3.457790e+01	-6.135089e+02
2.000000e-08	-4.990254e-06	-9.367453e-09	-3.455817e+01	-6.134656e+02
3.000000e-08	-4.985705e-06	-9.363175e-09	-3.452666e+01	-6.132397e+02
4.000000e-08	-4.979634e-06	-9.356357e-09	-3.448462e+01	-6.127900e+02
5.000000e-08	-4.972102e-06	-9.345399e-09	-3.443246e+01	-6.121335e+02
6.000000e-08	-4.962986e-06	-9.330279e-09	-3.436933e+01	-6.113561e+02
7.000000e-08	-4.952015e-06	-9.308971e-09	-3.429335e+01	-6.105851e+02
8.000000e-08	-4.939215e-06	-9.278457e-09	-3.420471e+01	-6.099270e+02
9.000000e-08	-4.924323e-06	-9.320519e-09	-3.410158e+01	-6.094040e+02
1.000000e-07	-4.907042e-06	-9.364535e-09	-3.398191e+01	-6.089261e+02
1.100000e-07	-4.887733e-06	-9.325853e-09	-3.384820e+01	-6.083236e+02
1.200000e-07	-4.866784e-06	-9.307727e-09	-3.370312e+01	-6.074292e+02
1.300000e-07	-4.844463e-06	-9.184151e-09	-3.354855e+01	-6.061668e+02
1.400000e-07	-4.821001e-06	-9.148810e-09	-3.338607e+01	-6.045984e+02
1.500000e-07	-4.796074e-06	-9.324494e-09	-3.321344e+01	-6.028984e+02
1.600000e-07	-4.769306e-06	-9.149426e-09	-3.302807e+01	-6.012689e+02
1.700000e-07	-4.741004e-06	-9.059977e-09	-3.283208e+01	-5.998387e+02
1.800000e-07	-4.711056e-06	-9.233937e-09	-3.262468e+01	-5.986006e+02
1.900000e-07	-4.679466e-06	-9.084753e-09	-3.240592e+01	-5.974187e+02
2.000000e-07	-4.646608e-06	-9.074169e-09	-3.217837e+01	-5.960968e+02
2.100000e-07	-4.612059e-06	-9.178329e-09	-3.193911e+01	-5.944698e+02
2.200000e-07	-4.575653e-06	-8.979227e-09	-3.168700e+01	-5.924701e+02
2.300000e-07	-4.537655e-06	-8.928103e-09	-3.142386e+01	-5.901408e+02
2.400000e-07	-4.498116e-06	-8.993614e-09	-3.115004e+01	-5.875972e+02
2.500000e-07	-4.456978e-06	-8.932886e-09	-3.086516e+01	-5.849660e+02
2.600000e-07	-4.414036e-06	-8.901646e-09	-3.056778e+01	-5.823335e+02
2.700000e-07	-4.369299e-06	-8.794681e-09	-3.025797e+01	-5.797241e+02
2.800000e-07	-4.323081e-06	-8.762215e-09	-2.993791e+01	-5.771093e+02
2.900000e-07	-4.275400e-06	-8.799061e-09	-2.960771e+01	-5.744320e+02
3.000000e-07	-4.225883e-06	-8.737013e-09	-2.926480e+01	-5.716306e+02
3.100000e-07	-4.174329e-06	-8.659871e-09	-2.890778e+01	-5.686541e+02
3.200000e-07	-4.120946e-06	-8.591398e-09	-2.853810e+01	-5.654699e+02
3.300000e-07	-4.066142e-06	-8.570559e-09	-2.815857e+01	-5.620686e+02
3.400000e-07	-4.010223e-06	-8.540716e-09	-2.777132e+01	-5.584681e+02
3.500000e-07	-3.952889e-06	-8.473527e-09	-2.737428e+01	-5.547117e+02
3.600000e-07	-3.893827e-06	-8.385848e-09	-2.696526e+01	-5.508578e+02
3.700000e-07	-3.833291e-06	-8.302890e-09	-2.654605e+01	-5.469585e+02
3.800000e-07	-3.771522e-06	-8.303159e-09	-2.611829e+01	-5.430352e+02
3.900000e-07	-3.708551e-06	-8.263652e-09	-2.568221e+01	-5.390642e+02
4.000000e-07	-3.644362e-06	-8.148840e-09	-2.523769e+01	-5.349807e+02
4.100000e-07	-3.578756e-06	-8.062368e-09	-2.478336e+01	-5.307024e+02
4.200000e-07	-3.511659e-06	-8.007978e-09	-2.431870e+01	-5.261637e+02
4.300000e-07	-3.443330e-06	-7.977472e-09	-2.384551e+01	-5.213434e+02
4.400000e-07	-3.373805e-06	-7.893882e-09	-2.336405e+01	-5.162736e+02
4.500000e-07	-3.303032e-06	-7.771556e-09	-2.287393e+01	-5.110248e+02
4.600000e-07	-3.231249e-06	-7.691797e-09	-2.237682e+01	-5.056739e+02
4.700000e-07	-3.158479e-06	-7.638880e-09	-2.187288e+01	-5.002706e+02
4.800000e-07	-3.084320e-06	-7.577024e-09	-2.135932e+01	-4.948168e+02
4.900000e-07	-3.008686e-06	-7.462099e-09	-2.083555e+01	-4.892668e+02
5.000000e-07	-2.931842e-06	-7.347647e-09	-2.030339e+01	-4.835486e+02
5.100000e-07	-2.853953e-06	-7.276718e-09	-1.976400e+01	-4.775933e+02
5.200000e-07	-2.774946e-06	-7.213890e-09	-1.921687e+01	-4.713609e+02
5.300000e-07	-2.694679e-06	-7.114183e-09	-1.866101e+01	-4.648514e+02
5.400000e-07	-2.613310e-06	-6.973482e-09	-1.809752e+01	-4.580991e+02
5.500000e-07	-2.530960e-06	-6.860475e-09	-1.752723e+01	-4.511540e+02
5.600000e-07	-2.447749e-06	-6.780134e-09	-1.695098e+01	-4.440611e+02
5.700000e-07	-2.363906e-06	-6.690291e-09	-1.637036e+01	-4.368444e+02
5.800000e-07	-2.279396e-06	-6.561029e-09	-1.578511e+01	-4.295004e+02
5.900000e-07	-2.194165e-06	-6.421692e-09	-1.519488e+01	-4.220012e+02
6.000000e-07	-2.108282e-06	-6.314704e-09	-1.460013e+01	-4.143014e+02
6.100000e-07	-2.021700e-06	-6.219139e-09	-1.400054e+01	-4.063488e+02
6.200000e-07	-1.934438e-06	-6.095610e-09	-1.339624e+01	-3.980955e+02
6.300000e-07	-1.846626e-06	-5.934530e-09	-1.278813e+01	-3.895097e+02
6.400000e-07	-1.758144e-06	-5.783817e-09	-1.217538e+01	-3.805860e+02
6.500000e-07	-1.668964e-06	-5.664868e-09	-1.155779e+01	-3.713490e+02
6.600000e-07	-1.579204e-06	-5.542125e-09	-1.093620e+01	-3.618452e+02
6.700000e-07	-1.488755e-06	-5.384690e-09	-1.030983e+01	-3.521240e+02
6.800000e-07	-1.397555e-06	-5.211801e-09	-9.678251e+00	-3.422119e+02
6.900000e-07	-1.305798e-06	-5.059815e-09	-9.042821e+00	-3.320950e+02
7.000000e-07	-1.213659e-06	-4.922535e-09	-8.404745e+00	-3.217172e+02
7.100000e-07	-1.121156e-06	-4.761977e-09	-7.764151e+00	-3.110015e+02
7.200000e-07	-1.028295e-06	-4.568169e-09	-7.121080e+00	-2.998817e+02
7.300000e-07	-9.350820e-07	-4.376942e-09	-6.475566e+00	-2.883314e+02
7.400000e-07	-8.415680e-07	-4.210860e-09	-5.827969e+00	-2.763717e+02
7.500000e-07	-7.478096e-07	-4.047067e-09	-5.178680e+00	-2.640548e+02
7.600000e-07	-6.537933e-07	-3.851077e-09	-4.527605e+00	-2.514308e+02
7.700000e-07	-5.595354e-07	-3.633658e-09	-3.874856e+00	-2.385180e+02
7.800000e-07	-4.650589e-07	-3.429256e-09	-3.220594e+00	-2.252911e+02
7.900000e-07	-3.703992e-07	-3.239076e-09	-2.565063e+00	-2.116936e+02
8.000000e-07	-2.756253e-07	-3.031215e-09	-1.908742e+00	-1.976648e+02
8.100000e-07	-1.807242e-07	-2.792363e-09	-1.251539e+00	-1.831652e+02
8.200000e-07	-8.567886e-08	-2.548534e-09	-5.933374e-01	-1.681854e+02
8.300000e-07	9.357086e-09	-2.321779e-09	6.479905e-02	-1.527371e+02
8.400000e-07	1.043206e-07	-2.098026e-09	7.224339e-01	-1.368343e+02
8.500000e-07	1.992828e-07	-1.847503e-09	1.380060e+00	-1.204783e+02
8.600000e-07	2.941841e-07	-1.574899e-09	2.037264e+00	-1.036556e+02
8.700000e-07	3.889548e-07	-1.306753e-09	2.693563e+00	-8.634830e+01
8.800000e-07	4.835309e-07	-1.047275e-09	3.348515e+00	-6.854759e+01
8.900000e-07	5.779392e-07	-7.752043e-10	4.002305e+00	-5.026142e+01
9.000000e-07	6.721473e-07	-4.779098e-10	4.654708e+00	-3.151158e+01
9.100000e-07	7.660567e-07	-1.718664e-10	5.305043e+00	-1.232445e+01
9.200000e-07	8.596886e-07	1.238790e-10	5.953457e+00	7.276464e+00
9.300000e-07	9.530477e-07	4.153763e-10	6.599981e+00	2.726975e+01
9.400000e-07	1.046152e-06	7.245509e-10	7.244740e+00	4.762632e+01
9.500000e-07	1.138957e-06	1.052450e-09	7.887427e+00	6.829617e+01
9.600000e-07	1.231398e-06	1.378089e-09	8.527595e+00	8.919960e+01
9.700000e-07	1.323487e-06	1.690012e-09	9.165322e+00	1.102282e+02
9.800000e-07	1.415187e-06	2.001728e-09	9.800354e+00	1.312559e+02
9.900000e-07	1.506394e-06	2.325843e-09	1.043198e+01	1.521562e+02
1.000000e-06	1.596895e-06	2.651150e-09	1.105870e+01	1.728183e+02
1.010000e-06	1.686526e-06	2.960487e-09	1.167941e+01	1.931555e+02
1.020000e-06	1.775356e-06	3.254758e-09	1.229457e+01	2.131047e+02
1.030000e-06	1.863556e-06	3.549569e-09	1.290537e+01	2.326153e+02
1.040000e-06	1.951262e-06	3.847185e-09	1.351275e+01	2.516349e+02
1.050000e-06	2.038371e-06	4.133228e-09	1.411599e+01	2.700994e+02
1.060000e-06	2.124767e-06	4.398110e-09	1.471429e+01	2.879329e+02
1.070000e-06	2.210466e-06	4.651250e-09	1.530777e+01	3.050621e+02
1.080000e-06	2.295477e-06	4.905712e-09	1.589648e+01	3.214373e+02
1.090000e-06	2.379837e-06	5.154936e-09	1.648068e+01	3.370515e+02
1.100000e-06	2.463501e-06	5.382655e-09	1.706007e+01	3.519422e+02
1.110000e-06	2.546298e-06	5.590292e-09	1.763345e+01	3.661746e+02
1.120000e-06	2.628054e-06	5.792689e-09	1.819962e+01	3.798106e+02
1.130000e-06	2.708868e-06	5.995711e-09	1.875927e+01	3.928810e+02
1.140000e-06	2.788726e-06	6.191218e-09	1.931229e+01	4.053756e+02
1.150000e-06	2.867484e-06	6.367539e-09	1.985771e+01	4.172591e+02
1.160000e-06	2.945219e-06	6.531748e-09	2.039603e+01	4.285030e+02
1.170000e-06	3.021953e-06	6.697538e-09	2.092742e+01	4.391144e+02
1.180000e-06	3.097582e-06	6.862345e-09	2.145116e+01	4.491439e+02
1.190000e-06	3.171865e-06	7.011814e-09	2.196559e+01	4.586680e+02
1.200000e-06	3.244761e-06	7.141736e-09	2.247040e+01	4.677561e+02
1.210000e-06	3.316465e-06	7.265136e-09	2.296696e+01	4.764451e+02
1.220000e-06	3.387030e-06	7.392798e-09	2.345563e+01	4.847351e+02
1.230000e-06	3.456416e-06	7.517503e-09	2.393613e+01	4.926094e+02
1.240000e-06	3.524764e-06	7.629231e-09	2.440946e+01	5.000627e+02
1.250000e-06	3.591900e-06	7.731894e-09	2.487438e+01	5.071190e+02
1.260000e-06	3.657468e-06	7.837651e-09	2.532845e+01	5.138262e+02
1.270000e-06	3.721706e-06	7.947653e-09	2.577330e+01	5.202325e+02
1.280000e-06	3.784779e-06	8.046859e-09	2.621009e+01	5.263620e+02
1.290000e-06	3.846576e-06	8.128326e-09	2.663805e+01	5.322065e+02
1.300000e-06	3.907203e-06	8.202042e-09	2.705790e+01	5.377393e+02
1.310000e-06	3.966596e-06	8.279502e-09	2.746920e+01	5.429430e+02
1.320000e-06	4.024369e-06	8.358902e-09	2.786929e+01	5.478304e+02
1.330000e-06	4.080540e-06	8.430509e-09	2.825828e+01	5.524478e+02
1.340000e-06	4.135340e-06	8.494904e-09	2.863777e+01	5.568561e+02
1.350000e-06	4.188658e-06	8.561737e-09	2.900701e+01	5.611040e+02
1.360000e-06	4.240238e-06	8.633191e-09	2.936421e+01	5.652079e+02
1.370000e-06	4.289908e-06	8.698050e-09	2.970818e+01	5.691497e+02
1.380000e-06	4.337857e-06	8.748087e-09	3.004023e+01	5.728914e+02
1.390000e-06	4.384285e-06	8.790432e-09	3.036175e+01	5.763972e+02
1.400000e-06	4.429318e-06	8.837331e-09	3.067361e+01	5.796506e+02
1.410000e-06	4.472912e-06	8.887881e-09	3.097550e+01	5.826630e+02
1.420000e-06	4.514703e-06	8.931894e-09	3.126491e+01	5.854697e+02
1.430000e-06	4.554799e-06	8.967867e-09	3.154258e+01	5.881202e+02
1.440000e-06	4.593421e-06	9.005172e-09	3.181004e+01	5.906635e+02
1.450000e-06	4.630607e-06	9.049824e-09	3.206757e+01	5.931324e+02
1.460000e-06	4.666306e-06	9.092700e-09	3.231478e+01	5.955302e+02
1.470000e-06	4.700180e-06	9.123529e-09	3.254936e+01	5.978259e+02
1.480000e-06	4.732323e-06	9.146826e-09	3.277196e+01	5.999638e+02
1.490000e-06	4.762937e-06	9.172759e-09	3.298396e+01	6.018873e+02
1.500000e-06	4.792014e-06	9.202498e-09	3.318533e+01	6.035690e+02
1.510000e-06	4.819412e-06	9.227573e-09	3.337506e+01	6.050306e+02
1.520000e-06	4.844820e-06	9.243899e-09	3.355102e+01	6.063398e+02
1.530000e-06	4.868397e-06	9.259407e-09	3.371429e+01	6.075827e+02
1.540000e-06	4.890430e-06	9.282146e-09	3.386687e+01	6.088231e+02
1.550000e-06	4.910976e-06	9.307701e-09	3.400916e+01	6.100719e+02
1.560000e-06	4.929910e-06	9.325532e-09	3.414028e+01	6.112833e+02
1.570000e-06	4.946996e-06	9.335973e-09	3.425860e+01	6.123796e+02
1.580000e-06	4.962194e-06	9.346025e-09	3.436385e+01	6.132904e+02
1.590000e-06	4.975601e-06	9.358780e-09	3.445669e+01	6.139846e+02
1.600000e-06	4.987025e-06	9.368578e-09	3.453581e+01	6.144785e+02
1.610000e-06	4.996363e-06	9.370783e-09	3.460047e+01	6.148210e+02
1.620000e-06	5.003885e-06	9.370606e-09	3.465256e+01	6.150690e+02
1.630000e-06	5.009770e-06	9.375388e-09	3.469331e+01	6.152676e+02
1.640000e-06	5.014056e-06	9.384018e-09	3.472300e+01	6.154434e+02
1.650000e-06	5.016493e-06	9.390849e-09	3.473987e+01	6.156058e+02
1.660000e-06	5.017045e-06	9.392008e-09	3.474370e+01	6.157464e+02
1.670000e-06	5.016009e-06	9.386046e-09	3.473652e+01	6.158352e+02
1.680000e-06	5.013437e-06	9.382654e-09	3.471871e+01	6.158183e+02
1.690000e-06	5.009262e-06	9.379064e-09	3.468980e+01	6.156296e+02
1.700000e-06	5.003315e-06	9.369056e-09	3.464861e+01	6.152212e+02
1.710000e-06	4.995688e-06	9.356608e-09	3.459580e+01	6.145977e+02
1.720000e-06	4.986592e-06	9.351890e-09	3.453281e+01	6.138335e+02
1.730000e-06	4.975964e-06	9.370999e-09	3.445921e+01	6.130525e+02
1.740000e-06	4.963664e-06	9.382609e-09	3.437403e+01	6.123700e+02
1.750000e-06	4.949364e-06	9.285961e-09	3.427500e+01	6.118269e+02
1.760000e-06	4.932657e-06	9.248628e-09	3.415930e+01	6.113524e+02
1.770000e-06	4.913473e-06	9.244527e-09	3.402645e+01	6.107862e+02
1.780000e-06	4.892096e-06	9.310441e-09	3.387841e+01	6.099536e+02
1.790000e-06	4.869340e-06	9.401580e-09	3.372082e+01	6.087570e+02
1.800000e-06	4.845931e-06	9.157713e-09	3.355871e+01	6.072333e+02
1.810000e-06	4.821173e-06	9.178192e-09	3.338726e+01	6.055419e+02
1.820000e-06	4.794604e-06	9.347810e-09	3.320326e+01	6.038876e+02
1.830000e-06	4.766886e-06	9.104685e-09	3.301131e+01	6.024185e+02
1.840000e-06	4.737520e-06	9.148961e-09	3.280795e+01	6.011535e+02
1.850000e-06	4.705814e-06	9.242958e-09	3.258838e+01	5.999759e+02
1.860000e-06	4.672441e-06	8.971193e-09	3.235727e+01	5.986936e+02
1.870000e-06	4.637701e-06	9.097768e-09	3.211669e+01	5.971298e+02
1.880000e-06	4.601519e-06	9.203716e-09	3.186613e+01	5.951970e+02
1.890000e-06	4.563668e-06	9.002946e-09	3.160400e+01	5.929198e+02
1.900000e-06	4.523771e-06	9.021267e-09	3.132771e+01	5.904052e+02
1.910000e-06	4.482349e-06	8.917292e-09	3.104086e+01	5.877822e+02
1.920000e-06	4.439568e-06	8.924120e-09	3.074459e+01	5.851468e+02
1.930000e-06	4.395102e-06	9.000484e-09	3.043666e+01	5.825346e+02
1.940000e-06	4.349158e-06	8.785531e-09	3.011849e+01	5.799250e+02
1.950000e-06	4.301636e-06	8.787314e-09	2.978939e+01	5.772640e+02
1.960000e-06	4.252446e-06	8.783797e-09	2.944875e+01	5.744894e+02
1.970000e-06	4.201678e-06	8.723040e-09	2.909717e+01	5.715477e+02
1.980000e-06	4.149062e-06	8.719950e-09	2.873280e+01	5.684024e+02
1.990000e-06	4.094692e-06	8.569580e-09	2.835628e+01	5.650399e+02
2.000000e-06	4.038812e-06	8.556070e-09	2.796930e+01	5.614729e+02
2.010000e-06	3.981581e-06	8.509135e-09	2.757297e+01	5.577408e+02
2.020000e-06	3.923121e-06	8.477386e-09	2.716813e+01	5.539005e+02
2.030000e-06	3.863261e-06	8.429129e-09	2.675359e+01	5.500070e+02
2.040000e-06	3.801873e-06	8.252200e-09	2.632847e+01	5.460888e+02
2.050000e-06	3.739000e-06	8.273827e-09	2.589307e+01	5.421306e+02
2.060000e-06	3.674882e-06	8.234734e-09	2.544904e+01	5.380736e+02
2.070000e-06	3.609541e-06	8.166415e-09	2.499655e+01	5.338364e+02
2.080000e-06	3.542897e-06	8.077160e-09	2.453503e+01	5.293477e+02
2.090000e-06	3.475117e-06	7.950995e-09	2.406564e+01	5.245773e+02
2.100000e-06	3.405893e-06	7.950371e-09	2.358625e+01	5.195481e+02
2.110000e-06	3.335146e-06	7.861641e-09	2.309633e+01	5.143258e+02
2.120000e-06	3.263245e-06	7.771052e-09	2.259840e+01	5.089889e+02
2.130000e-06	3.190315e-06	7.656942e-09	2.209335e+01	5.035938e+02
2.140000e-06	3.116364e-06	7.574349e-09	2.158123e+01	4.981516e+02
2.150000e-06	3.041162e-06	7.550969e-09	2.106045e+01	4.926242e+02
2.160000e-06	2.964580e-06	7.439977e-09	2.053011e+01	4.869421e+02
2.170000e-06	2.886676e-06	7.333094e-09	1.999061e+01	4.810336e+02
2.180000e-06	2.807660e-06	7.209807e-09	1.944342e+01	4.748523e+02
2.190000e-06	2.727732e-06	7.141478e-09	1.888990e+01	4.683911e+02
2.200000e-06	2.646918e-06	7.068274e-09	1.833026e+01	4.616791e+02
2.210000e-06	2.565227e-06	6.935520e-09	1.776453e+01	4.547653e+02
2.220000e-06	2.482667e-06	6.811431e-09	1.719280e+01	4.476968e+02
2.230000e-06	2.399358e-06	6.694519e-09	1.661587e+01	4.405021e+02
2.240000e-06	2.315293e-06	6.620580e-09	1.603371e+01	4.331827e+02
2.250000e-06	2.230256e-06	6.506997e-09	1.544482e+01	4.257147e+02
2.260000e-06	2.144227e-06	6.366393e-09	1.484905e+01	4.180550e+02
2.270000e-06	2.057349e-06	6.230717e-09	1.424741e+01	4.101518e+02
2.280000e-06	1.969734e-06	6.118792e-09	1.364067e+01	4.019556e+02
2.290000e-06	1.881500e-06	6.021871e-09	1.302963e+01	3.934309e+02
2.300000e-06	1.792739e-06	5.873668e-09	1.241495e+01	3.845671e+02
2.310000e-06	1.703380e-06	5.709598e-09	1.179613e+01	3.753836e+02
2.320000e-06	1.613369e-06	5.559277e-09	1.117279e+01	3.659241e+02
2.330000e-06	1.522846e-06	5.436219e-09	1.054591e+01	3.562392e+02
2.340000e-06	1.431959e-06	5.297415e-09	9.916501e+00	3.463614e+02
2.350000e-06	1.340762e-06	5.122676e-09	9.284953e+00	3.362846e+02
2.360000e-06	1.249084e-06	4.950734e-09	8.650068e+00	3.259593e+02
2.370000e-06	1.156838e-06	4.802061e-09	8.011258e+00	3.153100e+02
2.380000e-06	1.064204e-06	4.659079e-09	7.369754e+00	3.042663e+02
2.390000e-06	9.711622e-07	4.480221e-09	6.725426e+00	2.927931e+02
2.400000e-06	8.775637e-07	4.275209e-09	6.077244e+00	2.809037e+02
2.410000e-06	7.834671e-07	4.076189e-09	5.425613e+00	2.686468e+02
2.420000e-06	6.890457e-07	3.900796e-09	4.771732e+00	2.560756e+02
2.430000e-06	5.944204e-07	3.720147e-09	4.116440e+00	2.432155e+02
2.440000e-06	4.997006e-07	3.508035e-09	3.460492e+00	2.300488e+02
2.450000e-06	4.048355e-07	3.288938e-09	2.803539e+00	2.165226e+02
2.460000e-06	3.097820e-07	3.083863e-09	2.145281e+00	2.025751e+02
2.470000e-06	2.146292e-07	2.882793e-09	1.486335e+00	1.881616e+02
2.480000e-06	1.194707e-07	2.655554e-09	8.273506e-01	1.732675e+02
2.490000e-06	2.428924e-08	2.402846e-09	1.682062e-01	1.579021e+02
2.500000e-06	-7.091152e-08	2.154048e-09	-4.910716e-01	1.420804e+02
2.510000e-06	-1.660628e-07	1.920082e-09	-1.150006e+00	1.258065e+02
2.520000e-06	-2.611536e-07	1.676277e-09	-1.808523e+00	1.090690e+02
2.530000e-06	-3.562134e-07	1.404551e-09	-2.466825e+00	9.184976e+01
2.540000e-06	-4.511946e-07	1.122841e-09	-3.124582e+00	7.413756e+01
2.550000e-06	-5.459588e-07	8.510903e-10	-3.780837e+00	5.593727e+01
2.560000e-06	-6.405020e-07	5.832001e-10	-4.435560e+00	3.726877e+01
2.570000e-06	-7.348527e-07	2.940853e-10	-5.088952e+00	1.815837e+01
2.580000e-06	-8.288822e-07	-1.783777e-11	-5.740118e+00	-1.369716e+00
2.590000e-06	-9.224370e-07	-3.288866e-10	-6.387998e+00	-2.129419e+01
2.600000e-06	-1.015509e-06	-6.282064e-10	-7.032530e+00	-4.158830e+01
2.610000e-06	-1.108039e-06	-9.319527e-10	-7.673313e+00	-6.220666e+01
2.620000e-06	-1.200066e-06	-1.255530e-09	-8.310612e+00	-8.307511e+01
2.630000e-06	-1.291679e-06	-1.587355e-09	-8.945045e+00	-1.040898e+02
2.640000e-06	-1.382898e-06	-1.905693e-09	-9.576753e+00	-1.251267e+02
2.650000e-06	-1.473742e-06	-2.212209e-09	-1.020586e+01	-1.460580e+02
2.660000e-06	-1.564129e-06	-2.525711e-09	-1.083180e+01	-1.667692e+02
2.670000e-06	-1.653972e-06	-2.848384e-09	-1.145397e+01	-1.871692e+02
2.680000e-06	-1.743184e-06	-3.161822e-09	-1.207178e+01	-2.071911e+02
2.690000e-06	-1.831741e-06	-3.453537e-09	-1.268505e+01	-2.267831e+02
2.700000e-06	-1.919681e-06	-3.736859e-09	-1.329404e+01	-2.458942e+02
2.710000e-06	-2.007095e-06	-4.025521e-09	-1.389940e+01	-2.644627e+02
2.720000e-06	-2.093995e-06	-4.310146e-09	-1.450119e+01	-2.824141e+02
2.730000e-06	-2.180044e-06	-4.573439e-09	-1.509709e+01	-2.996731e+02
2.740000e-06	-2.264965e-06	-4.813405e-09	-1.568518e+01	-3.161845e+02
2.750000e-06	-2.348915e-06	-5.047481e-09	-1.626655e+01	-3.319325e+02
2.760000e-06	-2.432158e-06	-5.284169e-09	-1.684301e+01	-3.469475e+02
2.770000e-06	-2.514706e-06	-5.510467e-09	-1.741467e+01	-3.612919e+02
2.780000e-06	-2.596407e-06	-5.716660e-09	-1.798046e+01	-3.750305e+02
2.790000e-06	-2.677174e-06	-5.912200e-09	-1.853978e+01	-3.882011e+02
2.800000e-06	-2.757083e-06	-6.109371e-09	-1.909316e+01	-4.008002e+02
2.810000e-06	-2.836176e-06	-6.302672e-09	-1.964089e+01	-4.127951e+02
2.820000e-06	-2.914178e-06	-6.475931e-09	-2.018107e+01	-4.241535e+02
2.830000e-06	-2.990780e-06	-6.627668e-09	-2.071154e+01	-4.348748e+02
2.840000e-06	-3.066054e-06	-6.773391e-09	-2.123283e+01	-4.450025e+02
2.850000e-06	-3.140186e-06	-6.923710e-09	-2.174620e+01	-4.546106e+02
2.860000e-06	-3.213224e-06	-7.071867e-09	-2.225200e+01	-4.637722e+02
2.870000e-06	-3.285231e-06	-7.205747e-09	-2.275066e+01	-4.725311e+02
2.880000e-06	-3.356198e-06	-7.328878e-09	-2.324212e+01	-4.808930e+02
2.890000e-06	-3.425804e-06	-7.453393e-09	-2.372414e+01	-4.888420e+02
2.900000e-06	-3.493917e-06	-7.577271e-09	-2.419583e+01	-4.963692e+02
2.910000e-06	-3.560767e-06	-7.685692e-09	-2.465878e+01	-5.034929e+02
2.920000e-06	-3.626464e-06	-7.778083e-09	-2.511374e+01	-5.102580e+02
2.930000e-06	-3.690999e-06	-7.867948e-09	-2.556066e+01	-5.167148e+02
2.940000e-06	-3.754416e-06	-7.962848e-09	-2.599982e+01	-5.228930e+02
2.950000e-06	-3.816438e-06	-8.059103e-09	-2.642934e+01	-5.287896e+02
2.960000e-06	-3.876788e-06	-8.145971e-09	-2.684727e+01	-5.343796e+02
2.970000e-06	-3.935807e-06	-8.223853e-09	-2.725598e+01	-5.396417e+02
2.980000e-06	-3.993638e-06	-8.301036e-09	-2.765647e+01	-5.445825e+02
2.990000e-06	-4.050076e-06	-8.378362e-09	-2.804731e+01	-5.492432e+02
3.000000e-06	-4.105086e-06	-8.448423e-09	-2.842826e+01	-5.536841e+02
3.010000e-06	-4.158345e-06	-8.506233e-09	-2.879709e+01	-5.579579e+02
3.020000e-06	-4.209756e-06	-8.559213e-09	-2.915311e+01	-5.620875e+02
3.030000e-06	-4.259588e-06	-8.620153e-09	-2.949821e+01	-5.660602e+02
3.040000e-06	-4.307601e-06	-8.686006e-09	-2.983070e+01	-5.698402e+02
3.050000e-06	-4.353818e-06	-8.745002e-09	-3.015076e+01	-5.733895e+02
3.060000e-06	-4.398617e-06	-8.793373e-09	-3.046100e+01	-5.766875e+02
3.070000e-06	-4.442116e-06	-8.840252e-09	-3.076224e+01	-5.797404e+02
3.080000e-06	-4.484253e-06	-8.888427e-09	-3.105404e+01	-5.825799e+02
3.090000e-06	-4.524912e-06	-8.931453e-09	-3.133561e+01	-5.852540e+02
3.100000e-06	-4.564091e-06	-8.965466e-09	-3.160693e+01	-5.878129e+02
3.110000e-06	-4.601577e-06	-8.997314e-09	-3.186653e+01	-5.902934e+02
3.120000e-06	-4.637276e-06	-9.035584e-09	-3.211374e+01	-5.927048e+02
3.130000e-06	-4.671345e-06	-9.078120e-09	-3.234968e+01	-5.950218e+02
3.140000e-06	-4.703904e-06	-9.113809e-09	-3.257516e+01	-5.971919e+02
3.150000e-06	-4.734958e-06	-9.139018e-09	-3.279021e+01	-5.991564e+02
3.160000e-06	-4.764181e-06	-9.164296e-09	-3.299258e+01	-6.008807e+02
3.170000e-06	-4.791597e-06	-9.191884e-09	-3.318244e+01	-6.023773e+02
3.180000e-06	-4.817385e-06	-9.214915e-09	-3.336103e+01	-6.037069e+02
3.190000e-06	-4.841558e-06	-9.231397e-09	-3.352843e+01	-6.049553e+02
3.200000e-06	-4.864055e-06	-9.246609e-09	-3.368422e+01	-6.061931e+02
3.210000e-06	-4.884677e-06	-9.264901e-09	-3.382703e+01	-6.074418e+02
3.220000e-06	-4.903548e-06	-9.287078e-09	-3.395772e+01	-6.086647e+02
3.230000e-06	-4.920830e-06	-9.306515e-09	-3.407740e+01	-6.097870e+02
3.240000e-06	-4.936500e-06	-9.320526e-09	-3.418591e+01	-6.107341e+02
3.250000e-06	-4.950213e-06	-9.330342e-09	-3.428087e+01	-6.114666e+02
3.260000e-06	-4.961768e-06	-9.340017e-09	-3.436090e+01	-6.119927e+02
3.270000e-06	-4.971443e-06	-9.347697e-09	-3.442790e+01	-6.123575e+02
3.280000e-06	-4.979485e-06	-9.350473e-09	-3.448359e+01	-6.126181e+02
3.290000e-06	-4.985790e-06	-9.350941e-09	-3.452725e+01	-6.128226e+02
3.300000e-06	-4.990251e-06	-9.353008e-09	-3.455814e+01	-6.130008e+02
3.310000e-06	-4.992992e-06	-9.356884e-09	-3.457712e+01	-6.131651e+02
3.320000e-06	-4.994079e-06	-9.359639e-09	-3.458466e+01	-6.133107e+02
