# Temperatura_=_20.0
# Concentracion g/m^3_=_10000.0
# C_Vs_to_Am_M_A/Vsm_=_65563218390.804596
# pendiente_HvsI_1/m_=_3716.3
# ordenada_HvsI_A/m_=_1297.0
# frecuencia_Hz_=_300940.67772068497

Tiempo_(s)	Campo_(V.s)	Magnetizacion_(V.s)	Campo_(kA/m)	Magnetizacion_(A/m)
0.000000e+00	-4.997431e-06	-9.388277e-09	-3.458118e+01	-6.148766e+02
1.000000e-08	-4.996092e-06	-9.391216e-09	-3.457191e+01	-6.147491e+02
2.000000e-08	-4.992961e-06	-9.390490e-09	-3.455025e+01	-6.145776e+02
3.000000e-08	-4.988170e-06	-9.386419e-09	-3.451709e+01	-6.143419e+02
4.000000e-08	-4.981847e-06	-9.382018e-09	-3.447334e+01	-6.140015e+02
5.000000e-08	-4.974029e-06	-9.376371e-09	-3.441925e+01	-6.135258e+02
6.000000e-08	-4.964606e-06	-9.365218e-09	-3.435404e+01	-6.129199e+02
7.000000e-08	-4.953305e-06	-9.346623e-09	-3.427584e+01	-6.122274e+02
8.000000e-08	-4.940101e-06	-9.328640e-09	-3.418447e+01	-6.115031e+02
9.000000e-08	-4.924821e-06	-9.344592e-09	-3.407873e+01	-6.107725e+02
1.000000e-07	-4.907199e-06	-9.352848e-09	-3.395680e+01	-6.100077e+02
1.100000e-07	-4.887577e-06	-9.329858e-09	-3.382102e+01	-6.091362e+02
1.200000e-07	-4.866403e-06	-9.307751e-09	-3.367449e+01	-6.080837e+02
1.300000e-07	-4.843929e-06	-9.239114e-09	-3.351898e+01	-6.068211e+02
1.400000e-07	-4.820311e-06	-9.236420e-09	-3.335555e+01	-6.053878e+02
1.500000e-07	-4.795117e-06	-9.279425e-09	-3.318121e+01	-6.038739e+02
1.600000e-07	-4.768035e-06	-9.179303e-09	-3.299381e+01	-6.023721e+02
1.700000e-07	-4.739411e-06	-9.160232e-09	-3.279574e+01	-6.009288e+02
1.800000e-07	-4.709159e-06	-9.194867e-09	-3.258640e+01	-5.995209e+02
1.900000e-07	-4.677320e-06	-9.113934e-09	-3.236608e+01	-5.980723e+02
2.000000e-07	-4.644218e-06	-9.126061e-09	-3.213702e+01	-5.964922e+02
2.100000e-07	-4.609422e-06	-9.122719e-09	-3.189624e+01	-5.947142e+02
2.200000e-07	-4.572800e-06	-9.019560e-09	-3.164282e+01	-5.927142e+02
2.300000e-07	-4.534489e-06	-9.005873e-09	-3.137772e+01	-5.905051e+02
2.400000e-07	-4.494591e-06	-8.992941e-09	-3.110163e+01	-5.881201e+02
2.500000e-07	-4.453150e-06	-8.944859e-09	-3.081487e+01	-5.855980e+02
2.600000e-07	-4.409838e-06	-8.905225e-09	-3.051516e+01	-5.829771e+02
2.700000e-07	-4.364726e-06	-8.828957e-09	-3.020300e+01	-5.802908e+02
2.800000e-07	-4.318174e-06	-8.810555e-09	-2.988086e+01	-5.775585e+02
2.900000e-07	-4.270106e-06	-8.802845e-09	-2.954825e+01	-5.747725e+02
3.000000e-07	-4.220118e-06	-8.740878e-09	-2.920233e+01	-5.718908e+02
3.100000e-07	-4.168098e-06	-8.685843e-09	-2.884237e+01	-5.688473e+02
3.200000e-07	-4.114407e-06	-8.633557e-09	-2.847084e+01	-5.655818e+02
3.300000e-07	-4.059409e-06	-8.586979e-09	-2.809027e+01	-5.620749e+02
3.400000e-07	-4.003230e-06	-8.536365e-09	-2.770152e+01	-5.583655e+02
3.500000e-07	-3.945599e-06	-8.474353e-09	-2.730272e+01	-5.545353e+02
3.600000e-07	-3.886241e-06	-8.397329e-09	-2.689198e+01	-5.506661e+02
3.700000e-07	-3.825428e-06	-8.337441e-09	-2.647116e+01	-5.467932e+02
3.800000e-07	-3.763365e-06	-8.310922e-09	-2.604170e+01	-5.428846e+02
3.900000e-07	-3.700027e-06	-8.245380e-09	-2.560341e+01	-5.388579e+02
4.000000e-07	-3.635442e-06	-8.157790e-09	-2.515650e+01	-5.346257e+02
4.100000e-07	-3.569481e-06	-8.084713e-09	-2.470007e+01	-5.301414e+02
4.200000e-07	-3.502065e-06	-8.022301e-09	-2.423356e+01	-5.254165e+02
4.300000e-07	-3.433453e-06	-7.964388e-09	-2.375878e+01	-5.205043e+02
4.400000e-07	-3.363709e-06	-7.876796e-09	-2.327617e+01	-5.154618e+02
4.500000e-07	-3.292757e-06	-7.780409e-09	-2.278519e+01	-5.103183e+02
4.600000e-07	-3.220718e-06	-7.705212e-09	-2.228670e+01	-5.050676e+02
4.700000e-07	-3.147615e-06	-7.637597e-09	-2.178084e+01	-4.996847e+02
4.800000e-07	-3.073128e-06	-7.559306e-09	-2.126541e+01	-4.941486e+02
4.900000e-07	-2.997176e-06	-7.460026e-09	-2.073983e+01	-4.884536e+02
5.000000e-07	-2.920034e-06	-7.364348e-09	-2.020603e+01	-4.826008e+02
5.100000e-07	-2.841820e-06	-7.280913e-09	-1.966480e+01	-4.765805e+02
5.200000e-07	-2.762465e-06	-7.194755e-09	-1.911568e+01	-4.703630e+02
5.300000e-07	-2.681809e-06	-7.088345e-09	-1.855756e+01	-4.639090e+02
5.400000e-07	-2.600062e-06	-6.967463e-09	-1.799189e+01	-4.571938e+02
5.500000e-07	-2.517490e-06	-6.864158e-09	-1.742051e+01	-4.502282e+02
5.600000e-07	-2.434081e-06	-6.770598e-09	-1.684333e+01	-4.430586e+02
5.700000e-07	-2.349984e-06	-6.666655e-09	-1.626140e+01	-4.357437e+02
5.800000e-07	-2.265311e-06	-6.546271e-09	-1.567548e+01	-4.283195e+02
5.900000e-07	-2.179867e-06	-6.423009e-09	-1.508422e+01	-4.207740e+02
6.000000e-07	-2.093700e-06	-6.309219e-09	-1.448797e+01	-4.130487e+02
6.100000e-07	-2.007013e-06	-6.192695e-09	-1.388811e+01	-4.050642e+02
6.200000e-07	-1.919691e-06	-6.061903e-09	-1.328386e+01	-3.967563e+02
6.300000e-07	-1.831667e-06	-5.919389e-09	-1.267475e+01	-3.881026e+02
6.400000e-07	-1.743025e-06	-5.783174e-09	-1.206137e+01	-3.791259e+02
6.500000e-07	-1.653739e-06	-5.653135e-09	-1.144353e+01	-3.698750e+02
6.600000e-07	-1.563812e-06	-5.513808e-09	-1.082125e+01	-3.603963e+02
6.700000e-07	-1.473176e-06	-5.359126e-09	-1.019407e+01	-3.507094e+02
6.800000e-07	-1.381717e-06	-5.199683e-09	-9.561192e+00	-3.407977e+02
6.900000e-07	-1.289642e-06	-5.047493e-09	-8.924055e+00	-3.306161e+02
7.000000e-07	-1.197238e-06	-4.894842e-09	-8.284635e+00	-3.201091e+02
7.100000e-07	-1.104576e-06	-4.727078e-09	-7.643436e+00	-3.092326e+02
7.200000e-07	-1.011592e-06	-4.544683e-09	-7.000008e+00	-2.979682e+02
7.300000e-07	-9.183009e-07	-4.362740e-09	-6.354451e+00	-2.863269e+02
7.400000e-07	-8.247138e-07	-4.188107e-09	-5.706848e+00	-2.743390e+02
7.500000e-07	-7.308267e-07	-4.009382e-09	-5.057168e+00	-2.620346e+02
7.600000e-07	-6.366340e-07	-3.813836e-09	-4.405375e+00	-2.494231e+02
7.700000e-07	-5.421777e-07	-3.608613e-09	-3.751757e+00	-2.364826e+02
7.800000e-07	-4.475999e-07	-3.406675e-09	-3.097298e+00	-2.231650e+02
7.900000e-07	-3.528992e-07	-3.203686e-09	-2.441989e+00	-2.094153e+02
8.000000e-07	-2.580371e-07	-2.985596e-09	-1.785563e+00	-1.951959e+02
8.100000e-07	-1.630376e-07	-2.751490e-09	-1.128186e+00	-1.805003e+02
8.200000e-07	-6.800826e-08	-2.515628e-09	-4.706030e-01	-1.653486e+02
8.300000e-07	2.699887e-08	-2.283556e-09	1.868266e-01	-1.497670e+02
8.400000e-07	1.219848e-07	-2.045382e-09	8.441093e-01	-1.337636e+02
8.500000e-07	2.169311e-07	-1.790788e-09	1.501118e+00	-1.173173e+02
8.600000e-07	3.118511e-07	-1.525558e-09	2.157944e+00	-1.003870e+02
8.700000e-07	4.066582e-07	-1.258793e-09	2.813990e+00	-8.293453e+01
8.800000e-07	5.012938e-07	-9.880306e-10	3.468848e+00	-6.494833e+01
8.900000e-07	5.957922e-07	-7.061659e-10	4.122758e+00	-4.645088e+01
9.000000e-07	6.900764e-07	-4.109919e-10	4.775185e+00	-2.748721e+01
9.100000e-07	7.840267e-07	-1.103678e-10	5.425301e+00	-8.103223e+00
9.200000e-07	8.776805e-07	1.900363e-10	6.073366e+00	1.167034e+01
9.300000e-07	9.710775e-07	4.937519e-10	6.719654e+00	3.181645e+01
9.400000e-07	1.064171e-06	8.076976e-10	7.363840e+00	5.231378e+01
9.500000e-07	1.156928e-06	1.129579e-09	8.005701e+00	7.311393e+01
9.600000e-07	1.249358e-06	1.450101e-09	8.645298e+00	9.412916e+01
9.700000e-07	1.341429e-06	1.767784e-09	9.282407e+00	1.152386e+02
9.800000e-07	1.433030e-06	2.088285e-09	9.916269e+00	1.363090e+02
9.900000e-07	1.524111e-06	2.412850e-09	1.054653e+01	1.572185e+02
1.000000e-06	1.614567e-06	2.733009e-09	1.117247e+01	1.778702e+02
1.010000e-06	1.704263e-06	3.041937e-09	1.179314e+01	1.981913e+02
1.020000e-06	1.793193e-06	3.342485e-09	1.240852e+01	2.181222e+02
1.030000e-06	1.881399e-06	3.639146e-09	1.301889e+01	2.376028e+02
1.040000e-06	1.968983e-06	3.930003e-09	1.362495e+01	2.565653e+02
1.050000e-06	2.056005e-06	4.209230e-09	1.422712e+01	2.749355e+02
1.060000e-06	2.142382e-06	4.474905e-09	1.482484e+01	2.926418e+02
1.070000e-06	2.228050e-06	4.731972e-09	1.541764e+01	3.096265e+02
1.080000e-06	2.313011e-06	4.983432e-09	1.600555e+01	3.258585e+02
1.090000e-06	2.397271e-06	5.224803e-09	1.658862e+01	3.413402e+02
1.100000e-06	2.480766e-06	5.450971e-09	1.716638e+01	3.561071e+02
1.110000e-06	2.563391e-06	5.662938e-09	1.773813e+01	3.702169e+02
1.120000e-06	2.645046e-06	5.867007e-09	1.830316e+01	3.837285e+02
1.130000e-06	2.725723e-06	6.064953e-09	1.886144e+01	3.966789e+02
1.140000e-06	2.805436e-06	6.255135e-09	1.941303e+01	4.090694e+02
1.150000e-06	2.884057e-06	6.432530e-09	1.995708e+01	4.208695e+02
1.160000e-06	2.961635e-06	6.599700e-09	2.049389e+01	4.320394e+02
1.170000e-06	3.038240e-06	6.762731e-09	2.102399e+01	4.425614e+02
1.180000e-06	3.113670e-06	6.919902e-09	2.154594e+01	4.524631e+02
1.190000e-06	3.187674e-06	7.066773e-09	2.205804e+01	4.618170e+02
1.200000e-06	3.260347e-06	7.200280e-09	2.256092e+01	4.707182e+02
1.210000e-06	3.331894e-06	7.326763e-09	2.305601e+01	4.792490e+02
1.220000e-06	3.402324e-06	7.451514e-09	2.354337e+01	4.874516e+02
1.230000e-06	3.471611e-06	7.572457e-09	2.402282e+01	4.953223e+02
1.240000e-06	3.539800e-06	7.685398e-09	2.449468e+01	5.028276e+02
1.250000e-06	3.606737e-06	7.790444e-09	2.495787e+01	5.099325e+02
1.260000e-06	3.672178e-06	7.894997e-09	2.541071e+01	5.166231e+02
1.270000e-06	3.736230e-06	7.998633e-09	2.585393e+01	5.229150e+02
1.280000e-06	3.799080e-06	8.092734e-09	2.628884e+01	5.288466e+02
1.290000e-06	3.860748e-06	8.175556e-09	2.671557e+01	5.344653e+02
1.300000e-06	3.921211e-06	8.252180e-09	2.713396e+01	5.398154e+02
1.310000e-06	3.980344e-06	8.328630e-09	2.754315e+01	5.449322e+02
1.320000e-06	4.037873e-06	8.404376e-09	2.794124e+01	5.498381e+02
1.330000e-06	4.093822e-06	8.475513e-09	2.832840e+01	5.545410e+02
1.340000e-06	4.148380e-06	8.542661e-09	2.870593e+01	5.590332e+02
1.350000e-06	4.201434e-06	8.608867e-09	2.907305e+01	5.632956e+02
1.360000e-06	4.252719e-06	8.673534e-09	2.942793e+01	5.673091e+02
1.370000e-06	4.302162e-06	8.732371e-09	2.977007e+01	5.710696e+02
1.380000e-06	4.349934e-06	8.782539e-09	3.010063e+01	5.745988e+02
1.390000e-06	4.396217e-06	8.828762e-09	3.042090e+01	5.779408e+02
1.400000e-06	4.441137e-06	8.876358e-09	3.073174e+01	5.811450e+02
1.410000e-06	4.484521e-06	8.923983e-09	3.103195e+01	5.842431e+02
1.420000e-06	4.526106e-06	8.968774e-09	3.131971e+01	5.872345e+02
1.430000e-06	4.566038e-06	9.010714e-09	3.159603e+01	5.900900e+02
1.440000e-06	4.604442e-06	9.052250e-09	3.186178e+01	5.927713e+02
1.450000e-06	4.641383e-06	9.093945e-09	3.211741e+01	5.952548e+02
1.460000e-06	4.676788e-06	9.131124e-09	3.236240e+01	5.975439e+02
1.470000e-06	4.710356e-06	9.161188e-09	3.259468e+01	5.996642e+02
1.480000e-06	4.742193e-06	9.187154e-09	3.281499e+01	6.016465e+02
1.490000e-06	4.772473e-06	9.212599e-09	3.302452e+01	6.035106e+02
1.500000e-06	4.801223e-06	9.239828e-09	3.322347e+01	6.052600e+02
1.510000e-06	4.828241e-06	9.266364e-09	3.341042e+01	6.068901e+02
1.520000e-06	4.853327e-06	9.288902e-09	3.358401e+01	6.083983e+02
1.530000e-06	4.876657e-06	9.309022e-09	3.374545e+01	6.097900e+02
1.540000e-06	4.898395e-06	9.329486e-09	3.389587e+01	6.110726e+02
1.550000e-06	4.918633e-06	9.349222e-09	3.403592e+01	6.122478e+02
1.560000e-06	4.937225e-06	9.365198e-09	3.416457e+01	6.133074e+02
1.570000e-06	4.953943e-06	9.376664e-09	3.428025e+01	6.142398e+02
1.580000e-06	4.968796e-06	9.385698e-09	3.438303e+01	6.150410e+02
1.590000e-06	4.981809e-06	9.395244e-09	3.447308e+01	6.157206e+02
1.600000e-06	4.992800e-06	9.404721e-09	3.454913e+01	6.162963e+02
1.610000e-06	5.001754e-06	9.412600e-09	3.461109e+01	6.167803e+02
1.620000e-06	5.008964e-06	9.418760e-09	3.466099e+01	6.171694e+02
1.630000e-06	5.014572e-06	9.423336e-09	3.469979e+01	6.174471e+02
1.640000e-06	5.018524e-06	9.426787e-09	3.472714e+01	6.175996e+02
1.650000e-06	5.020646e-06	9.429192e-09	3.474183e+01	6.176316e+02
1.660000e-06	5.020917e-06	9.428132e-09	3.474370e+01	6.175701e+02
1.670000e-06	5.019503e-06	9.421533e-09	3.473392e+01	6.174488e+02
1.680000e-06	5.016605e-06	9.414602e-09	3.471386e+01	6.172836e+02
1.690000e-06	5.012199e-06	9.408893e-09	3.468337e+01	6.170589e+02
1.700000e-06	5.006004e-06	9.403638e-09	3.464050e+01	6.167355e+02
1.710000e-06	4.998090e-06	9.397015e-09	3.458574e+01	6.162794e+02
1.720000e-06	4.988690e-06	9.391499e-09	3.452069e+01	6.156897e+02
1.730000e-06	4.977779e-06	9.395406e-09	3.444519e+01	6.150056e+02
1.740000e-06	4.965097e-06	9.385013e-09	3.435744e+01	6.142828e+02
1.750000e-06	4.950296e-06	9.336040e-09	3.425502e+01	6.135531e+02
1.760000e-06	4.933134e-06	9.314370e-09	3.413626e+01	6.127964e+02
1.770000e-06	4.913533e-06	9.297975e-09	3.400062e+01	6.119449e+02
1.780000e-06	4.891810e-06	9.326930e-09	3.385031e+01	6.109211e+02
1.790000e-06	4.868867e-06	9.340892e-09	3.369155e+01	6.096872e+02
1.800000e-06	4.845243e-06	9.230577e-09	3.352807e+01	6.082731e+02
1.810000e-06	4.820126e-06	9.250511e-09	3.335426e+01	6.067640e+02
1.820000e-06	4.793251e-06	9.271288e-09	3.316830e+01	6.052558e+02
1.830000e-06	4.765250e-06	9.161831e-09	3.297454e+01	6.038035e+02
1.840000e-06	4.735441e-06	9.194733e-09	3.276827e+01	6.023939e+02
1.850000e-06	4.703355e-06	9.182668e-09	3.254624e+01	6.009564e+02
1.860000e-06	4.669677e-06	9.065517e-09	3.231319e+01	5.993996e+02
1.870000e-06	4.634622e-06	9.122449e-09	3.207062e+01	5.976519e+02
1.880000e-06	4.598082e-06	9.114339e-09	3.181777e+01	5.956832e+02
1.890000e-06	4.559734e-06	9.025326e-09	3.155241e+01	5.935018e+02
1.900000e-06	4.519398e-06	9.014486e-09	3.127330e+01	5.911390e+02
1.910000e-06	4.477640e-06	8.940547e-09	3.098434e+01	5.886337e+02
1.920000e-06	4.434580e-06	8.949974e-09	3.068637e+01	5.860243e+02
1.930000e-06	4.389858e-06	8.934538e-09	3.037690e+01	5.833452e+02
1.940000e-06	4.343592e-06	8.814393e-09	3.005675e+01	5.806188e+02
1.950000e-06	4.295688e-06	8.804765e-09	2.972527e+01	5.778419e+02
1.960000e-06	4.246147e-06	8.756910e-09	2.938245e+01	5.749772e+02
1.970000e-06	4.195066e-06	8.708549e-09	2.902898e+01	5.719605e+02
1.980000e-06	4.142158e-06	8.683149e-09	2.866287e+01	5.687287e+02
1.990000e-06	4.087462e-06	8.593758e-09	2.828439e+01	5.652549e+02
2.000000e-06	4.031239e-06	8.554945e-09	2.789534e+01	5.615697e+02
2.010000e-06	3.973738e-06	8.496067e-09	2.749744e+01	5.577507e+02
2.020000e-06	3.915019e-06	8.454093e-09	2.709112e+01	5.538830e+02
2.030000e-06	3.854923e-06	8.381634e-09	2.667527e+01	5.500106e+02
2.040000e-06	3.793270e-06	8.281639e-09	2.624864e+01	5.461110e+02
2.050000e-06	3.730101e-06	8.266055e-09	2.581152e+01	5.421065e+02
2.060000e-06	3.665677e-06	8.202514e-09	2.536572e+01	5.379074e+02
2.070000e-06	3.599997e-06	8.136174e-09	2.491123e+01	5.334593e+02
2.080000e-06	3.533016e-06	8.046082e-09	2.444773e+01	5.287657e+02
2.090000e-06	3.464871e-06	7.958745e-09	2.397619e+01	5.238760e+02
2.100000e-06	3.395259e-06	7.916746e-09	2.349448e+01	5.188490e+02
2.110000e-06	3.324162e-06	7.826984e-09	2.300251e+01	5.137192e+02
2.120000e-06	3.251981e-06	7.750060e-09	2.250303e+01	5.084848e+02
2.130000e-06	3.178794e-06	7.651239e-09	2.199659e+01	5.031219e+02
2.140000e-06	3.104549e-06	7.571159e-09	2.148283e+01	4.976079e+02
2.150000e-06	3.029024e-06	7.504077e-09	2.096021e+01	4.919351e+02
2.160000e-06	2.952207e-06	7.398931e-09	2.042866e+01	4.861046e+02
2.170000e-06	2.874043e-06	7.303956e-09	1.988778e+01	4.801091e+02
2.180000e-06	2.794713e-06	7.201849e-09	1.933883e+01	4.739218e+02
2.190000e-06	2.714556e-06	7.126223e-09	1.878416e+01	4.675033e+02
2.200000e-06	2.633494e-06	7.030867e-09	1.822323e+01	4.608253e+02
2.210000e-06	2.551522e-06	6.909750e-09	1.765600e+01	4.538928e+02
2.220000e-06	2.468728e-06	6.794630e-09	1.708309e+01	4.467482e+02
2.230000e-06	2.385246e-06	6.682529e-09	1.650540e+01	4.394506e+02
2.240000e-06	2.301038e-06	6.585334e-09	1.592271e+01	4.320411e+02
2.250000e-06	2.215884e-06	6.464647e-09	1.533345e+01	4.245152e+02
2.260000e-06	2.129628e-06	6.338840e-09	1.473658e+01	4.168199e+02
2.270000e-06	2.042444e-06	6.214081e-09	1.413328e+01	4.088766e+02
2.280000e-06	1.954673e-06	6.098270e-09	1.352593e+01	4.006170e+02
2.290000e-06	1.866392e-06	5.981071e-09	1.291504e+01	3.920119e+02
2.300000e-06	1.777505e-06	5.837873e-09	1.229997e+01	3.830782e+02
2.310000e-06	1.687964e-06	5.688651e-09	1.168036e+01	3.738628e+02
2.320000e-06	1.597868e-06	5.541955e-09	1.105691e+01	3.644143e+02
2.330000e-06	1.507297e-06	5.405216e-09	1.043018e+01	3.547569e+02
2.340000e-06	1.416315e-06	5.255910e-09	9.800603e+00	3.448791e+02
2.350000e-06	1.324942e-06	5.090678e-09	9.168324e+00	3.347390e+02
2.360000e-06	1.233107e-06	4.928185e-09	8.532844e+00	3.242812e+02
2.370000e-06	1.140835e-06	4.772300e-09	7.894338e+00	3.134589e+02
2.380000e-06	1.048142e-06	4.612713e-09	7.252925e+00	3.022494e+02
2.390000e-06	9.550131e-07	4.434856e-09	6.608492e+00	2.906600e+02
2.400000e-06	8.613425e-07	4.244231e-09	5.960311e+00	2.787191e+02
2.410000e-06	7.671462e-07	4.052699e-09	5.308492e+00	2.664582e+02
2.420000e-06	6.726621e-07	3.866434e-09	4.654682e+00	2.538907e+02
2.430000e-06	5.780094e-07	3.673181e-09	3.999705e+00	2.409994e+02
2.440000e-06	4.831362e-07	3.466151e-09	3.343202e+00	2.277387e+02
2.450000e-06	3.880634e-07	3.254386e-09	2.685318e+00	2.140532e+02
2.460000e-06	2.928844e-07	3.043445e-09	2.026699e+00	1.999016e+02
2.470000e-06	1.975974e-07	2.829044e-09	1.367333e+00	1.852728e+02
2.480000e-06	1.022824e-07	2.600678e-09	7.077726e-01	1.701841e+02
2.490000e-06	6.960251e-09	2.360399e-09	4.816349e-02	1.546624e+02
2.500000e-06	-8.837122e-08	2.116049e-09	-6.115105e-01	1.387194e+02
2.510000e-06	-1.836527e-07	1.869810e-09	-1.270839e+00	1.223383e+02
2.520000e-06	-2.788954e-07	1.614471e-09	-1.929898e+00	1.054793e+02
2.530000e-06	-3.740509e-07	1.345568e-09	-2.588354e+00	8.810256e+01
2.540000e-06	-4.690556e-07	1.070723e-09	-3.245767e+00	7.019156e+01
2.550000e-06	-5.638751e-07	7.946786e-10	-3.901898e+00	5.176426e+01
2.560000e-06	-6.584611e-07	5.131649e-10	-4.556413e+00	3.286374e+01
2.570000e-06	-7.527972e-07	2.189968e-10	-5.209200e+00	1.353706e+01
2.580000e-06	-8.467669e-07	-8.586227e-11	-5.859451e+00	-6.182501e+00
2.590000e-06	-9.402641e-07	-3.924970e-10	-6.506432e+00	-2.627677e+01
2.600000e-06	-1.033326e-06	-6.995194e-10	-7.150402e+00	-4.672648e+01
2.610000e-06	-1.125958e-06	-1.013459e-09	-7.791394e+00	-6.748822e+01
2.620000e-06	-1.218123e-06	-1.337065e-09	-8.429161e+00	-8.847996e+01
2.630000e-06	-1.309766e-06	-1.661857e-09	-9.063306e+00	-1.095845e+02
2.640000e-06	-1.400917e-06	-1.980114e-09	-9.694053e+00	-1.306689e+02
2.650000e-06	-1.491660e-06	-2.294968e-09	-1.032198e+01	-1.516084e+02
2.660000e-06	-1.581995e-06	-2.610620e-09	-1.094708e+01	-1.723022e+02
2.670000e-06	-1.671793e-06	-2.924954e-09	-1.156846e+01	-1.926748e+02
2.680000e-06	-1.760903e-06	-3.231102e-09	-1.218508e+01	-2.126654e+02
2.690000e-06	-1.849364e-06	-3.526834e-09	-1.279721e+01	-2.322147e+02
2.700000e-06	-1.937299e-06	-3.816959e-09	-1.340571e+01	-2.512561e+02
2.710000e-06	-2.024680e-06	-4.101915e-09	-1.401036e+01	-2.697159e+02
2.720000e-06	-2.111374e-06	-4.377467e-09	-1.461027e+01	-2.875214e+02
2.730000e-06	-2.197237e-06	-4.638094e-09	-1.520443e+01	-3.046123e+02
2.740000e-06	-2.282152e-06	-4.883526e-09	-1.579202e+01	-3.209530e+02
2.750000e-06	-2.366109e-06	-5.118864e-09	-1.637298e+01	-3.365408e+02
2.760000e-06	-2.449250e-06	-5.346521e-09	-1.694830e+01	-3.514071e+02
2.770000e-06	-2.531688e-06	-5.564968e-09	-1.751875e+01	-3.656073e+02
2.780000e-06	-2.613294e-06	-5.771689e-09	-1.808345e+01	-3.792018e+02
2.790000e-06	-2.693984e-06	-5.970376e-09	-1.864181e+01	-3.922318e+02
2.800000e-06	-2.773829e-06	-6.165001e-09	-1.919432e+01	-4.047041e+02
2.810000e-06	-2.852829e-06	-6.349647e-09	-1.974098e+01	-4.165915e+02
2.820000e-06	-2.930685e-06	-6.518419e-09	-2.027973e+01	-4.278537e+02
2.830000e-06	-3.007148e-06	-6.674304e-09	-2.080883e+01	-4.384682e+02
2.840000e-06	-3.082334e-06	-6.823729e-09	-2.132911e+01	-4.484554e+02
2.850000e-06	-3.156352e-06	-6.969760e-09	-2.184130e+01	-4.578823e+02
2.860000e-06	-3.229220e-06	-7.109427e-09	-2.234553e+01	-4.668429e+02
2.870000e-06	-3.301055e-06	-7.240939e-09	-2.284261e+01	-4.754233e+02
2.880000e-06	-3.371771e-06	-7.366868e-09	-2.333195e+01	-4.836725e+02
2.890000e-06	-3.441123e-06	-7.489216e-09	-2.381185e+01	-4.915927e+02
2.900000e-06	-3.509100e-06	-7.606716e-09	-2.428224e+01	-4.991530e+02
2.910000e-06	-3.575872e-06	-7.714777e-09	-2.474429e+01	-5.063170e+02
2.920000e-06	-3.641505e-06	-7.813361e-09	-2.519845e+01	-5.130670e+02
2.930000e-06	-3.705967e-06	-7.907421e-09	-2.564452e+01	-5.194144e+02
2.940000e-06	-3.769183e-06	-7.998287e-09	-2.608196e+01	-5.253950e+02
2.950000e-06	-3.830883e-06	-8.085541e-09	-2.650891e+01	-5.310559e+02
2.960000e-06	-3.891035e-06	-8.169185e-09	-2.692515e+01	-5.364424e+02
2.970000e-06	-3.949881e-06	-8.249502e-09	-2.733235e+01	-5.415912e+02
2.980000e-06	-4.007426e-06	-8.326910e-09	-2.773055e+01	-5.465269e+02
2.990000e-06	-4.063650e-06	-8.402333e-09	-2.811961e+01	-5.512593e+02
3.000000e-06	-4.118410e-06	-8.472297e-09	-2.849854e+01	-5.557831e+02
3.010000e-06	-4.171357e-06	-8.533582e-09	-2.886492e+01	-5.600801e+02
3.020000e-06	-4.222527e-06	-8.589571e-09	-2.921901e+01	-5.641303e+02
3.030000e-06	-4.271956e-06	-8.645883e-09	-2.956104e+01	-5.679267e+02
3.040000e-06	-4.319493e-06	-8.704445e-09	-2.988999e+01	-5.714870e+02
3.050000e-06	-4.365370e-06	-8.760210e-09	-3.020745e+01	-5.748530e+02
3.060000e-06	-4.409882e-06	-8.811429e-09	-3.051547e+01	-5.780748e+02
3.070000e-06	-4.453124e-06	-8.861260e-09	-3.081469e+01	-5.811877e+02
3.080000e-06	-4.495041e-06	-8.908740e-09	-3.110475e+01	-5.841961e+02
3.090000e-06	-4.535504e-06	-8.953570e-09	-3.138475e+01	-5.870738e+02
3.100000e-06	-4.574439e-06	-8.993918e-09	-3.165416e+01	-5.897825e+02
3.110000e-06	-4.611698e-06	-9.029776e-09	-3.191199e+01	-5.922951e+02
3.120000e-06	-4.647196e-06	-9.063159e-09	-3.215763e+01	-5.946111e+02
3.130000e-06	-4.681025e-06	-9.095767e-09	-3.239171e+01	-5.967540e+02
3.140000e-06	-4.713306e-06	-9.127841e-09	-3.261510e+01	-5.987549e+02
3.150000e-06	-4.743957e-06	-9.158180e-09	-3.282720e+01	-6.006357e+02
3.160000e-06	-4.772798e-06	-9.187664e-09	-3.302677e+01	-6.024022e+02
3.170000e-06	-4.799909e-06	-9.214517e-09	-3.321437e+01	-6.040500e+02
3.180000e-06	-4.825391e-06	-9.238856e-09	-3.339070e+01	-6.055759e+02
3.190000e-06	-4.849261e-06	-9.260283e-09	-3.355588e+01	-6.069841e+02
3.200000e-06	-4.871426e-06	-9.278413e-09	-3.370926e+01	-6.082825e+02
3.210000e-06	-4.891747e-06	-9.294954e-09	-3.384987e+01	-6.094738e+02
3.220000e-06	-4.910340e-06	-9.311503e-09	-3.397853e+01	-6.105510e+02
3.230000e-06	-4.927327e-06	-9.328052e-09	-3.409608e+01	-6.115026e+02
3.240000e-06	-4.942593e-06	-9.342808e-09	-3.420171e+01	-6.123227e+02
3.250000e-06	-4.955804e-06	-9.355055e-09	-3.429313e+01	-6.130191e+02
3.260000e-06	-4.966996e-06	-9.365802e-09	-3.437058e+01	-6.136089e+02
3.270000e-06	-4.976479e-06	-9.375300e-09	-3.443620e+01	-6.141063e+02
3.280000e-06	-4.984306e-06	-9.382951e-09	-3.449036e+01	-6.145102e+02
3.290000e-06	-4.990296e-06	-9.385843e-09	-3.453181e+01	-6.148054e+02
3.300000e-06	-4.994396e-06	-9.384383e-09	-3.456018e+01	-6.149764e+02
3.310000e-06	-4.996831e-06	-9.383784e-09	-3.457703e+01	-6.150248e+02
3.320000e-06	-4.997661e-06	-9.385562e-09	-3.458277e+01	-6.149750e+02
