# Temperatura_=_20.0
# Concentracion g/m^3_=_10000.0
# C_Vs_to_Am_M_A/Vsm_=_65563218390.804596
# pendiente_HvsI_1/m_=_3716.3
# ordenada_HvsI_A/m_=_1297.0
# frecuencia_Hz_=_300940.3406209619

Tiempo_(s)	Campo_(V.s)	Magnetizacion_(V.s)	Campo_(kA/m)	Magnetizacion_(A/m)
0.000000e+00	-4.989491e-06	-9.427432e-09	-3.458047e+01	-6.173908e+02
1.000000e-08	-4.988329e-06	-9.430244e-09	-3.457242e+01	-6.173430e+02
2.000000e-08	-4.985298e-06	-9.431117e-09	-3.455141e+01	-6.172579e+02
3.000000e-08	-4.980591e-06	-9.429426e-09	-3.451879e+01	-6.170872e+02
4.000000e-08	-4.974415e-06	-9.425961e-09	-3.447598e+01	-6.167639e+02
5.000000e-08	-4.966713e-06	-9.418539e-09	-3.442260e+01	-6.162467e+02
6.000000e-08	-4.957411e-06	-9.405478e-09	-3.435814e+01	-6.155594e+02
7.000000e-08	-4.946245e-06	-9.384166e-09	-3.428075e+01	-6.147894e+02
8.000000e-08	-4.933231e-06	-9.357783e-09	-3.419055e+01	-6.140422e+02
9.000000e-08	-4.918185e-06	-9.388140e-09	-3.408628e+01	-6.133733e+02
1.000000e-07	-4.900712e-06	-9.412197e-09	-3.396517e+01	-6.127411e+02
1.100000e-07	-4.881144e-06	-9.378314e-09	-3.382956e+01	-6.120172e+02
1.200000e-07	-4.860030e-06	-9.357149e-09	-3.368322e+01	-6.110528e+02
1.300000e-07	-4.837705e-06	-9.254406e-09	-3.352849e+01	-6.097676e+02
1.400000e-07	-4.814228e-06	-9.249789e-09	-3.336578e+01	-6.082065e+02
1.500000e-07	-4.789191e-06	-9.362781e-09	-3.319226e+01	-6.065269e+02
1.600000e-07	-4.762281e-06	-9.202207e-09	-3.300576e+01	-6.049197e+02
1.700000e-07	-4.733828e-06	-9.163363e-09	-3.280856e+01	-6.035071e+02
1.800000e-07	-4.703745e-06	-9.269735e-09	-3.260006e+01	-6.022734e+02
1.900000e-07	-4.672006e-06	-9.135567e-09	-3.238009e+01	-6.010705e+02
2.000000e-07	-4.639024e-06	-9.154535e-09	-3.215150e+01	-5.996913e+02
2.100000e-07	-4.604336e-06	-9.203207e-09	-3.191109e+01	-5.979716e+02
2.200000e-07	-4.567770e-06	-9.035405e-09	-3.165767e+01	-5.958643e+02
2.300000e-07	-4.529582e-06	-9.019049e-09	-3.139299e+01	-5.934492e+02
2.400000e-07	-4.489825e-06	-9.041710e-09	-3.111745e+01	-5.908805e+02
2.500000e-07	-4.448558e-06	-8.974492e-09	-3.083145e+01	-5.883044e+02
2.600000e-07	-4.405414e-06	-8.953489e-09	-3.053243e+01	-5.857927e+02
2.700000e-07	-4.360489e-06	-8.862454e-09	-3.022107e+01	-5.833212e+02
2.800000e-07	-4.314135e-06	-8.834772e-09	-2.989981e+01	-5.807959e+02
2.900000e-07	-4.266262e-06	-8.856402e-09	-2.956801e+01	-5.781052e+02
3.000000e-07	-4.216562e-06	-8.789622e-09	-2.922356e+01	-5.751694e+02
3.100000e-07	-4.164819e-06	-8.713699e-09	-2.886495e+01	-5.719678e+02
3.200000e-07	-4.111345e-06	-8.655470e-09	-2.849433e+01	-5.685363e+02
3.300000e-07	-4.056513e-06	-8.622730e-09	-2.811431e+01	-5.649457e+02
3.400000e-07	-4.000489e-06	-8.575072e-09	-2.772604e+01	-5.612706e+02
3.500000e-07	-3.943069e-06	-8.515679e-09	-2.732807e+01	-5.575614e+02
3.600000e-07	-3.883881e-06	-8.437613e-09	-2.691786e+01	-5.538264e+02
3.700000e-07	-3.823197e-06	-8.361970e-09	-2.649728e+01	-5.500288e+02
3.800000e-07	-3.761358e-06	-8.353698e-09	-2.606870e+01	-5.461003e+02
3.900000e-07	-3.698275e-06	-8.297629e-09	-2.563149e+01	-5.419678e+02
4.000000e-07	-3.633962e-06	-8.184460e-09	-2.518576e+01	-5.375850e+02
4.100000e-07	-3.568304e-06	-8.101157e-09	-2.473070e+01	-5.329526e+02
4.200000e-07	-3.501100e-06	-8.041103e-09	-2.426493e+01	-5.281188e+02
4.300000e-07	-3.432601e-06	-7.999280e-09	-2.379019e+01	-5.231541e+02
4.400000e-07	-3.362992e-06	-7.918660e-09	-2.330776e+01	-5.181157e+02
4.500000e-07	-3.292156e-06	-7.811070e-09	-2.281682e+01	-5.130172e+02
4.600000e-07	-3.220230e-06	-7.733490e-09	-2.231832e+01	-5.078221e+02
4.700000e-07	-3.147376e-06	-7.671186e-09	-2.181340e+01	-5.024640e+02
4.800000e-07	-3.073263e-06	-7.598673e-09	-2.129974e+01	-4.968816e+02
4.900000e-07	-2.997595e-06	-7.487606e-09	-2.077532e+01	-4.910481e+02
5.000000e-07	-2.920643e-06	-7.378643e-09	-2.024199e+01	-4.849801e+02
5.100000e-07	-2.842659e-06	-7.297337e-09	-1.970151e+01	-4.787211e+02
5.200000e-07	-2.763552e-06	-7.220844e-09	-1.915324e+01	-4.723124e+02
5.300000e-07	-2.683153e-06	-7.119646e-09	-1.859602e+01	-4.657696e+02
5.400000e-07	-2.601623e-06	-6.986775e-09	-1.803097e+01	-4.590764e+02
5.500000e-07	-2.519233e-06	-6.875944e-09	-1.745995e+01	-4.521980e+02
5.600000e-07	-2.436028e-06	-6.789579e-09	-1.688328e+01	-4.451022e+02
5.700000e-07	-2.352102e-06	-6.693969e-09	-1.630162e+01	-4.377749e+02
5.800000e-07	-2.267539e-06	-6.568587e-09	-1.571554e+01	-4.302212e+02
5.900000e-07	-2.182255e-06	-6.434189e-09	-1.512447e+01	-4.224538e+02
6.000000e-07	-2.096237e-06	-6.318054e-09	-1.452831e+01	-4.144793e+02
6.100000e-07	-2.009609e-06	-6.205588e-09	-1.392792e+01	-4.062890e+02
6.200000e-07	-1.922399e-06	-6.074062e-09	-1.332350e+01	-3.978624e+02
6.300000e-07	-1.834521e-06	-5.919529e-09	-1.271444e+01	-3.891762e+02
6.400000e-07	-1.746042e-06	-5.774799e-09	-1.210122e+01	-3.802143e+02
6.500000e-07	-1.657045e-06	-5.651259e-09	-1.148442e+01	-3.709719e+02
6.600000e-07	-1.567408e-06	-5.523811e-09	-1.086317e+01	-3.614515e+02
6.700000e-07	-1.477012e-06	-5.369370e-09	-1.023667e+01	-3.516556e+02
6.800000e-07	-1.385797e-06	-5.198795e-09	-9.604489e+00	-3.415799e+02
6.900000e-07	-1.293933e-06	-5.039451e-09	-8.967811e+00	-3.312106e+02
7.000000e-07	-1.201696e-06	-4.888479e-09	-8.328550e+00	-3.205273e+02
7.100000e-07	-1.109213e-06	-4.720344e-09	-7.687578e+00	-3.095097e+02
7.200000e-07	-1.016480e-06	-4.529431e-09	-7.044876e+00	-2.981439e+02
7.300000e-07	-9.234284e-07	-4.340571e-09	-6.399969e+00	-2.864260e+02
7.400000e-07	-8.300283e-07	-4.169065e-09	-5.752645e+00	-2.743612e+02
7.500000e-07	-7.363364e-07	-3.998150e-09	-5.103298e+00	-2.619573e+02
7.600000e-07	-6.423811e-07	-3.802635e-09	-4.452126e+00	-2.492162e+02
7.700000e-07	-5.481416e-07	-3.590939e-09	-3.798984e+00	-2.361261e+02
7.800000e-07	-4.537176e-07	-3.383253e-09	-3.144563e+00	-2.226589e+02
7.900000e-07	-3.591703e-07	-3.178265e-09	-2.489288e+00	-2.087759e+02
8.000000e-07	-2.644807e-07	-2.959932e-09	-1.833026e+00	-1.944386e+02
8.100000e-07	-1.696720e-07	-2.721974e-09	-1.175939e+00	-1.796213e+02
8.200000e-07	-7.479627e-08	-2.480225e-09	-5.183876e-01	-1.643175e+02
8.300000e-07	2.007979e-08	-2.246967e-09	1.391662e-01	-1.485374e+02
8.400000e-07	1.148926e-07	-2.011781e-09	7.962818e-01	-1.322967e+02
8.500000e-07	2.096899e-07	-1.757124e-09	1.453289e+00	-1.156048e+02
8.600000e-07	3.044607e-07	-1.487141e-09	2.110114e+00	-9.845678e+01
8.700000e-07	3.990731e-07	-1.215125e-09	2.765840e+00	-8.083610e+01
8.800000e-07	4.935400e-07	-9.429846e-10	3.420558e+00	-6.272416e+01
8.900000e-07	5.878864e-07	-6.602482e-10	4.074441e+00	-4.411164e+01
9.000000e-07	6.820286e-07	-3.609076e-10	4.726909e+00	-2.500500e+01
9.100000e-07	7.758873e-07	-5.550222e-11	5.377412e+00	-5.426099e+00
9.200000e-07	8.694073e-07	2.459553e-10	6.025567e+00	1.459196e+01
9.300000e-07	9.626373e-07	5.477330e-10	6.671713e+00	3.500724e+01
9.400000e-07	1.055632e-06	8.635840e-10	7.316228e+00	5.576591e+01
9.500000e-07	1.148342e-06	1.192110e-09	7.958766e+00	7.679531e+01
9.600000e-07	1.240708e-06	1.519210e-09	8.598925e+00	9.799915e+01
9.700000e-07	1.332666e-06	1.838226e-09	9.236256e+00	1.192610e+02
9.800000e-07	1.424137e-06	2.157692e-09	9.870208e+00	1.404576e+02
9.900000e-07	1.515028e-06	2.484220e-09	1.050014e+01	1.614764e+02
1.000000e-06	1.605244e-06	2.809095e-09	1.112540e+01	1.822288e+02
1.010000e-06	1.694667e-06	3.120572e-09	1.174517e+01	2.026501e+02
1.020000e-06	1.783379e-06	3.418648e-09	1.236000e+01	2.226875e+02
1.030000e-06	1.871530e-06	3.713793e-09	1.297094e+01	2.422807e+02
1.040000e-06	1.959124e-06	4.006107e-09	1.357803e+01	2.613497e+02
1.050000e-06	2.046094e-06	4.287459e-09	1.418078e+01	2.797965e+02
1.060000e-06	2.132346e-06	4.553058e-09	1.477857e+01	2.975249e+02
1.070000e-06	2.217923e-06	4.806662e-09	1.537167e+01	3.144669e+02
1.080000e-06	2.302834e-06	5.056627e-09	1.596016e+01	3.306048e+02
1.090000e-06	2.387077e-06	5.299168e-09	1.654402e+01	3.459748e+02
1.100000e-06	2.470565e-06	5.523839e-09	1.712265e+01	3.606497e+02
1.110000e-06	2.553102e-06	5.732899e-09	1.769468e+01	3.747069e+02
1.120000e-06	2.634717e-06	5.934701e-09	1.826033e+01	3.881968e+02
1.130000e-06	2.715392e-06	6.132848e-09	1.881946e+01	4.011252e+02
1.140000e-06	2.794983e-06	6.322672e-09	1.937108e+01	4.134603e+02
1.150000e-06	2.873505e-06	6.497105e-09	1.991529e+01	4.251573e+02
1.160000e-06	2.951006e-06	6.661281e-09	2.045242e+01	4.361913e+02
1.170000e-06	3.027503e-06	6.823249e-09	2.098259e+01	4.465799e+02
1.180000e-06	3.102867e-06	6.981497e-09	2.150492e+01	4.563858e+02
1.190000e-06	3.176849e-06	7.128374e-09	2.201766e+01	4.656980e+02
1.200000e-06	3.249494e-06	7.260515e-09	2.252114e+01	4.746010e+02
1.210000e-06	3.321020e-06	7.385904e-09	2.301687e+01	4.831483e+02
1.220000e-06	3.391433e-06	7.510803e-09	2.350487e+01	4.913512e+02
1.230000e-06	3.460718e-06	7.630602e-09	2.398506e+01	4.991873e+02
1.240000e-06	3.528926e-06	7.741247e-09	2.445779e+01	5.066240e+02
1.250000e-06	3.595792e-06	7.845568e-09	2.492121e+01	5.136426e+02
1.260000e-06	3.661105e-06	7.950668e-09	2.537387e+01	5.202528e+02
1.270000e-06	3.725152e-06	8.054951e-09	2.581777e+01	5.264918e+02
1.280000e-06	3.788056e-06	8.149001e-09	2.625373e+01	5.324097e+02
1.290000e-06	3.849683e-06	8.230348e-09	2.668085e+01	5.380522e+02
1.300000e-06	3.910150e-06	8.306523e-09	2.709993e+01	5.434468e+02
1.310000e-06	3.969333e-06	8.385007e-09	2.751010e+01	5.486004e+02
1.320000e-06	4.026891e-06	8.463202e-09	2.790902e+01	5.535066e+02
1.330000e-06	4.082881e-06	8.533527e-09	2.829706e+01	5.581582e+02
1.340000e-06	4.137488e-06	8.596973e-09	2.867553e+01	5.625576e+02
1.350000e-06	4.190634e-06	8.660962e-09	2.904386e+01	5.667207e+02
1.360000e-06	4.241975e-06	8.725362e-09	2.939969e+01	5.706719e+02
1.370000e-06	4.291410e-06	8.783508e-09	2.974230e+01	5.744342e+02
1.380000e-06	4.339219e-06	8.833360e-09	3.007365e+01	5.780191e+02
1.390000e-06	4.385522e-06	8.881731e-09	3.039457e+01	5.814227e+02
1.400000e-06	4.430410e-06	8.932920e-09	3.070567e+01	5.846310e+02
1.410000e-06	4.473808e-06	8.981459e-09	3.100645e+01	5.876331e+02
1.420000e-06	4.515439e-06	9.022751e-09	3.129498e+01	5.904348e+02
1.430000e-06	4.555419e-06	9.059141e-09	3.157206e+01	5.930649e+02
1.440000e-06	4.593893e-06	9.095458e-09	3.183871e+01	5.955672e+02
1.450000e-06	4.630901e-06	9.135610e-09	3.209520e+01	5.979815e+02
1.460000e-06	4.666383e-06	9.174483e-09	3.234112e+01	6.003218e+02
1.470000e-06	4.700059e-06	9.206404e-09	3.257451e+01	6.025662e+02
1.480000e-06	4.731970e-06	9.235397e-09	3.279568e+01	6.046661e+02
1.490000e-06	4.762305e-06	9.264327e-09	3.300592e+01	6.065733e+02
1.500000e-06	4.791124e-06	9.291358e-09	3.320566e+01	6.082688e+02
1.510000e-06	4.818296e-06	9.313057e-09	3.339398e+01	6.097777e+02
1.520000e-06	4.843558e-06	9.328191e-09	3.356905e+01	6.111587e+02
1.530000e-06	4.867009e-06	9.342974e-09	3.373159e+01	6.124730e+02
1.540000e-06	4.888881e-06	9.362840e-09	3.388318e+01	6.137502e+02
1.550000e-06	4.909248e-06	9.384609e-09	3.402433e+01	6.149733e+02
1.560000e-06	4.927940e-06	9.402610e-09	3.415388e+01	6.160904e+02
1.570000e-06	4.944758e-06	9.416314e-09	3.427044e+01	6.170480e+02
1.580000e-06	4.959734e-06	9.426553e-09	3.437423e+01	6.178218e+02
1.590000e-06	4.972915e-06	9.435965e-09	3.446559e+01	6.184286e+02
1.600000e-06	4.984102e-06	9.443492e-09	3.454312e+01	6.189109e+02
1.610000e-06	4.993229e-06	9.446817e-09	3.460638e+01	6.193072e+02
1.620000e-06	5.000578e-06	9.449219e-09	3.465731e+01	6.196311e+02
1.630000e-06	5.006277e-06	9.452949e-09	3.469681e+01	6.198723e+02
1.640000e-06	5.010347e-06	9.457651e-09	3.472502e+01	6.200172e+02
1.650000e-06	5.012618e-06	9.461970e-09	3.474076e+01	6.200711e+02
1.660000e-06	5.013043e-06	9.463553e-09	3.474370e+01	6.200614e+02
1.670000e-06	5.011827e-06	9.458518e-09	3.473528e+01	6.200174e+02
1.680000e-06	5.009074e-06	9.452631e-09	3.471619e+01	6.199395e+02
1.690000e-06	5.004781e-06	9.447590e-09	3.468644e+01	6.197851e+02
1.700000e-06	4.998743e-06	9.440257e-09	3.464459e+01	6.194870e+02
1.710000e-06	4.990995e-06	9.430397e-09	3.459089e+01	6.189977e+02
1.720000e-06	4.981761e-06	9.424050e-09	3.452690e+01	6.183304e+02
1.730000e-06	4.970964e-06	9.435231e-09	3.445207e+01	6.175653e+02
1.740000e-06	4.958465e-06	9.434324e-09	3.436544e+01	6.168095e+02
1.750000e-06	4.943925e-06	9.356988e-09	3.426467e+01	6.161293e+02
1.760000e-06	4.926957e-06	9.335450e-09	3.414707e+01	6.154980e+02
1.770000e-06	4.907543e-06	9.328503e-09	3.401251e+01	6.147967e+02
1.780000e-06	4.885962e-06	9.381256e-09	3.386295e+01	6.138739e+02
1.790000e-06	4.863122e-06	9.426115e-09	3.370465e+01	6.126348e+02
1.800000e-06	4.839644e-06	9.231176e-09	3.354193e+01	6.111054e+02
1.810000e-06	4.814719e-06	9.273553e-09	3.336918e+01	6.094305e+02
1.820000e-06	4.788007e-06	9.363754e-09	3.318406e+01	6.078027e+02
1.830000e-06	4.760175e-06	9.166388e-09	3.299116e+01	6.063596e+02
1.840000e-06	4.730596e-06	9.229616e-09	3.278615e+01	6.051068e+02
1.850000e-06	4.698703e-06	9.270480e-09	3.256512e+01	6.039117e+02
1.860000e-06	4.665198e-06	9.059007e-09	3.233290e+01	6.025696e+02
1.870000e-06	4.630266e-06	9.168662e-09	3.209080e+01	6.009045e+02
1.880000e-06	4.593859e-06	9.202470e-09	3.183848e+01	5.988501e+02
1.890000e-06	4.555730e-06	9.040828e-09	3.157422e+01	5.964703e+02
1.900000e-06	4.515606e-06	9.066745e-09	3.129613e+01	5.939134e+02
1.910000e-06	4.474014e-06	8.966459e-09	3.100787e+01	5.913316e+02
1.920000e-06	4.431051e-06	8.970166e-09	3.071011e+01	5.888099e+02
1.930000e-06	4.386376e-06	9.013877e-09	3.040048e+01	5.863372e+02
1.940000e-06	4.340203e-06	8.836543e-09	3.008048e+01	5.838265e+02
1.950000e-06	4.292473e-06	8.836955e-09	2.974968e+01	5.811653e+02
1.960000e-06	4.243117e-06	8.813619e-09	2.940760e+01	5.782671e+02
1.970000e-06	4.192194e-06	8.753674e-09	2.905467e+01	5.751023e+02
1.980000e-06	4.139404e-06	8.736239e-09	2.868881e+01	5.716997e+02
1.990000e-06	4.084851e-06	8.613927e-09	2.831072e+01	5.681269e+02
2.000000e-06	4.028816e-06	8.596291e-09	2.792236e+01	5.644598e+02
2.010000e-06	3.971494e-06	8.537745e-09	2.752508e+01	5.607536e+02
2.020000e-06	3.912952e-06	8.503488e-09	2.711934e+01	5.570235e+02
2.030000e-06	3.853043e-06	8.444225e-09	2.670413e+01	5.532384e+02
2.040000e-06	3.791564e-06	8.295864e-09	2.627805e+01	5.493332e+02
2.050000e-06	3.728552e-06	8.308624e-09	2.584133e+01	5.452335e+02
2.060000e-06	3.664298e-06	8.253831e-09	2.539601e+01	5.408874e+02
2.070000e-06	3.598837e-06	8.187967e-09	2.494232e+01	5.362885e+02
2.080000e-06	3.532092e-06	8.099939e-09	2.447973e+01	5.314792e+02
2.090000e-06	3.464121e-06	7.979478e-09	2.400865e+01	5.265289e+02
2.100000e-06	3.394692e-06	7.960581e-09	2.352746e+01	5.214988e+02
2.110000e-06	3.323821e-06	7.869068e-09	2.303627e+01	5.164098e+02
2.120000e-06	3.251888e-06	7.786345e-09	2.253774e+01	5.112321e+02
2.130000e-06	3.178945e-06	7.682700e-09	2.203219e+01	5.059015e+02
2.140000e-06	3.104930e-06	7.598180e-09	2.151921e+01	5.003536e+02
2.150000e-06	3.029648e-06	7.553835e-09	2.099746e+01	4.945557e+02
2.160000e-06	2.953011e-06	7.440953e-09	2.046632e+01	4.885188e+02
2.170000e-06	2.875016e-06	7.338004e-09	1.992576e+01	4.822840e+02
2.180000e-06	2.795854e-06	7.217807e-09	1.937711e+01	4.758949e+02
2.190000e-06	2.715831e-06	7.142481e-09	1.882250e+01	4.693715e+02
2.200000e-06	2.634943e-06	7.063139e-09	1.826190e+01	4.627015e+02
2.210000e-06	2.553237e-06	6.936210e-09	1.769562e+01	4.558517e+02
2.220000e-06	2.470702e-06	6.816772e-09	1.712360e+01	4.487881e+02
2.230000e-06	2.387348e-06	6.699206e-09	1.654590e+01	4.414938e+02
2.240000e-06	2.303290e-06	6.612819e-09	1.596332e+01	4.339715e+02
2.250000e-06	2.218393e-06	6.494001e-09	1.537493e+01	4.262339e+02
2.260000e-06	2.132417e-06	6.358226e-09	1.477906e+01	4.182889e+02
2.270000e-06	2.045492e-06	6.225527e-09	1.417661e+01	4.101304e+02
2.280000e-06	1.957906e-06	6.107779e-09	1.356958e+01	4.017389e+02
2.290000e-06	1.869752e-06	6.001513e-09	1.295861e+01	3.930909e+02
2.300000e-06	1.781064e-06	5.854663e-09	1.234395e+01	3.841688e+02
2.310000e-06	1.691743e-06	5.695636e-09	1.172490e+01	3.749662e+02
2.320000e-06	1.601789e-06	5.543096e-09	1.110146e+01	3.654852e+02
2.330000e-06	1.511352e-06	5.411827e-09	1.047467e+01	3.557286e+02
2.340000e-06	1.420500e-06	5.268435e-09	9.845006e+00	3.456934e+02
2.350000e-06	1.329287e-06	5.095796e-09	9.212838e+00	3.353670e+02
2.360000e-06	1.237669e-06	4.925762e-09	8.577866e+00	3.247297e+02
2.370000e-06	1.145567e-06	4.770629e-09	7.939535e+00	3.137608e+02
2.380000e-06	1.053011e-06	4.618114e-09	7.298060e+00	3.024451e+02
2.390000e-06	9.601190e-07	4.437069e-09	6.654259e+00	2.907772e+02
2.400000e-06	8.667232e-07	4.236249e-09	6.006964e+00	2.787613e+02
2.410000e-06	7.727313e-07	4.038855e-09	5.355538e+00	2.664054e+02
2.420000e-06	6.783229e-07	3.856657e-09	4.701226e+00	2.537126e+02
2.430000e-06	5.837330e-07	3.667303e-09	4.045655e+00	2.406736e+02
2.440000e-06	4.890387e-07	3.453993e-09	3.389361e+00	2.272624e+02
2.450000e-06	3.941509e-07	3.235011e-09	2.731726e+00	2.134411e+02
2.460000e-06	2.991103e-07	3.023820e-09	2.073032e+00	1.991705e+02
2.470000e-06	2.039655e-07	2.815156e-09	1.413616e+00	1.844226e+02
2.480000e-06	1.087582e-07	2.586155e-09	7.537661e-01	1.691878e+02
2.490000e-06	1.352850e-08	2.334889e-09	9.376142e-02	1.534746e+02
2.500000e-06	-8.164846e-08	2.081416e-09	-5.658778e-01	1.372988e+02
2.510000e-06	-1.767402e-07	1.835549e-09	-1.224926e+00	1.206711e+02
2.520000e-06	-2.718123e-07	1.583045e-09	-1.883839e+00	1.035889e+02
2.530000e-06	-3.668404e-07	1.311485e-09	-2.542446e+00	8.603686e+01
2.540000e-06	-4.617564e-07	1.030120e-09	-3.200277e+00	6.799585e+01
2.550000e-06	-5.564765e-07	7.521315e-10	-3.856750e+00	4.945470e+01
2.560000e-06	-6.508753e-07	4.749332e-10	-4.510996e+00	3.041749e+01
2.570000e-06	-7.449935e-07	1.803051e-10	-5.163297e+00	1.090410e+01
2.580000e-06	-8.388100e-07	-1.340723e-10	-5.813508e+00	-9.053715e+00
2.590000e-06	-9.321878e-07	-4.514201e-10	-6.460677e+00	-2.941534e+01
2.600000e-06	-1.025073e-06	-7.622650e-10	-7.104435e+00	-5.012903e+01
2.610000e-06	-1.117491e-06	-1.075099e-09	-7.744948e+00	-7.112523e+01
2.620000e-06	-1.209447e-06	-1.401522e-09	-8.382264e+00	-9.231105e+01
2.630000e-06	-1.300961e-06	-1.733342e-09	-9.016519e+00	-1.135724e+02
2.640000e-06	-1.392092e-06	-2.054818e-09	-9.648117e+00	-1.347857e+02
2.650000e-06	-1.482797e-06	-2.365079e-09	-1.027676e+01	-1.558362e+02
2.660000e-06	-1.573010e-06	-2.677195e-09	-1.090200e+01	-1.766311e+02
2.670000e-06	-1.662663e-06	-2.996335e-09	-1.152335e+01	-1.971032e+02
2.680000e-06	-1.751661e-06	-3.309795e-09	-1.214017e+01	-2.171989e+02
2.690000e-06	-1.840032e-06	-3.606834e-09	-1.275264e+01	-2.368601e+02
2.700000e-06	-1.927922e-06	-3.893626e-09	-1.336177e+01	-2.560098e+02
2.710000e-06	-2.015300e-06	-4.179771e-09	-1.396736e+01	-2.745519e+02
2.720000e-06	-2.102000e-06	-4.460487e-09	-1.456825e+01	-2.923882e+02
2.730000e-06	-2.187804e-06	-4.722202e-09	-1.516293e+01	-3.094451e+02
2.740000e-06	-2.272588e-06	-4.961026e-09	-1.575054e+01	-3.256969e+02
2.750000e-06	-2.356464e-06	-5.189854e-09	-1.633185e+01	-3.411728e+02
2.760000e-06	-2.439587e-06	-5.418632e-09	-1.690795e+01	-3.559421e+02
2.770000e-06	-2.522006e-06	-5.640998e-09	-1.747917e+01	-3.700838e+02
2.780000e-06	-2.603564e-06	-5.848303e-09	-1.804442e+01	-3.836533e+02
2.790000e-06	-2.684182e-06	-6.044476e-09	-1.860316e+01	-3.966634e+02
2.800000e-06	-2.763973e-06	-6.237936e-09	-1.915616e+01	-4.090862e+02
2.810000e-06	-2.842885e-06	-6.424954e-09	-1.970307e+01	-4.208768e+02
2.820000e-06	-2.920628e-06	-6.593893e-09	-2.024188e+01	-4.320057e+02
2.830000e-06	-2.996999e-06	-6.743589e-09	-2.077118e+01	-4.424838e+02
2.840000e-06	-3.072090e-06	-6.885873e-09	-2.129161e+01	-4.523679e+02
2.850000e-06	-3.146051e-06	-7.030130e-09	-2.180421e+01	-4.617451e+02
2.860000e-06	-3.218906e-06	-7.173139e-09	-2.230914e+01	-4.707025e+02
2.870000e-06	-3.290738e-06	-7.305706e-09	-2.280699e+01	-4.792992e+02
2.880000e-06	-3.361472e-06	-7.429355e-09	-2.329722e+01	-4.875521e+02
2.890000e-06	-3.430793e-06	-7.552602e-09	-2.377766e+01	-4.954428e+02
2.900000e-06	-3.498750e-06	-7.674250e-09	-2.424865e+01	-5.029384e+02
2.910000e-06	-3.565510e-06	-7.783352e-09	-2.471134e+01	-5.100170e+02
2.920000e-06	-3.631080e-06	-7.877447e-09	-2.516579e+01	-5.166840e+02
2.930000e-06	-3.695455e-06	-7.967325e-09	-2.561195e+01	-5.229731e+02
2.940000e-06	-3.758662e-06	-8.059321e-09	-2.605001e+01	-5.289340e+02
2.950000e-06	-3.820425e-06	-8.149864e-09	-2.647807e+01	-5.346138e+02
2.960000e-06	-3.880586e-06	-8.233006e-09	-2.689503e+01	-5.400431e+02
2.970000e-06	-3.939430e-06	-8.310463e-09	-2.730285e+01	-5.452315e+02
2.980000e-06	-3.996982e-06	-8.387960e-09	-2.770173e+01	-5.501737e+02
2.990000e-06	-4.053184e-06	-8.465497e-09	-2.809124e+01	-5.548620e+02
3.000000e-06	-4.107913e-06	-8.534543e-09	-2.847055e+01	-5.592969e+02
3.010000e-06	-4.160824e-06	-8.592636e-09	-2.883726e+01	-5.634925e+02
3.020000e-06	-4.211940e-06	-8.648250e-09	-2.919153e+01	-5.674725e+02
3.030000e-06	-4.261442e-06	-8.708861e-09	-2.953461e+01	-5.712609e+02
3.040000e-06	-4.309143e-06	-8.768872e-09	-2.986521e+01	-5.748711e+02
3.050000e-06	-4.355119e-06	-8.822007e-09	-3.018386e+01	-5.783015e+02
3.060000e-06	-4.399695e-06	-8.869897e-09	-3.049280e+01	-5.815388e+02
3.070000e-06	-4.442998e-06	-8.918181e-09	-3.079292e+01	-5.845706e+02
3.080000e-06	-4.484940e-06	-8.965130e-09	-3.108360e+01	-5.873999e+02
3.090000e-06	-4.525421e-06	-9.007201e-09	-3.136416e+01	-5.900521e+02
3.100000e-06	-4.564428e-06	-9.044659e-09	-3.163450e+01	-5.925700e+02
3.110000e-06	-4.601688e-06	-9.079854e-09	-3.189274e+01	-5.949954e+02
3.120000e-06	-4.637144e-06	-9.115786e-09	-3.213847e+01	-5.973469e+02
3.130000e-06	-4.671030e-06	-9.151304e-09	-3.237332e+01	-5.996077e+02
3.140000e-06	-4.703400e-06	-9.182064e-09	-3.259767e+01	-6.017317e+02
3.150000e-06	-4.734155e-06	-9.207554e-09	-3.281083e+01	-6.036687e+02
3.160000e-06	-4.763075e-06	-9.235690e-09	-3.301126e+01	-6.053941e+02
3.170000e-06	-4.790257e-06	-9.265066e-09	-3.319964e+01	-6.069267e+02
3.180000e-06	-4.815827e-06	-9.291236e-09	-3.337686e+01	-6.083220e+02
3.190000e-06	-4.839802e-06	-9.312333e-09	-3.354302e+01	-6.096431e+02
3.200000e-06	-4.862079e-06	-9.330824e-09	-3.369742e+01	-6.109257e+02
3.210000e-06	-4.882455e-06	-9.348699e-09	-3.383864e+01	-6.121593e+02
3.220000e-06	-4.901125e-06	-9.366064e-09	-3.396804e+01	-6.132954e+02
3.230000e-06	-4.918220e-06	-9.380504e-09	-3.408651e+01	-6.142783e+02
3.240000e-06	-4.933611e-06	-9.392339e-09	-3.419319e+01	-6.150784e+02
3.250000e-06	-4.946993e-06	-9.403962e-09	-3.428593e+01	-6.157070e+02
3.260000e-06	-4.958299e-06	-9.415648e-09	-3.436429e+01	-6.162044e+02
3.270000e-06	-4.967815e-06	-9.423783e-09	-3.443024e+01	-6.166115e+02
3.280000e-06	-4.975680e-06	-9.427566e-09	-3.448475e+01	-6.169462e+02
3.290000e-06	-4.981759e-06	-9.429677e-09	-3.452688e+01	-6.172004e+02
3.300000e-06	-4.985975e-06	-9.430384e-09	-3.455610e+01	-6.173595e+02
3.310000e-06	-4.988523e-06	-9.430047e-09	-3.457376e+01	-6.174252e+02
3.320000e-06	-4.989518e-06	-9.428482e-09	-3.458066e+01	-6.174227e+02
