# Temperatura_=_20.0
# Concentracion g/m^3_=_10000.0
# C_Vs_to_Am_M_A/Vsm_=_65563218390.804596
# pendiente_HvsI_1/m_=_3716.3
# ordenada_HvsI_A/m_=_1297.0
# frecuencia_Hz_=_300940.0064389368

Tiempo_(s)	Campo_(V.s)	Magnetizacion_(V.s)	Campo_(kA/m)	Magnetizacion_(A/m)
0.000000e+00	-4.990243e-06	-9.403933e-09	-3.458440e+01	-6.158392e+02
1.000000e-08	-4.989120e-06	-9.404589e-09	-3.457661e+01	-6.157858e+02
2.000000e-08	-4.986204e-06	-9.401871e-09	-3.455640e+01	-6.156400e+02
3.000000e-08	-4.981591e-06	-9.398657e-09	-3.452444e+01	-6.153946e+02
4.000000e-08	-4.975446e-06	-9.396181e-09	-3.448185e+01	-6.150325e+02
5.000000e-08	-4.967832e-06	-9.389303e-09	-3.442908e+01	-6.145417e+02
6.000000e-08	-4.958644e-06	-9.376506e-09	-3.436540e+01	-6.139304e+02
7.000000e-08	-4.947580e-06	-9.356544e-09	-3.428873e+01	-6.132321e+02
8.000000e-08	-4.934654e-06	-9.332520e-09	-3.419914e+01	-6.124949e+02
9.000000e-08	-4.919653e-06	-9.355069e-09	-3.409518e+01	-6.117571e+02
1.000000e-07	-4.902299e-06	-9.378326e-09	-3.397491e+01	-6.110210e+02
1.100000e-07	-4.882930e-06	-9.348260e-09	-3.384068e+01	-6.102416e+02
1.200000e-07	-4.861995e-06	-9.325522e-09	-3.369559e+01	-6.093397e+02
1.300000e-07	-4.839757e-06	-9.245560e-09	-3.354147e+01	-6.082391e+02
1.400000e-07	-4.816318e-06	-9.231971e-09	-3.337903e+01	-6.069107e+02
1.500000e-07	-4.791287e-06	-9.322070e-09	-3.320555e+01	-6.054015e+02
1.600000e-07	-4.764397e-06	-9.198907e-09	-3.301919e+01	-6.038266e+02
1.700000e-07	-4.735972e-06	-9.134857e-09	-3.282220e+01	-6.023214e+02
1.800000e-07	-4.705956e-06	-9.227516e-09	-3.261418e+01	-6.009732e+02
1.900000e-07	-4.674372e-06	-9.138423e-09	-3.239529e+01	-5.997655e+02
2.000000e-07	-4.641496e-06	-9.125874e-09	-3.216744e+01	-5.985668e+02
2.100000e-07	-4.606927e-06	-9.171796e-09	-3.192786e+01	-5.971781e+02
2.200000e-07	-4.570529e-06	-9.048146e-09	-3.167561e+01	-5.954189e+02
2.300000e-07	-4.532512e-06	-9.005270e-09	-3.141214e+01	-5.932124e+02
2.400000e-07	-4.492924e-06	-9.008833e-09	-3.113777e+01	-5.906244e+02
2.500000e-07	-4.451756e-06	-8.960293e-09	-3.085246e+01	-5.878332e+02
2.600000e-07	-4.408749e-06	-8.935128e-09	-3.055441e+01	-5.850433e+02
2.700000e-07	-4.363954e-06	-8.850229e-09	-3.024397e+01	-5.823860e+02
2.800000e-07	-4.317666e-06	-8.816336e-09	-2.992317e+01	-5.798571e+02
2.900000e-07	-4.269873e-06	-8.835652e-09	-2.959194e+01	-5.773246e+02
3.000000e-07	-4.220278e-06	-8.772186e-09	-2.924823e+01	-5.746013e+02
3.100000e-07	-4.168679e-06	-8.700580e-09	-2.889063e+01	-5.715417e+02
3.200000e-07	-4.115320e-06	-8.650327e-09	-2.852083e+01	-5.681138e+02
3.300000e-07	-4.060570e-06	-8.601728e-09	-2.814139e+01	-5.644083e+02
3.400000e-07	-4.004634e-06	-8.553739e-09	-2.775373e+01	-5.605845e+02
3.500000e-07	-3.947292e-06	-8.507075e-09	-2.735633e+01	-5.567838e+02
3.600000e-07	-3.888256e-06	-8.431975e-09	-2.694718e+01	-5.530595e+02
3.700000e-07	-3.827740e-06	-8.354675e-09	-2.652778e+01	-5.493556e+02
3.800000e-07	-3.765951e-06	-8.335599e-09	-2.609956e+01	-5.455443e+02
3.900000e-07	-3.702903e-06	-8.280587e-09	-2.566261e+01	-5.414959e+02
4.000000e-07	-3.638603e-06	-8.179728e-09	-2.521699e+01	-5.371430e+02
4.100000e-07	-3.572918e-06	-8.096236e-09	-2.476176e+01	-5.325054e+02
4.200000e-07	-3.505770e-06	-8.029352e-09	-2.429640e+01	-5.276678e+02
4.300000e-07	-3.437387e-06	-7.984886e-09	-2.382248e+01	-5.227264e+02
4.400000e-07	-3.367856e-06	-7.916151e-09	-2.334060e+01	-5.177354e+02
4.500000e-07	-3.297143e-06	-7.817671e-09	-2.285053e+01	-5.126829e+02
4.600000e-07	-3.225367e-06	-7.733194e-09	-2.235310e+01	-5.075056e+02
4.700000e-07	-3.152607e-06	-7.660650e-09	-2.184884e+01	-5.021304e+02
4.800000e-07	-3.078503e-06	-7.580788e-09	-2.133527e+01	-4.965178e+02
4.900000e-07	-3.002860e-06	-7.476255e-09	-2.081103e+01	-4.906814e+02
5.000000e-07	-2.925993e-06	-7.371565e-09	-2.027831e+01	-4.846743e+02
5.100000e-07	-2.848101e-06	-7.290949e-09	-1.973849e+01	-4.785510e+02
5.200000e-07	-2.769054e-06	-7.221767e-09	-1.919066e+01	-4.723291e+02
5.300000e-07	-2.688656e-06	-7.132604e-09	-1.863347e+01	-4.659725e+02
5.400000e-07	-2.607165e-06	-7.009551e-09	-1.806871e+01	-4.594075e+02
5.500000e-07	-2.524834e-06	-6.888733e-09	-1.749812e+01	-4.525631e+02
5.600000e-07	-2.441621e-06	-6.785468e-09	-1.692142e+01	-4.454114e+02
5.700000e-07	-2.357690e-06	-6.682868e-09	-1.633974e+01	-4.379857e+02
5.800000e-07	-2.273184e-06	-6.564162e-09	-1.575409e+01	-4.303630e+02
5.900000e-07	-2.187941e-06	-6.438067e-09	-1.516331e+01	-4.226208e+02
6.000000e-07	-2.101991e-06	-6.325742e-09	-1.456765e+01	-4.147901e+02
6.100000e-07	-2.015455e-06	-6.220139e-09	-1.396792e+01	-4.068327e+02
6.200000e-07	-1.928271e-06	-6.099339e-09	-1.336370e+01	-3.986545e+02
6.300000e-07	-1.840470e-06	-5.951996e-09	-1.275520e+01	-3.901493e+02
6.400000e-07	-1.752103e-06	-5.800918e-09	-1.214278e+01	-3.812491e+02
6.500000e-07	-1.663168e-06	-5.664851e-09	-1.152642e+01	-3.719541e+02
6.600000e-07	-1.573575e-06	-5.530304e-09	-1.090551e+01	-3.623282e+02
6.700000e-07	-1.483124e-06	-5.380355e-09	-1.027865e+01	-3.524616e+02
6.800000e-07	-1.391857e-06	-5.218225e-09	-9.646129e+00	-3.424227e+02
6.900000e-07	-1.300049e-06	-5.063202e-09	-9.009866e+00	-3.322230e+02
7.000000e-07	-1.207889e-06	-4.916971e-09	-8.371160e+00	-3.218110e+02
7.100000e-07	-1.115457e-06	-4.758568e-09	-7.730565e+00	-3.110961e+02
7.200000e-07	-1.022727e-06	-4.576431e-09	-7.087911e+00	-2.999871e+02
7.300000e-07	-9.296813e-07	-4.386403e-09	-6.443067e+00	-2.884263e+02
7.400000e-07	-8.363104e-07	-4.206974e-09	-5.795968e+00	-2.764058e+02
7.500000e-07	-7.425961e-07	-4.031974e-09	-5.146490e+00	-2.639612e+02
7.600000e-07	-6.485802e-07	-3.840937e-09	-4.494923e+00	-2.511492e+02
7.700000e-07	-5.543454e-07	-3.633846e-09	-3.841837e+00	-2.380206e+02
7.800000e-07	-4.599561e-07	-3.427511e-09	-3.187681e+00	-2.245984e+02
7.900000e-07	-3.653993e-07	-3.224959e-09	-2.532364e+00	-2.108677e+02
8.000000e-07	-2.706840e-07	-3.013740e-09	-1.875949e+00	-1.967785e+02
8.100000e-07	-1.758577e-07	-2.783734e-09	-1.218765e+00	-1.822604e+02
8.200000e-07	-8.100002e-08	-2.542554e-09	-5.613628e-01	-1.672434e+02
8.300000e-07	1.384088e-08	-2.304790e-09	9.592292e-02	-1.516792e+02
8.400000e-07	1.086787e-07	-2.067727e-09	7.531871e-01	-1.355548e+02
8.500000e-07	2.035026e-07	-1.815980e-09	1.410355e+00	-1.188927e+02
8.600000e-07	2.982947e-07	-1.548737e-09	2.067303e+00	-1.017384e+02
8.700000e-07	3.929846e-07	-1.278062e-09	2.723542e+00	-8.413935e+01
8.800000e-07	4.875061e-07	-1.009004e-09	3.378614e+00	-6.612557e+01
8.900000e-07	5.818871e-07	-7.330301e-10	4.032713e+00	-4.770074e+01
9.000000e-07	6.760930e-07	-4.409914e-10	4.685597e+00	-2.884737e+01
9.100000e-07	7.700239e-07	-1.378697e-10	5.336577e+00	-9.542511e+00
9.200000e-07	8.636368e-07	1.666740e-10	5.985352e+00	1.022382e+01
9.300000e-07	9.569036e-07	4.695833e-10	6.631728e+00	3.043504e+01
9.400000e-07	1.049852e-06	7.802257e-10	7.275899e+00	5.104238e+01
9.500000e-07	1.142528e-06	1.104175e-09	7.918179e+00	7.196588e+01
9.600000e-07	1.234865e-06	1.431508e-09	8.558114e+00	9.309883e+01
9.700000e-07	1.326840e-06	1.753502e-09	9.195536e+00	1.143145e+02
9.800000e-07	1.418456e-06	2.071394e-09	9.830473e+00	1.354766e+02
9.900000e-07	1.509587e-06	2.391915e-09	1.046205e+01	1.564536e+02
1.000000e-06	1.600006e-06	2.712983e-09	1.108869e+01	1.771368e+02
1.010000e-06	1.689502e-06	3.025963e-09	1.170893e+01	1.974525e+02
1.020000e-06	1.778195e-06	3.326564e-09	1.232361e+01	2.173611e+02
1.030000e-06	1.866334e-06	3.619443e-09	1.293445e+01	2.368415e+02
1.040000e-06	1.953980e-06	3.910176e-09	1.354187e+01	2.558631e+02
1.050000e-06	2.041042e-06	4.195462e-09	1.414524e+01	2.743644e+02
1.060000e-06	2.127384e-06	4.467094e-09	1.474363e+01	2.922494e+02
1.070000e-06	2.212971e-06	4.723576e-09	1.533678e+01	3.094096e+02
1.080000e-06	2.297843e-06	4.971204e-09	1.592498e+01	3.257618e+02
1.090000e-06	2.382080e-06	5.212451e-09	1.650877e+01	3.412824e+02
1.100000e-06	2.465607e-06	5.440936e-09	1.708765e+01	3.560190e+02
1.110000e-06	2.548183e-06	5.653655e-09	1.765994e+01	3.700693e+02
1.120000e-06	2.629813e-06	5.854303e-09	1.822566e+01	3.835381e+02
1.130000e-06	2.710585e-06	6.050270e-09	1.878545e+01	3.964929e+02
1.140000e-06	2.790364e-06	6.243556e-09	1.933835e+01	4.089402e+02
1.150000e-06	2.869036e-06	6.425869e-09	1.988358e+01	4.208345e+02
1.160000e-06	2.946628e-06	6.594022e-09	2.042132e+01	4.321127e+02
1.170000e-06	3.023194e-06	6.754022e-09	2.095196e+01	4.427341e+02
1.180000e-06	3.098679e-06	6.910644e-09	2.147510e+01	4.527078e+02
1.190000e-06	3.172818e-06	7.060044e-09	2.198891e+01	4.620931e+02
1.200000e-06	3.245545e-06	7.194566e-09	2.249294e+01	4.709780e+02
1.210000e-06	3.317147e-06	7.316227e-09	2.298917e+01	4.794491e+02
1.220000e-06	3.387630e-06	7.436796e-09	2.347765e+01	4.875673e+02
1.230000e-06	3.456934e-06	7.559522e-09	2.395795e+01	4.953605e+02
1.240000e-06	3.525147e-06	7.677990e-09	2.443069e+01	5.028288e+02
1.250000e-06	3.592123e-06	7.785755e-09	2.489486e+01	5.099584e+02
1.260000e-06	3.657605e-06	7.887757e-09	2.534868e+01	5.167336e+02
1.270000e-06	3.721726e-06	7.989977e-09	2.579306e+01	5.231429e+02
1.280000e-06	3.784664e-06	8.087320e-09	2.622925e+01	5.291824e+02
1.290000e-06	3.846362e-06	8.171850e-09	2.665684e+01	5.348586e+02
1.300000e-06	3.906912e-06	8.246052e-09	2.707648e+01	5.401936e+02
1.310000e-06	3.966168e-06	8.318425e-09	2.748715e+01	5.452292e+02
1.320000e-06	4.023774e-06	8.393054e-09	2.788638e+01	5.500245e+02
1.330000e-06	4.079821e-06	8.467117e-09	2.827481e+01	5.546436e+02
1.340000e-06	4.134492e-06	8.535755e-09	2.865370e+01	5.591340e+02
1.350000e-06	4.187634e-06	8.602170e-09	2.902200e+01	5.635060e+02
1.360000e-06	4.239051e-06	8.668717e-09	2.937833e+01	5.677231e+02
1.370000e-06	4.288610e-06	8.732356e-09	2.972180e+01	5.717139e+02
1.380000e-06	4.336451e-06	8.787092e-09	3.005335e+01	5.754042e+02
1.390000e-06	4.382804e-06	8.831088e-09	3.037460e+01	5.787561e+02
1.400000e-06	4.427799e-06	8.871390e-09	3.068644e+01	5.817955e+02
1.410000e-06	4.471365e-06	8.913548e-09	3.098836e+01	5.846117e+02
1.420000e-06	4.513143e-06	8.956925e-09	3.127790e+01	5.873247e+02
1.430000e-06	4.553224e-06	8.998802e-09	3.155568e+01	5.900335e+02
1.440000e-06	4.591834e-06	9.038865e-09	3.182326e+01	5.927691e+02
1.450000e-06	4.628936e-06	9.080890e-09	3.208039e+01	5.954774e+02
1.460000e-06	4.664463e-06	9.123715e-09	3.232661e+01	5.980436e+02
1.470000e-06	4.698174e-06	9.158867e-09	3.256024e+01	6.003467e+02
1.480000e-06	4.730182e-06	9.184192e-09	3.278207e+01	6.023196e+02
1.490000e-06	4.760669e-06	9.203881e-09	3.299336e+01	6.039835e+02
1.500000e-06	4.789644e-06	9.224871e-09	3.319417e+01	6.054388e+02
1.510000e-06	4.816968e-06	9.249429e-09	3.338353e+01	6.068178e+02
1.520000e-06	4.842322e-06	9.272296e-09	3.355924e+01	6.082227e+02
1.530000e-06	4.865849e-06	9.292343e-09	3.372230e+01	6.096818e+02
1.540000e-06	4.887799e-06	9.313627e-09	3.387442e+01	6.111432e+02
1.550000e-06	4.908205e-06	9.337063e-09	3.401584e+01	6.125083e+02
1.560000e-06	4.926982e-06	9.357519e-09	3.414597e+01	6.136840e+02
1.570000e-06	4.943940e-06	9.370385e-09	3.426350e+01	6.146261e+02
1.580000e-06	4.959041e-06	9.376570e-09	3.436816e+01	6.153535e+02
1.590000e-06	4.972335e-06	9.382417e-09	3.446029e+01	6.159297e+02
1.600000e-06	4.983643e-06	9.390825e-09	3.453866e+01	6.164257e+02
1.610000e-06	4.992900e-06	9.398637e-09	3.460281e+01	6.168865e+02
1.620000e-06	5.000366e-06	9.404307e-09	3.465455e+01	6.173171e+02
1.630000e-06	5.006211e-06	9.408816e-09	3.469506e+01	6.176921e+02
1.640000e-06	5.010407e-06	9.414093e-09	3.472414e+01	6.179780e+02
1.650000e-06	5.012731e-06	9.420911e-09	3.474025e+01	6.181536e+02
1.660000e-06	5.013229e-06	9.423794e-09	3.474370e+01	6.182178e+02
1.670000e-06	5.012127e-06	9.417222e-09	3.473606e+01	6.181813e+02
1.680000e-06	5.009508e-06	9.409686e-09	3.471791e+01	6.180522e+02
1.690000e-06	5.005368e-06	9.406969e-09	3.468922e+01	6.178256e+02
1.700000e-06	4.999444e-06	9.404138e-09	3.464817e+01	6.174857e+02
1.710000e-06	4.991797e-06	9.396052e-09	3.459517e+01	6.170181e+02
1.720000e-06	4.982669e-06	9.387898e-09	3.453191e+01	6.164265e+02
1.730000e-06	4.972034e-06	9.397311e-09	3.445821e+01	6.157404e+02
1.740000e-06	4.959709e-06	9.396520e-09	3.437278e+01	6.150067e+02
1.750000e-06	4.945325e-06	9.333120e-09	3.427310e+01	6.142676e+02
1.760000e-06	4.928543e-06	9.300978e-09	3.415679e+01	6.135332e+02
1.770000e-06	4.909283e-06	9.289670e-09	3.402331e+01	6.127668e+02
1.780000e-06	4.887842e-06	9.336050e-09	3.387472e+01	6.118931e+02
1.790000e-06	4.865059e-06	9.377896e-09	3.371682e+01	6.108320e+02
1.800000e-06	4.841577e-06	9.214870e-09	3.355408e+01	6.095432e+02
1.810000e-06	4.816736e-06	9.229857e-09	3.338192e+01	6.080594e+02
1.820000e-06	4.790126e-06	9.329239e-09	3.319751e+01	6.064861e+02
1.830000e-06	4.762339e-06	9.176219e-09	3.300493e+01	6.049598e+02
1.840000e-06	4.732895e-06	9.198503e-09	3.280087e+01	6.035814e+02
1.850000e-06	4.701198e-06	9.238657e-09	3.258120e+01	6.023552e+02
1.860000e-06	4.667801e-06	9.063268e-09	3.234974e+01	6.011686e+02
1.870000e-06	4.633035e-06	9.136381e-09	3.210880e+01	5.998289e+02
1.880000e-06	4.596809e-06	9.197687e-09	3.185774e+01	5.981454e+02
1.890000e-06	4.558823e-06	9.089209e-09	3.159449e+01	5.960182e+02
1.900000e-06	4.518804e-06	9.081127e-09	3.131713e+01	5.934876e+02
1.910000e-06	4.477275e-06	8.970698e-09	3.102932e+01	5.907171e+02
1.920000e-06	4.434471e-06	8.970304e-09	3.073267e+01	5.879141e+02
1.930000e-06	4.390036e-06	9.013445e-09	3.042472e+01	5.852292e+02
1.940000e-06	4.344044e-06	8.848457e-09	3.010598e+01	5.826840e+02
1.950000e-06	4.296443e-06	8.834605e-09	2.977609e+01	5.801657e+02
1.960000e-06	4.247188e-06	8.830898e-09	2.943472e+01	5.774896e+02
1.970000e-06	4.196412e-06	8.759205e-09	2.908283e+01	5.744962e+02
1.980000e-06	4.143825e-06	8.737382e-09	2.871838e+01	5.711306e+02
1.990000e-06	4.089404e-06	8.643651e-09	2.834122e+01	5.674640e+02
2.000000e-06	4.033451e-06	8.588166e-09	2.795344e+01	5.636492e+02
2.010000e-06	3.976176e-06	8.532438e-09	2.755651e+01	5.598375e+02
2.020000e-06	3.917676e-06	8.507610e-09	2.715107e+01	5.561007e+02
2.030000e-06	3.857855e-06	8.448722e-09	2.673650e+01	5.524012e+02
2.040000e-06	3.796515e-06	8.316689e-09	2.631138e+01	5.486196e+02
2.050000e-06	3.733607e-06	8.305586e-09	2.587540e+01	5.446210e+02
2.060000e-06	3.669409e-06	8.263733e-09	2.543048e+01	5.403235e+02
2.070000e-06	3.603956e-06	8.202139e-09	2.497687e+01	5.357318e+02
2.080000e-06	3.537244e-06	8.109578e-09	2.451453e+01	5.309225e+02
2.090000e-06	3.469450e-06	7.989144e-09	2.404469e+01	5.259939e+02
2.100000e-06	3.400244e-06	7.953540e-09	2.356507e+01	5.210108e+02
2.110000e-06	3.329491e-06	7.873937e-09	2.307471e+01	5.159729e+02
2.120000e-06	3.257609e-06	7.793413e-09	2.257654e+01	5.108236e+02
2.130000e-06	3.184729e-06	7.700097e-09	2.207146e+01	5.054881e+02
2.140000e-06	3.110808e-06	7.615738e-09	2.155916e+01	4.999185e+02
2.150000e-06	3.035706e-06	7.564783e-09	2.103867e+01	4.941190e+02
2.160000e-06	2.959210e-06	7.464656e-09	2.050852e+01	4.881378e+02
2.170000e-06	2.881274e-06	7.352791e-09	1.996839e+01	4.820326e+02
2.180000e-06	2.802215e-06	7.228564e-09	1.942048e+01	4.758294e+02
2.190000e-06	2.722278e-06	7.146952e-09	1.886648e+01	4.695017e+02
2.200000e-06	2.641446e-06	7.073479e-09	1.830629e+01	4.629799e+02
2.210000e-06	2.559724e-06	6.964258e-09	1.773992e+01	4.561891e+02
2.220000e-06	2.477142e-06	6.847775e-09	1.716759e+01	4.490916e+02
2.230000e-06	2.393865e-06	6.730008e-09	1.659045e+01	4.417100e+02
2.240000e-06	2.309937e-06	6.635862e-09	1.600879e+01	4.341162e+02
2.250000e-06	2.225067e-06	6.517845e-09	1.542061e+01	4.263912e+02
2.260000e-06	2.139031e-06	6.378455e-09	1.482435e+01	4.185771e+02
2.270000e-06	2.052057e-06	6.240944e-09	1.422158e+01	4.106481e+02
2.280000e-06	1.964482e-06	6.124749e-09	1.361465e+01	4.025176e+02
2.290000e-06	1.876360e-06	6.022021e-09	1.300393e+01	3.940775e+02
2.300000e-06	1.787649e-06	5.886967e-09	1.238913e+01	3.852499e+02
2.310000e-06	1.698345e-06	5.733827e-09	1.177022e+01	3.760223e+02
2.320000e-06	1.608427e-06	5.582114e-09	1.114705e+01	3.664490e+02
2.330000e-06	1.517912e-06	5.445421e-09	1.051974e+01	3.566192e+02
2.340000e-06	1.426965e-06	5.300515e-09	9.889443e+00	3.466084e+02
2.350000e-06	1.335728e-06	5.129992e-09	9.257132e+00	3.364395e+02
2.360000e-06	1.244190e-06	4.957283e-09	8.622741e+00	3.260715e+02
2.370000e-06	1.152258e-06	4.801124e-09	7.985611e+00	3.154179e+02
2.380000e-06	1.059906e-06	4.651882e-09	7.345577e+00	3.043848e+02
2.390000e-06	9.670997e-07	4.480237e-09	6.702391e+00	2.929068e+02
2.400000e-06	8.736620e-07	4.285391e-09	6.054830e+00	2.809669e+02
2.410000e-06	7.795982e-07	4.086779e-09	5.402930e+00	2.685942e+02
2.420000e-06	6.851129e-07	3.899017e-09	4.748109e+00	2.558436e+02
2.430000e-06	5.903772e-07	3.707982e-09	4.091552e+00	2.427689e+02
2.440000e-06	4.955003e-07	3.496259e-09	3.434017e+00	2.293991e+02
2.450000e-06	4.004944e-07	3.277157e-09	2.775588e+00	2.157263e+02
2.460000e-06	3.053587e-07	3.066105e-09	2.116259e+00	2.017060e+02
2.470000e-06	2.101697e-07	2.859637e-09	1.456561e+00	1.872699e+02
2.480000e-06	1.149410e-07	2.637760e-09	7.965872e-01	1.723465e+02
2.490000e-06	1.968475e-08	2.393794e-09	1.364233e-01	1.568821e+02
2.500000e-06	-7.555895e-08	2.144901e-09	-5.236540e-01	1.408570e+02
2.510000e-06	-1.707887e-07	1.899104e-09	-1.183634e+00	1.242880e+02
2.520000e-06	-2.659609e-07	1.644815e-09	-1.843216e+00	1.072180e+02
2.530000e-06	-3.610584e-07	1.373006e-09	-2.502281e+00	8.969549e+01
2.540000e-06	-4.560405e-07	1.090890e-09	-3.160545e+00	7.175477e+01
2.550000e-06	-5.508365e-07	8.119646e-10	-3.817519e+00	5.340422e+01
2.560000e-06	-6.454249e-07	5.346594e-10	-4.473055e+00	3.462918e+01
2.570000e-06	-7.397325e-07	2.450802e-10	-5.126645e+00	1.540632e+01
2.580000e-06	-8.336536e-07	-6.040284e-11	-5.777556e+00	-4.277895e+00
2.590000e-06	-9.270819e-07	-3.718664e-10	-6.425052e+00	-2.441226e+01
2.600000e-06	-1.019973e-06	-6.809626e-10	-7.068822e+00	-4.495385e+01
2.610000e-06	-1.112368e-06	-9.912492e-10	-7.709161e+00	-6.582798e+01
2.620000e-06	-1.204289e-06	-1.313859e-09	-8.346209e+00	-8.693231e+01
2.630000e-06	-1.295797e-06	-1.645469e-09	-8.980399e+00	-1.081431e+02
2.640000e-06	-1.386954e-06	-1.968949e-09	-9.612149e+00	-1.293247e+02
2.650000e-06	-1.477700e-06	-2.281486e-09	-1.024106e+01	-1.503436e+02
2.660000e-06	-1.567950e-06	-2.593458e-09	-1.086652e+01	-1.710857e+02
2.670000e-06	-1.657625e-06	-2.909911e-09	-1.148801e+01	-1.914707e+02
2.680000e-06	-1.746706e-06	-3.221522e-09	-1.210538e+01	-2.114538e+02
2.690000e-06	-1.835154e-06	-3.518092e-09	-1.271836e+01	-2.310122e+02
2.700000e-06	-1.922995e-06	-3.804335e-09	-1.332713e+01	-2.501191e+02
2.710000e-06	-2.010351e-06	-4.088856e-09	-1.393254e+01	-2.687194e+02
2.720000e-06	-2.097169e-06	-4.369428e-09	-1.453423e+01	-2.867225e+02
2.730000e-06	-2.183137e-06	-4.635794e-09	-1.513002e+01	-3.040195e+02
2.740000e-06	-2.267986e-06	-4.882746e-09	-1.571806e+01	-3.205197e+02
2.750000e-06	-2.351861e-06	-5.116792e-09	-1.629934e+01	-3.361872e+02
2.760000e-06	-2.435032e-06	-5.346674e-09	-1.687576e+01	-3.510576e+02
2.770000e-06	-2.517446e-06	-5.568994e-09	-1.744692e+01	-3.652222e+02
2.780000e-06	-2.598992e-06	-5.775159e-09	-1.801206e+01	-3.787884e+02
2.790000e-06	-2.679667e-06	-5.968701e-09	-1.857117e+01	-3.918326e+02
2.800000e-06	-2.759516e-06	-6.160244e-09	-1.912456e+01	-4.043726e+02
2.810000e-06	-2.838505e-06	-6.349812e-09	-1.967199e+01	-4.163704e+02
2.820000e-06	-2.916359e-06	-6.526963e-09	-2.021154e+01	-4.277626e+02
2.830000e-06	-2.992836e-06	-6.685304e-09	-2.074156e+01	-4.385022e+02
2.840000e-06	-3.068037e-06	-6.831505e-09	-2.126274e+01	-4.485885e+02
2.850000e-06	-3.142105e-06	-6.975936e-09	-2.177605e+01	-4.580728e+02
2.860000e-06	-3.215048e-06	-7.119107e-09	-2.228158e+01	-4.670403e+02
2.870000e-06	-3.286928e-06	-7.251971e-09	-2.277974e+01	-4.755797e+02
2.880000e-06	-3.357757e-06	-7.372601e-09	-2.327061e+01	-4.837580e+02
2.890000e-06	-3.427247e-06	-7.491691e-09	-2.375221e+01	-4.916085e+02
2.900000e-06	-3.495261e-06	-7.611228e-09	-2.422357e+01	-4.991355e+02
2.910000e-06	-3.562054e-06	-7.722109e-09	-2.468647e+01	-5.063269e+02
2.920000e-06	-3.627690e-06	-7.819562e-09	-2.514136e+01	-5.131663e+02
2.930000e-06	-3.692118e-06	-7.910905e-09	-2.558787e+01	-5.196415e+02
2.940000e-06	-3.755379e-06	-8.003979e-09	-2.602629e+01	-5.257468e+02
2.950000e-06	-3.817196e-06	-8.097007e-09	-2.645471e+01	-5.314867e+02
2.960000e-06	-3.877363e-06	-8.182345e-09	-2.687169e+01	-5.368801e+02
2.970000e-06	-3.936227e-06	-8.258263e-09	-2.727964e+01	-5.419652e+02
2.980000e-06	-3.993884e-06	-8.332138e-09	-2.767923e+01	-5.467986e+02
2.990000e-06	-4.050216e-06	-8.407805e-09	-2.806964e+01	-5.514448e+02
3.000000e-06	-4.105085e-06	-8.479018e-09	-2.844989e+01	-5.559562e+02
3.010000e-06	-4.158167e-06	-8.539775e-09	-2.881777e+01	-5.603507e+02
3.020000e-06	-4.209467e-06	-8.597217e-09	-2.917331e+01	-5.645999e+02
3.030000e-06	-4.259095e-06	-8.659955e-09	-2.951725e+01	-5.686369e+02
3.040000e-06	-4.306840e-06	-8.724702e-09	-2.984814e+01	-5.723852e+02
3.050000e-06	-4.352852e-06	-8.780756e-09	-3.016702e+01	-5.757976e+02
3.060000e-06	-4.397497e-06	-8.827155e-09	-3.047643e+01	-5.788878e+02
3.070000e-06	-4.440854e-06	-8.872017e-09	-3.077691e+01	-5.817353e+02
3.080000e-06	-4.482883e-06	-8.918237e-09	-3.106819e+01	-5.844581e+02
3.090000e-06	-4.523488e-06	-8.961408e-09	-3.134960e+01	-5.871629e+02
3.100000e-06	-4.562571e-06	-8.999035e-09	-3.162046e+01	-5.898952e+02
3.110000e-06	-4.599886e-06	-9.035329e-09	-3.187906e+01	-5.926157e+02
3.120000e-06	-4.635447e-06	-9.076207e-09	-3.212552e+01	-5.952167e+02
3.130000e-06	-4.669484e-06	-9.118170e-09	-3.236141e+01	-5.975739e+02
3.140000e-06	-4.701997e-06	-9.151659e-09	-3.258674e+01	-5.996069e+02
3.150000e-06	-4.732909e-06	-9.175254e-09	-3.280097e+01	-6.013204e+02
3.160000e-06	-4.762015e-06	-9.196738e-09	-3.300268e+01	-6.028034e+02
3.170000e-06	-4.789349e-06	-9.221580e-09	-3.319212e+01	-6.041868e+02
3.180000e-06	-4.815036e-06	-9.246466e-09	-3.337014e+01	-6.055825e+02
3.190000e-06	-4.839110e-06	-9.267687e-09	-3.353698e+01	-6.070336e+02
3.200000e-06	-4.861466e-06	-9.285956e-09	-3.369192e+01	-6.085011e+02
3.210000e-06	-4.881934e-06	-9.305499e-09	-3.383377e+01	-6.098910e+02
3.220000e-06	-4.900661e-06	-9.327161e-09	-3.396356e+01	-6.111055e+02
3.230000e-06	-4.917821e-06	-9.345446e-09	-3.408249e+01	-6.120897e+02
3.240000e-06	-4.933335e-06	-9.356259e-09	-3.419000e+01	-6.128516e+02
3.250000e-06	-4.946877e-06	-9.363086e-09	-3.428385e+01	-6.134492e+02
3.260000e-06	-4.958375e-06	-9.371929e-09	-3.436354e+01	-6.139551e+02
3.270000e-06	-4.968033e-06	-9.383126e-09	-3.443047e+01	-6.144207e+02
3.280000e-06	-4.976016e-06	-9.391563e-09	-3.448580e+01	-6.148579e+02
3.290000e-06	-4.982246e-06	-9.395991e-09	-3.452898e+01	-6.152453e+02
3.300000e-06	-4.986608e-06	-9.399260e-09	-3.455920e+01	-6.155491e+02
3.310000e-06	-4.989263e-06	-9.402434e-09	-3.457761e+01	-6.157451e+02
3.320000e-06	-4.990287e-06	-9.403909e-09	-3.458471e+01	-6.158285e+02
