# Temperatura_=_20.0
# Concentracion g/m^3_=_10000.0
# C_Vs_to_Am_M_A/Vsm_=_65563218390.804596
# pendiente_HvsI_1/m_=_3716.3
# ordenada_HvsI_A/m_=_1297.0
# frecuencia_Hz_=_300941.5905899392

Tiempo_(s)	Campo_(V.s)	Magnetizacion_(V.s)	Campo_(kA/m)	Magnetizacion_(A/m)
0.000000e+00	-4.989724e-06	-9.402020e-09	-3.458271e+01	-6.163206e+02
1.000000e-08	-4.988631e-06	-9.404892e-09	-3.457514e+01	-6.162455e+02
2.000000e-08	-4.985687e-06	-9.405937e-09	-3.455474e+01	-6.160850e+02
3.000000e-08	-4.981050e-06	-9.403012e-09	-3.452260e+01	-6.158291e+02
4.000000e-08	-4.974932e-06	-9.397590e-09	-3.448019e+01	-6.154319e+02
5.000000e-08	-4.967287e-06	-9.388394e-09	-3.442721e+01	-6.148482e+02
6.000000e-08	-4.958038e-06	-9.374478e-09	-3.436311e+01	-6.140861e+02
7.000000e-08	-4.946929e-06	-9.354096e-09	-3.428611e+01	-6.132314e+02
8.000000e-08	-4.933997e-06	-9.324848e-09	-3.419648e+01	-6.124118e+02
9.000000e-08	-4.918991e-06	-9.347680e-09	-3.409248e+01	-6.117165e+02
1.000000e-07	-4.901552e-06	-9.382427e-09	-3.397161e+01	-6.111219e+02
1.100000e-07	-4.882138e-06	-9.354925e-09	-3.383706e+01	-6.104818e+02
1.200000e-07	-4.861185e-06	-9.334669e-09	-3.369184e+01	-6.095988e+02
1.300000e-07	-4.838883e-06	-9.233743e-09	-3.353727e+01	-6.083400e+02
1.400000e-07	-4.815421e-06	-9.190877e-09	-3.337466e+01	-6.067266e+02
1.500000e-07	-4.790434e-06	-9.332503e-09	-3.320148e+01	-6.049359e+02
1.600000e-07	-4.763606e-06	-9.204150e-09	-3.301554e+01	-6.032092e+02
1.700000e-07	-4.735248e-06	-9.106163e-09	-3.281900e+01	-6.017186e+02
1.800000e-07	-4.705250e-06	-9.236675e-09	-3.261108e+01	-6.004707e+02
1.900000e-07	-4.673626e-06	-9.124077e-09	-3.239191e+01	-5.993046e+02
2.000000e-07	-4.640699e-06	-9.096083e-09	-3.216370e+01	-5.979804e+02
2.100000e-07	-4.606114e-06	-9.186663e-09	-3.192400e+01	-5.963045e+02
2.200000e-07	-4.569703e-06	-9.027463e-09	-3.167164e+01	-5.942177e+02
2.300000e-07	-4.531678e-06	-8.962390e-09	-3.140809e+01	-5.918033e+02
2.400000e-07	-4.492093e-06	-9.017862e-09	-3.113374e+01	-5.892224e+02
2.500000e-07	-4.450903e-06	-8.965081e-09	-3.084826e+01	-5.866219e+02
2.600000e-07	-4.407857e-06	-8.926069e-09	-3.054992e+01	-5.840707e+02
2.700000e-07	-4.363015e-06	-8.832868e-09	-3.023913e+01	-5.815489e+02
2.800000e-07	-4.316729e-06	-8.797179e-09	-2.991833e+01	-5.789821e+02
2.900000e-07	-4.268935e-06	-8.822004e-09	-2.958708e+01	-5.762883e+02
3.000000e-07	-4.219334e-06	-8.761528e-09	-2.924331e+01	-5.734109e+02
3.100000e-07	-4.167762e-06	-8.689528e-09	-2.888587e+01	-5.703273e+02
3.200000e-07	-4.114397e-06	-8.626855e-09	-2.851601e+01	-5.670424e+02
3.300000e-07	-4.059623e-06	-8.594166e-09	-2.813638e+01	-5.635800e+02
3.400000e-07	-4.003603e-06	-8.566579e-09	-2.774812e+01	-5.599764e+02
3.500000e-07	-3.946168e-06	-8.503547e-09	-2.735005e+01	-5.562726e+02
3.600000e-07	-3.887067e-06	-8.415218e-09	-2.694043e+01	-5.525011e+02
3.700000e-07	-3.826451e-06	-8.337691e-09	-2.652032e+01	-5.486700e+02
3.800000e-07	-3.764629e-06	-8.324155e-09	-2.609184e+01	-5.447548e+02
3.900000e-07	-3.701625e-06	-8.279568e-09	-2.565517e+01	-5.407072e+02
4.000000e-07	-3.637317e-06	-8.169378e-09	-2.520947e+01	-5.364778e+02
4.100000e-07	-3.571603e-06	-8.086626e-09	-2.475402e+01	-5.320397e+02
4.200000e-07	-3.504499e-06	-8.035434e-09	-2.428893e+01	-5.273971e+02
4.300000e-07	-3.436128e-06	-8.002561e-09	-2.381507e+01	-5.225732e+02
4.400000e-07	-3.366549e-06	-7.922467e-09	-2.333283e+01	-5.175887e+02
4.500000e-07	-3.295767e-06	-7.802821e-09	-2.284226e+01	-5.124479e+02
4.600000e-07	-3.223901e-06	-7.717617e-09	-2.234417e+01	-5.071431e+02
4.700000e-07	-3.150995e-06	-7.655266e-09	-2.183888e+01	-5.016728e+02
4.800000e-07	-3.076818e-06	-7.587986e-09	-2.132477e+01	-4.960556e+02
4.900000e-07	-3.001252e-06	-7.481191e-09	-2.080104e+01	-4.903242e+02
5.000000e-07	-2.924415e-06	-7.371575e-09	-2.026850e+01	-4.845002e+02
5.100000e-07	-2.846391e-06	-7.295768e-09	-1.972773e+01	-4.785661e+02
5.200000e-07	-2.767197e-06	-7.229577e-09	-1.917886e+01	-4.724591e+02
5.300000e-07	-2.686813e-06	-7.132754e-09	-1.862173e+01	-4.660958e+02
5.400000e-07	-2.605299e-06	-6.997879e-09	-1.805677e+01	-4.594170e+02
5.500000e-07	-2.522857e-06	-6.880176e-09	-1.748539e+01	-4.524244e+02
5.600000e-07	-2.439666e-06	-6.790789e-09	-1.690881e+01	-4.451836e+02
5.700000e-07	-2.355787e-06	-6.697054e-09	-1.632746e+01	-4.377895e+02
5.800000e-07	-2.271235e-06	-6.573948e-09	-1.574145e+01	-4.303127e+02
5.900000e-07	-2.185996e-06	-6.439299e-09	-1.515068e+01	-4.227583e+02
6.000000e-07	-2.100085e-06	-6.326986e-09	-1.455524e+01	-4.150602e+02
6.100000e-07	-2.013556e-06	-6.226840e-09	-1.395553e+01	-4.071133e+02
6.200000e-07	-1.926400e-06	-6.103672e-09	-1.335147e+01	-3.988226e+02
6.300000e-07	-1.838559e-06	-5.948364e-09	-1.274266e+01	-3.901434e+02
6.400000e-07	-1.750007e-06	-5.797396e-09	-1.212893e+01	-3.810934e+02
6.500000e-07	-1.660876e-06	-5.669954e-09	-1.151118e+01	-3.717361e+02
6.600000e-07	-1.571212e-06	-5.541378e-09	-1.088974e+01	-3.621471e+02
6.700000e-07	-1.480889e-06	-5.386875e-09	-1.026372e+01	-3.523814e+02
6.800000e-07	-1.389832e-06	-5.218558e-09	-9.632630e+00	-3.424519e+02
6.900000e-07	-1.298123e-06	-5.064303e-09	-8.997013e+00	-3.323237e+02
7.000000e-07	-1.205941e-06	-4.921938e-09	-8.358123e+00	-3.219253e+02
7.100000e-07	-1.113378e-06	-4.760645e-09	-7.716585e+00	-3.111716e+02
7.200000e-07	-1.020534e-06	-4.571549e-09	-7.073105e+00	-2.999948e+02
7.300000e-07	-9.274343e-07	-4.381277e-09	-6.427850e+00	-2.883708e+02
7.400000e-07	-8.340100e-07	-4.207928e-09	-5.780346e+00	-2.763296e+02
7.500000e-07	-7.403389e-07	-4.036480e-09	-5.131131e+00	-2.639407e+02
7.600000e-07	-6.464003e-07	-3.842922e-09	-4.480063e+00	-2.512746e+02
7.700000e-07	-5.521480e-07	-3.632934e-09	-3.826820e+00	-2.383612e+02
7.800000e-07	-4.577301e-07	-3.429906e-09	-3.172430e+00	-2.251653e+02
7.900000e-07	-3.631761e-07	-3.234765e-09	-2.517096e+00	-2.115983e+02
8.000000e-07	-2.684621e-07	-3.023282e-09	-1.860653e+00	-1.975599e+02
8.100000e-07	-1.736280e-07	-2.786618e-09	-1.203379e+00	-1.829875e+02
8.200000e-07	-7.874422e-08	-2.543855e-09	-5.457594e-01	-1.678835e+02
8.300000e-07	1.614194e-08	-2.311991e-09	1.118763e-01	-1.523030e+02
8.400000e-07	1.110390e-07	-2.082131e-09	7.695879e-01	-1.363114e+02
8.500000e-07	2.059402e-07	-1.832962e-09	1.427328e+00	-1.199383e+02
8.600000e-07	3.007852e-07	-1.564956e-09	2.084678e+00	-1.031581e+02
8.700000e-07	3.954625e-07	-1.296587e-09	2.740866e+00	-8.590832e+01
8.800000e-07	4.899783e-07	-1.033404e-09	3.395936e+00	-6.813177e+01
8.900000e-07	5.843402e-07	-7.588717e-10	4.049937e+00	-4.981470e+01
9.000000e-07	6.784929e-07	-4.631767e-10	4.702490e+00	-3.099587e+01
9.100000e-07	7.723578e-07	-1.584781e-10	5.353048e+00	-1.174369e+01
9.200000e-07	8.658796e-07	1.392183e-10	6.001227e+00	7.880365e+00
9.300000e-07	9.591087e-07	4.326149e-10	6.647378e+00	2.784545e+01
9.400000e-07	1.052070e-06	7.400919e-10	7.291676e+00	4.814571e+01
9.500000e-07	1.144752e-06	1.063942e-09	7.934031e+00	6.876976e+01
9.600000e-07	1.237114e-06	1.388110e-09	8.574174e+00	8.966600e+01
9.700000e-07	1.329141e-06	1.702306e-09	9.211995e+00	1.107268e+02
9.800000e-07	1.420749e-06	2.016680e-09	9.846909e+00	1.318015e+02
9.900000e-07	1.511734e-06	2.341805e-09	1.047751e+01	1.527311e+02
1.000000e-06	1.601955e-06	2.667266e-09	1.110281e+01	1.733836e+02
1.010000e-06	1.691357e-06	2.977190e-09	1.172244e+01	1.936744e+02
1.020000e-06	1.780079e-06	3.272922e-09	1.233735e+01	2.135610e+02
1.030000e-06	1.868328e-06	3.567365e-09	1.294898e+01	2.330210e+02
1.040000e-06	1.956053e-06	3.862218e-09	1.355699e+01	2.520245e+02
1.050000e-06	2.043083e-06	4.146482e-09	1.416018e+01	2.705154e+02
1.060000e-06	2.129371e-06	4.412423e-09	1.475821e+01	2.884113e+02
1.070000e-06	2.214941e-06	4.667668e-09	1.535128e+01	3.056206e+02
1.080000e-06	2.299855e-06	4.922116e-09	1.593981e+01	3.220704e+02
1.090000e-06	2.384176e-06	5.170205e-09	1.652421e+01	3.377331e+02
1.100000e-06	2.467767e-06	5.399329e-09	1.710356e+01	3.526385e+02
1.110000e-06	2.550391e-06	5.610009e-09	1.767622e+01	3.668626e+02
1.120000e-06	2.632036e-06	5.815161e-09	1.824208e+01	3.804946e+02
1.130000e-06	2.712772e-06	6.018562e-09	1.880165e+01	3.935970e+02
1.140000e-06	2.792504e-06	6.213684e-09	1.935425e+01	4.061774e+02
1.150000e-06	2.871159e-06	6.391548e-09	1.989939e+01	4.181917e+02
1.160000e-06	2.948753e-06	6.556452e-09	2.043718e+01	4.295764e+02
1.170000e-06	3.025337e-06	6.720939e-09	2.096797e+01	4.402953e+02
1.180000e-06	3.100759e-06	6.884258e-09	2.149070e+01	4.503727e+02
1.190000e-06	3.174710e-06	7.036538e-09	2.200324e+01	4.598925e+02
1.200000e-06	3.247317e-06	7.173009e-09	2.250646e+01	4.689628e+02
1.210000e-06	3.318842e-06	7.301853e-09	2.300218e+01	4.776683e+02
1.220000e-06	3.389243e-06	7.431071e-09	2.349012e+01	4.860383e+02
1.230000e-06	3.458489e-06	7.556739e-09	2.397005e+01	4.940511e+02
1.240000e-06	3.526746e-06	7.669450e-09	2.444313e+01	5.016671e+02
1.250000e-06	3.593781e-06	7.770476e-09	2.490773e+01	5.088690e+02
1.260000e-06	3.659197e-06	7.874325e-09	2.536111e+01	5.156805e+02
1.270000e-06	3.723279e-06	7.984952e-09	2.580526e+01	5.221529e+02
1.280000e-06	3.786201e-06	8.088446e-09	2.624136e+01	5.283329e+02
1.290000e-06	3.847800e-06	8.175404e-09	2.666828e+01	5.342357e+02
1.300000e-06	3.908275e-06	8.252554e-09	2.708742e+01	5.398441e+02
1.310000e-06	3.967503e-06	8.332530e-09	2.749792e+01	5.451332e+02
1.320000e-06	4.025027e-06	8.413981e-09	2.789660e+01	5.501024e+02
1.330000e-06	4.081054e-06	8.484657e-09	2.828492e+01	5.547905e+02
1.340000e-06	4.135718e-06	8.545263e-09	2.866378e+01	5.592623e+02
1.350000e-06	4.188823e-06	8.609381e-09	2.903184e+01	5.635773e+02
1.360000e-06	4.240210e-06	8.680863e-09	2.938799e+01	5.677594e+02
1.370000e-06	4.289744e-06	8.748780e-09	2.973130e+01	5.717885e+02
1.380000e-06	4.337608e-06	8.802656e-09	3.006304e+01	5.756167e+02
1.390000e-06	4.383979e-06	8.848616e-09	3.038443e+01	5.791970e+02
1.400000e-06	4.428957e-06	8.899580e-09	3.069616e+01	5.825073e+02
1.410000e-06	4.472481e-06	8.952726e-09	3.099781e+01	5.855601e+02
1.420000e-06	4.514165e-06	8.996661e-09	3.128672e+01	5.883972e+02
1.430000e-06	4.554126e-06	9.030815e-09	3.156368e+01	5.910761e+02
1.440000e-06	4.592617e-06	9.066106e-09	3.183045e+01	5.936555e+02
1.450000e-06	4.629637e-06	9.109514e-09	3.208703e+01	5.961789e+02
1.460000e-06	4.665176e-06	9.152283e-09	3.233334e+01	5.986574e+02
1.470000e-06	4.698871e-06	9.184357e-09	3.256687e+01	6.010583e+02
1.480000e-06	4.730819e-06	9.211666e-09	3.278830e+01	6.033084e+02
1.490000e-06	4.761280e-06	9.243283e-09	3.299941e+01	6.053208e+02
1.500000e-06	4.790187e-06	9.276556e-09	3.319977e+01	6.070391e+02
1.510000e-06	4.817389e-06	9.301177e-09	3.338830e+01	6.084766e+02
1.520000e-06	4.842665e-06	9.315755e-09	3.356348e+01	6.097243e+02
1.530000e-06	4.866177e-06	9.330223e-09	3.372644e+01	6.109137e+02
1.540000e-06	4.888088e-06	9.351059e-09	3.387830e+01	6.121497e+02
1.550000e-06	4.908474e-06	9.374258e-09	3.401959e+01	6.134520e+02
1.560000e-06	4.927243e-06	9.392536e-09	3.414967e+01	6.147412e+02
1.570000e-06	4.944122e-06	9.405443e-09	3.426666e+01	6.158825e+02
1.580000e-06	4.959119e-06	9.417887e-09	3.437060e+01	6.167633e+02
1.590000e-06	4.972347e-06	9.431492e-09	3.446228e+01	6.173558e+02
1.600000e-06	4.983623e-06	9.440202e-09	3.454043e+01	6.177275e+02
1.610000e-06	4.992842e-06	9.440859e-09	3.460432e+01	6.179942e+02
1.620000e-06	5.000297e-06	9.439838e-09	3.465599e+01	6.182503e+02
1.630000e-06	5.006092e-06	9.443216e-09	3.469616e+01	6.185214e+02
1.640000e-06	5.010221e-06	9.449286e-09	3.472478e+01	6.187682e+02
1.650000e-06	5.012520e-06	9.454274e-09	3.474071e+01	6.189312e+02
1.660000e-06	5.012952e-06	9.456217e-09	3.474370e+01	6.189781e+02
1.670000e-06	5.011767e-06	9.452969e-09	3.473549e+01	6.189165e+02
1.680000e-06	5.009090e-06	9.449956e-09	3.471693e+01	6.187678e+02
1.690000e-06	5.004898e-06	9.446778e-09	3.468789e+01	6.185277e+02
1.700000e-06	4.998893e-06	9.436873e-09	3.464626e+01	6.181540e+02
1.710000e-06	4.991134e-06	9.423742e-09	3.459249e+01	6.175980e+02
1.720000e-06	4.981906e-06	9.415571e-09	3.452853e+01	6.168578e+02
1.730000e-06	4.971157e-06	9.425281e-09	3.445403e+01	6.160087e+02
1.740000e-06	4.958703e-06	9.431484e-09	3.436771e+01	6.151767e+02
1.750000e-06	4.944245e-06	9.351229e-09	3.426751e+01	6.144619e+02
1.760000e-06	4.927399e-06	9.312681e-09	3.415076e+01	6.138594e+02
1.770000e-06	4.908045e-06	9.306080e-09	3.401661e+01	6.132378e+02
1.780000e-06	4.886497e-06	9.352209e-09	3.386727e+01	6.124003e+02
1.790000e-06	4.863647e-06	9.435909e-09	3.370890e+01	6.111980e+02
1.800000e-06	4.840172e-06	9.244776e-09	3.354620e+01	6.096274e+02
1.810000e-06	4.815330e-06	9.221911e-09	3.337403e+01	6.078472e+02
1.820000e-06	4.788696e-06	9.358951e-09	3.318944e+01	6.060978e+02
1.830000e-06	4.760915e-06	9.162393e-09	3.299689e+01	6.045686e+02
1.840000e-06	4.731447e-06	9.170849e-09	3.279265e+01	6.032925e+02
1.850000e-06	4.699638e-06	9.264765e-09	3.257219e+01	6.021288e+02
1.860000e-06	4.666173e-06	9.041126e-09	3.234025e+01	6.008414e+02
1.870000e-06	4.631316e-06	9.110949e-09	3.209867e+01	5.992230e+02
1.880000e-06	4.594971e-06	9.214544e-09	3.184676e+01	5.971925e+02
1.890000e-06	4.556946e-06	9.037079e-09	3.158322e+01	5.948159e+02
1.900000e-06	4.516916e-06	9.023328e-09	3.130578e+01	5.922484e+02
1.910000e-06	4.475373e-06	8.954149e-09	3.101786e+01	5.896443e+02
1.920000e-06	4.432539e-06	8.938363e-09	3.072098e+01	5.870853e+02
1.930000e-06	4.388071e-06	8.997081e-09	3.041279e+01	5.845631e+02
1.940000e-06	4.342048e-06	8.822888e-09	3.009381e+01	5.820079e+02
1.950000e-06	4.294429e-06	8.801596e-09	2.976377e+01	5.793365e+02
1.960000e-06	4.245188e-06	8.802023e-09	2.942249e+01	5.764874e+02
1.970000e-06	4.194335e-06	8.733309e-09	2.907004e+01	5.734334e+02
1.980000e-06	4.141596e-06	8.727388e-09	2.870452e+01	5.701761e+02
1.990000e-06	4.087076e-06	8.604879e-09	2.832666e+01	5.667371e+02
2.000000e-06	4.031042e-06	8.562211e-09	2.793830e+01	5.631510e+02
2.010000e-06	3.973707e-06	8.524685e-09	2.754092e+01	5.594591e+02
2.020000e-06	3.915200e-06	8.484184e-09	2.713542e+01	5.556960e+02
2.030000e-06	3.855361e-06	8.434749e-09	2.672069e+01	5.518741e+02
2.040000e-06	3.794007e-06	8.285368e-09	2.629545e+01	5.479735e+02
2.050000e-06	3.731099e-06	8.284651e-09	2.585946e+01	5.439480e+02
2.060000e-06	3.666864e-06	8.253879e-09	2.541425e+01	5.397469e+02
2.070000e-06	3.601385e-06	8.169085e-09	2.496044e+01	5.353390e+02
2.080000e-06	3.534644e-06	8.080183e-09	2.449786e+01	5.307243e+02
2.090000e-06	3.466756e-06	7.962836e-09	2.402735e+01	5.259247e+02
2.100000e-06	3.397493e-06	7.944871e-09	2.354730e+01	5.209624e+02
2.110000e-06	3.326766e-06	7.870924e-09	2.305711e+01	5.158442e+02
2.120000e-06	3.254851e-06	7.779603e-09	2.255868e+01	5.105632e+02
2.130000e-06	3.181891e-06	7.680307e-09	2.205301e+01	5.051159e+02
2.140000e-06	3.107874e-06	7.589276e-09	2.154001e+01	4.995177e+02
2.150000e-06	3.032645e-06	7.548641e-09	2.101861e+01	4.938007e+02
2.160000e-06	2.956123e-06	7.440209e-09	2.048826e+01	4.879898e+02
2.170000e-06	2.878265e-06	7.333049e-09	1.994864e+01	4.820743e+02
2.180000e-06	2.799208e-06	7.224917e-09	1.940072e+01	4.759969e+02
2.190000e-06	2.719245e-06	7.148179e-09	1.884651e+01	4.696749e+02
2.200000e-06	2.638433e-06	7.074173e-09	1.828642e+01	4.630427e+02
2.210000e-06	2.556792e-06	6.945226e-09	1.772058e+01	4.560921e+02
2.220000e-06	2.474280e-06	6.822684e-09	1.714871e+01	4.488809e+02
2.230000e-06	2.390929e-06	6.707321e-09	1.657102e+01	4.415032e+02
2.240000e-06	2.306826e-06	6.618774e-09	1.598812e+01	4.340362e+02
2.250000e-06	2.221903e-06	6.502966e-09	1.539954e+01	4.264954e+02
2.260000e-06	2.135982e-06	6.363391e-09	1.480403e+01	4.188238e+02
2.270000e-06	2.049114e-06	6.233233e-09	1.420197e+01	4.109189e+02
2.280000e-06	1.961557e-06	6.118965e-09	1.359514e+01	4.026814e+02
2.290000e-06	1.873408e-06	6.013496e-09	1.298419e+01	3.940580e+02
2.300000e-06	1.784712e-06	5.866572e-09	1.236946e+01	3.850578e+02
2.310000e-06	1.695447e-06	5.706346e-09	1.175078e+01	3.757396e+02
2.320000e-06	1.605593e-06	5.558399e-09	1.112802e+01	3.661794e+02
2.330000e-06	1.515237e-06	5.427304e-09	1.050179e+01	3.564371e+02
2.340000e-06	1.424459e-06	5.282359e-09	9.872625e+00	3.465319e+02
2.350000e-06	1.333291e-06	5.108365e-09	9.240755e+00	3.364358e+02
2.360000e-06	1.241613e-06	4.940056e-09	8.605353e+00	3.260811e+02
2.370000e-06	1.149397e-06	4.788655e-09	7.966226e+00	3.153830e+02
2.380000e-06	1.056800e-06	4.638622e-09	7.324455e+00	3.042693e+02
2.390000e-06	9.638926e-07	4.460680e-09	6.680534e+00	2.927085e+02
2.400000e-06	8.705296e-07	4.262016e-09	6.033455e+00	2.807232e+02
2.410000e-06	7.766729e-07	4.067323e-09	5.382955e+00	2.683791e+02
2.420000e-06	6.824377e-07	3.885926e-09	4.729830e+00	2.557494e+02
2.430000e-06	5.879157e-07	3.697103e-09	4.074719e+00	2.428719e+02
2.440000e-06	4.931979e-07	3.483748e-09	3.418250e+00	2.297208e+02
2.450000e-06	3.982628e-07	3.266447e-09	2.760274e+00	2.162132e+02
2.460000e-06	3.031816e-07	3.061463e-09	2.101287e+00	2.022472e+02
2.470000e-06	2.080639e-07	2.857756e-09	1.442046e+00	1.877524e+02
2.480000e-06	1.129169e-07	2.631227e-09	7.826033e-01	1.727218e+02
2.490000e-06	1.774072e-08	2.383080e-09	1.229571e-01	1.572050e+02
2.500000e-06	-7.746004e-08	2.136002e-09	-5.368590e-01	1.412691e+02
2.510000e-06	-1.726589e-07	1.897373e-09	-1.196662e+00	1.249507e+02
2.520000e-06	-2.677939e-07	1.649031e-09	-1.856023e+00	1.082320e+02
2.530000e-06	-3.628508e-07	1.378961e-09	-2.514842e+00	9.105334e+01
2.540000e-06	-4.577658e-07	1.099527e-09	-3.172677e+00	7.335410e+01
2.550000e-06	-5.524857e-07	8.254327e-10	-3.829161e+00	5.511292e+01
2.560000e-06	-6.470017e-07	5.520486e-10	-4.484231e+00	3.636182e+01
2.570000e-06	-7.412663e-07	2.620197e-10	-5.137559e+00	1.716719e+01
2.580000e-06	-8.351382e-07	-4.492455e-11	-5.788165e+00	-2.406498e+00
2.590000e-06	-9.285087e-07	-3.522208e-10	-6.435296e+00	-2.232361e+01
2.600000e-06	-1.021353e-06	-6.524560e-10	-7.078783e+00	-4.257621e+01
2.610000e-06	-1.113712e-06	-9.586364e-10	-7.718903e+00	-6.315599e+01
2.620000e-06	-1.205686e-06	-1.281671e-09	-8.356355e+00	-8.401870e+01
2.630000e-06	-1.297250e-06	-1.610035e-09	-8.990965e+00	-1.050646e+02
2.640000e-06	-1.388383e-06	-1.929524e-09	-9.622587e+00	-1.261474e+02
2.650000e-06	-1.479087e-06	-2.241911e-09	-1.025124e+01	-1.471067e+02
2.660000e-06	-1.569361e-06	-2.557668e-09	-1.087691e+01	-1.678053e+02
2.670000e-06	-1.659092e-06	-2.874446e-09	-1.149882e+01	-1.881511e+02
2.680000e-06	-1.748097e-06	-3.179442e-09	-1.211569e+01	-2.080971e+02
2.690000e-06	-1.836446e-06	-3.470174e-09	-1.272802e+01	-2.276195e+02
2.700000e-06	-1.924282e-06	-3.756956e-09	-1.333679e+01	-2.466910e+02
2.710000e-06	-2.011661e-06	-4.044924e-09	-1.394240e+01	-2.652597e+02
2.720000e-06	-2.098495e-06	-4.326215e-09	-1.454422e+01	-2.832464e+02
2.730000e-06	-2.184430e-06	-4.589878e-09	-1.513982e+01	-3.005591e+02
2.740000e-06	-2.269209e-06	-4.836029e-09	-1.572740e+01	-3.171204e+02
2.750000e-06	-2.353042e-06	-5.074452e-09	-1.630843e+01	-3.328951e+02
2.760000e-06	-2.436232e-06	-5.308311e-09	-1.688500e+01	-3.479049e+02
2.770000e-06	-2.518687e-06	-5.530434e-09	-1.745648e+01	-3.622207e+02
2.780000e-06	-2.600240e-06	-5.735390e-09	-1.802171e+01	-3.759326e+02
2.790000e-06	-2.680853e-06	-5.931743e-09	-1.858042e+01	-3.891088e+02
2.800000e-06	-2.760632e-06	-6.128691e-09	-1.913335e+01	-4.017656e+02
2.810000e-06	-2.839658e-06	-6.321257e-09	-1.968106e+01	-4.138648e+02
2.820000e-06	-2.917538e-06	-6.497027e-09	-2.022084e+01	-4.253428e+02
2.830000e-06	-2.993926e-06	-6.655386e-09	-2.075027e+01	-4.361569e+02
2.840000e-06	-3.069006e-06	-6.806248e-09	-2.127062e+01	-4.463220e+02
2.850000e-06	-3.142989e-06	-6.955872e-09	-2.178339e+01	-4.559150e+02
2.860000e-06	-3.215842e-06	-7.099635e-09	-2.228832e+01	-4.650434e+02
2.870000e-06	-3.287660e-06	-7.230347e-09	-2.278607e+01	-4.737978e+02
2.880000e-06	-3.358455e-06	-7.352907e-09	-2.327674e+01	-4.822162e+02
2.890000e-06	-3.427815e-06	-7.477236e-09	-2.375746e+01	-4.902826e+02
2.900000e-06	-3.495745e-06	-7.600962e-09	-2.422826e+01	-4.979572e+02
2.910000e-06	-3.562573e-06	-7.711614e-09	-2.469143e+01	-5.052179e+02
2.920000e-06	-3.628218e-06	-7.809299e-09	-2.514640e+01	-5.120824e+02
2.930000e-06	-3.692628e-06	-7.903451e-09	-2.559282e+01	-5.186000e+02
2.940000e-06	-3.755874e-06	-7.999601e-09	-2.603116e+01	-5.248200e+02
2.950000e-06	-3.817678e-06	-8.093719e-09	-2.645952e+01	-5.307629e+02
2.960000e-06	-3.877884e-06	-8.178318e-09	-2.687679e+01	-5.364151e+02
2.970000e-06	-3.936758e-06	-8.256793e-09	-2.728483e+01	-5.417507e+02
2.980000e-06	-3.994352e-06	-8.334728e-09	-2.768400e+01	-5.467643e+02
2.990000e-06	-4.050556e-06	-8.412884e-09	-2.807354e+01	-5.514889e+02
3.000000e-06	-4.105348e-06	-8.483407e-09	-2.845330e+01	-5.559876e+02
3.010000e-06	-4.158392e-06	-8.542993e-09	-2.882093e+01	-5.603225e+02
3.020000e-06	-4.209644e-06	-8.601671e-09	-2.917615e+01	-5.645239e+02
3.030000e-06	-4.259321e-06	-8.666630e-09	-2.952045e+01	-5.685775e+02
3.040000e-06	-4.307115e-06	-8.731589e-09	-2.985170e+01	-5.724377e+02
3.050000e-06	-4.353091e-06	-8.788394e-09	-3.017035e+01	-5.760556e+02
3.060000e-06	-4.397664e-06	-8.836606e-09	-3.047927e+01	-5.794045e+02
3.070000e-06	-4.440998e-06	-8.885790e-09	-3.077961e+01	-5.824923e+02
3.080000e-06	-4.482988e-06	-8.935819e-09	-3.107063e+01	-5.853569e+02
3.090000e-06	-4.523509e-06	-8.977377e-09	-3.135148e+01	-5.880547e+02
3.100000e-06	-4.562583e-06	-9.011081e-09	-3.162229e+01	-5.906452e+02
3.110000e-06	-4.599878e-06	-9.045671e-09	-3.188077e+01	-5.931750e+02
3.120000e-06	-4.635374e-06	-9.087321e-09	-3.212679e+01	-5.956609e+02
3.130000e-06	-4.669324e-06	-9.129801e-09	-3.236209e+01	-5.980767e+02
3.140000e-06	-4.701752e-06	-9.163547e-09	-3.258684e+01	-6.003538e+02
3.150000e-06	-4.732625e-06	-9.189745e-09	-3.280082e+01	-6.024049e+02
3.160000e-06	-4.761681e-06	-9.215946e-09	-3.300220e+01	-6.041663e+02
3.170000e-06	-4.788964e-06	-9.242466e-09	-3.319129e+01	-6.056401e+02
3.180000e-06	-4.814612e-06	-9.263718e-09	-3.336905e+01	-6.069073e+02
3.190000e-06	-4.838661e-06	-9.279506e-09	-3.353573e+01	-6.080972e+02
3.200000e-06	-4.861025e-06	-9.296038e-09	-3.369073e+01	-6.093230e+02
3.210000e-06	-4.881499e-06	-9.316266e-09	-3.383263e+01	-6.106187e+02
3.220000e-06	-4.900251e-06	-9.337715e-09	-3.396259e+01	-6.119175e+02
3.230000e-06	-4.917405e-06	-9.354696e-09	-3.408149e+01	-6.130883e+02
3.240000e-06	-4.932910e-06	-9.366737e-09	-3.418895e+01	-6.140104e+02
3.250000e-06	-4.946450e-06	-9.376585e-09	-3.428279e+01	-6.146420e+02
3.260000e-06	-4.957895e-06	-9.386499e-09	-3.436211e+01	-6.150386e+02
3.270000e-06	-4.967534e-06	-9.393502e-09	-3.442892e+01	-6.153133e+02
3.280000e-06	-4.975522e-06	-9.397242e-09	-3.448428e+01	-6.155676e+02
3.290000e-06	-4.981721e-06	-9.400745e-09	-3.452725e+01	-6.158379e+02
3.300000e-06	-4.986015e-06	-9.404196e-09	-3.455701e+01	-6.160920e+02
3.310000e-06	-4.988643e-06	-9.405467e-09	-3.457522e+01	-6.162701e+02
3.320000e-06	-4.989709e-06	-9.403378e-09	-3.458261e+01	-6.163339e+02
