# Temperatura_=_20.0
# Concentracion g/m^3_=_10000.0
# C_Vs_to_Am_M_A/Vsm_=_65563218390.804596
# pendiente_HvsI_1/m_=_3716.3
# ordenada_HvsI_A/m_=_1297.0
# frecuencia_Hz_=_300941.7028235569

Tiempo_(s)	Campo_(V.s)	Magnetizacion_(V.s)	Campo_(kA/m)	Magnetizacion_(A/m)
0.000000e+00	-4.994516e-06	-9.322669e-09	-3.456818e+01	-6.107231e+02
1.000000e-08	-4.991761e-06	-9.322546e-09	-3.454911e+01	-6.105848e+02
2.000000e-08	-4.987304e-06	-9.320204e-09	-3.451826e+01	-6.104675e+02
3.000000e-08	-4.981414e-06	-9.317878e-09	-3.447750e+01	-6.102806e+02
4.000000e-08	-4.974079e-06	-9.312056e-09	-3.442673e+01	-6.099172e+02
5.000000e-08	-4.965202e-06	-9.300901e-09	-3.436529e+01	-6.093366e+02
6.000000e-08	-4.954423e-06	-9.279805e-09	-3.429068e+01	-6.086018e+02
7.000000e-08	-4.941762e-06	-9.238910e-09	-3.420305e+01	-6.078408e+02
8.000000e-08	-4.927106e-06	-9.277433e-09	-3.410161e+01	-6.071541e+02
9.000000e-08	-4.909984e-06	-9.345697e-09	-3.398311e+01	-6.065333e+02
1.000000e-07	-4.890742e-06	-9.299179e-09	-3.384993e+01	-6.058515e+02
1.100000e-07	-4.869934e-06	-9.268007e-09	-3.370591e+01	-6.049382e+02
1.200000e-07	-4.847787e-06	-9.140740e-09	-3.355263e+01	-6.036943e+02
1.300000e-07	-4.824498e-06	-9.068328e-09	-3.339144e+01	-6.021695e+02
1.400000e-07	-4.799716e-06	-9.323145e-09	-3.321992e+01	-6.005484e+02
1.500000e-07	-4.773004e-06	-9.158271e-09	-3.303504e+01	-5.990466e+02
1.600000e-07	-4.744784e-06	-8.975529e-09	-3.283973e+01	-5.977818e+02
1.700000e-07	-4.715033e-06	-9.223884e-09	-3.263381e+01	-5.966992e+02
1.800000e-07	-4.683581e-06	-9.073129e-09	-3.241612e+01	-5.955989e+02
1.900000e-07	-4.650853e-06	-8.998986e-09	-3.218960e+01	-5.942464e+02
2.000000e-07	-4.616474e-06	-9.184383e-09	-3.195166e+01	-5.924991e+02
2.100000e-07	-4.580230e-06	-8.949020e-09	-3.170081e+01	-5.903728e+02
2.200000e-07	-4.542343e-06	-8.845921e-09	-3.143858e+01	-5.880132e+02
2.300000e-07	-4.502830e-06	-8.976604e-09	-3.116511e+01	-5.855996e+02
2.400000e-07	-4.461779e-06	-8.901937e-09	-3.088098e+01	-5.832420e+02
2.500000e-07	-4.418909e-06	-8.883527e-09	-3.058427e+01	-5.809342e+02
2.600000e-07	-4.374202e-06	-8.781203e-09	-3.027484e+01	-5.785791e+02
2.700000e-07	-4.328069e-06	-8.719372e-09	-2.995554e+01	-5.760606e+02
2.800000e-07	-4.280511e-06	-8.784752e-09	-2.962638e+01	-5.733104e+02
2.900000e-07	-4.231118e-06	-8.723053e-09	-2.928452e+01	-5.703310e+02
3.000000e-07	-4.179648e-06	-8.623953e-09	-2.892829e+01	-5.671731e+02
3.100000e-07	-4.126379e-06	-8.554389e-09	-2.855960e+01	-5.638915e+02
3.200000e-07	-4.071732e-06	-8.542377e-09	-2.818138e+01	-5.605150e+02
3.300000e-07	-4.015934e-06	-8.526828e-09	-2.779519e+01	-5.570449e+02
3.400000e-07	-3.958755e-06	-8.458495e-09	-2.739944e+01	-5.534744e+02
3.500000e-07	-3.899858e-06	-8.370052e-09	-2.699180e+01	-5.498054e+02
3.600000e-07	-3.839406e-06	-8.271342e-09	-2.657339e+01	-5.460466e+02
3.700000e-07	-3.777688e-06	-8.275124e-09	-2.614623e+01	-5.421957e+02
3.800000e-07	-3.714754e-06	-8.260671e-09	-2.571066e+01	-5.382231e+02
3.900000e-07	-3.650605e-06	-8.126952e-09	-2.526666e+01	-5.340748e+02
4.000000e-07	-3.585087e-06	-8.037386e-09	-2.481320e+01	-5.296973e+02
4.100000e-07	-3.518091e-06	-7.984773e-09	-2.434950e+01	-5.250696e+02
4.200000e-07	-3.449811e-06	-7.964452e-09	-2.387692e+01	-5.202201e+02
4.300000e-07	-3.380324e-06	-7.893150e-09	-2.339598e+01	-5.152150e+02
4.400000e-07	-3.309586e-06	-7.755948e-09	-2.290640e+01	-5.101241e+02
4.500000e-07	-3.237762e-06	-7.670154e-09	-2.240928e+01	-5.049831e+02
4.600000e-07	-3.164847e-06	-7.624111e-09	-2.190462e+01	-4.997747e+02
4.700000e-07	-3.090624e-06	-7.577530e-09	-2.139091e+01	-4.944382e+02
4.800000e-07	-3.015041e-06	-7.463702e-09	-2.086778e+01	-4.889008e+02
4.900000e-07	-2.938229e-06	-7.339929e-09	-2.033615e+01	-4.831120e+02
5.000000e-07	-2.860307e-06	-7.264615e-09	-1.979683e+01	-4.770635e+02
5.100000e-07	-2.781279e-06	-7.206668e-09	-1.924986e+01	-4.707859e+02
5.200000e-07	-2.701051e-06	-7.116189e-09	-1.869459e+01	-4.643280e+02
5.300000e-07	-2.619677e-06	-6.969052e-09	-1.813138e+01	-4.577307e+02
5.400000e-07	-2.537299e-06	-6.846198e-09	-1.756122e+01	-4.510089e+02
5.500000e-07	-2.454095e-06	-6.774616e-09	-1.698535e+01	-4.441482e+02
5.600000e-07	-2.370279e-06	-6.699718e-09	-1.640524e+01	-4.371130e+02
5.700000e-07	-2.285775e-06	-6.576307e-09	-1.582037e+01	-4.298618e+02
5.800000e-07	-2.200516e-06	-6.428608e-09	-1.523027e+01	-4.223609e+02
5.900000e-07	-2.114569e-06	-6.311927e-09	-1.463541e+01	-4.145914e+02
6.000000e-07	-2.027990e-06	-6.220609e-09	-1.403618e+01	-4.065500e+02
6.100000e-07	-1.940791e-06	-6.104243e-09	-1.343265e+01	-3.982454e+02
6.200000e-07	-1.852984e-06	-5.943459e-09	-1.282492e+01	-3.896926e+02
6.300000e-07	-1.764518e-06	-5.786523e-09	-1.221263e+01	-3.809084e+02
6.400000e-07	-1.675354e-06	-5.671536e-09	-1.159550e+01	-3.719069e+02
6.500000e-07	-1.585497e-06	-5.560170e-09	-1.097358e+01	-3.626946e+02
6.600000e-07	-1.494889e-06	-5.407179e-09	-1.034647e+01	-3.532644e+02
6.700000e-07	-1.403594e-06	-5.229469e-09	-9.714591e+00	-3.435909e+02
6.800000e-07	-1.311791e-06	-5.072012e-09	-9.079199e+00	-3.336309e+02
6.900000e-07	-1.219594e-06	-4.940276e-09	-8.441083e+00	-3.233332e+02
7.000000e-07	-1.127069e-06	-4.787652e-09	-7.800699e+00	-3.126554e+02
7.100000e-07	-1.034224e-06	-4.596917e-09	-7.158098e+00	-3.015822e+02
7.200000e-07	-9.410301e-07	-4.403035e-09	-6.513082e+00	-2.901342e+02
7.300000e-07	-8.475019e-07	-4.236311e-09	-5.865753e+00	-2.783588e+02
7.400000e-07	-7.536898e-07	-4.078041e-09	-5.216458e+00	-2.663057e+02
7.500000e-07	-6.596241e-07	-3.888875e-09	-4.565408e+00	-2.539970e+02
7.600000e-07	-5.653104e-07	-3.674559e-09	-3.912641e+00	-2.414083e+02
7.700000e-07	-4.708096e-07	-3.470856e-09	-3.258580e+00	-2.284728e+02
7.800000e-07	-3.761398e-07	-3.286094e-09	-2.603349e+00	-2.151090e+02
7.900000e-07	-2.813241e-07	-3.086777e-09	-1.947108e+00	-2.012556e+02
8.000000e-07	-1.864163e-07	-2.853891e-09	-1.290230e+00	-1.868969e+02
8.100000e-07	-9.142885e-08	-2.609408e-09	-6.327997e-01	-1.720633e+02
8.200000e-07	3.581594e-09	-2.381976e-09	2.478903e-02	-1.568080e+02
8.300000e-07	9.858405e-08	-2.163005e-09	6.823225e-01	-1.411744e+02
8.400000e-07	1.935861e-07	-1.919797e-09	1.339853e+00	-1.251710e+02
8.500000e-07	2.885335e-07	-1.651931e-09	1.997006e+00	-1.087686e+02
8.600000e-07	3.833448e-07	-1.386769e-09	2.653216e+00	-9.191507e+01
8.700000e-07	4.779937e-07	-1.133510e-09	3.308302e+00	-7.456015e+01
8.800000e-07	5.724818e-07	-8.695169e-10	3.962276e+00	-5.667412e+01
8.900000e-07	6.667873e-07	-5.789212e-10	4.614986e+00	-3.825554e+01
9.000000e-07	7.608255e-07	-2.757457e-10	5.265845e+00	-1.932921e+01
9.100000e-07	8.545559e-07	1.785837e-11	5.914575e+00	5.899115e-02
9.200000e-07	9.480066e-07	3.041709e-10	6.561368e+00	1.984604e+01
9.300000e-07	1.041116e-06	6.067893e-10	7.205801e+00	3.995524e+01
9.400000e-07	1.133883e-06	9.298856e-10	7.847861e+00	6.030271e+01
9.500000e-07	1.226332e-06	1.251710e-09	8.487722e+00	8.080807e+01
9.600000e-07	1.318458e-06	1.556464e-09	9.125349e+00	1.014047e+02
9.700000e-07	1.410252e-06	1.859721e-09	9.760674e+00	1.220422e+02
9.800000e-07	1.501556e-06	2.179424e-09	1.039261e+01	1.426756e+02
9.900000e-07	1.592129e-06	2.506054e-09	1.101949e+01	1.632461e+02
1.000000e-06	1.681835e-06	2.818625e-09	1.164036e+01	1.836630e+02
1.010000e-06	1.770767e-06	3.114070e-09	1.225588e+01	2.038012e+02
1.020000e-06	1.859063e-06	3.408271e-09	1.286700e+01	2.235159e+02
1.030000e-06	1.946823e-06	3.706683e-09	1.347440e+01	2.426724e+02
1.040000e-06	2.033987e-06	3.995969e-09	1.407768e+01	2.611743e+02
1.050000e-06	2.120473e-06	4.262911e-09	1.467627e+01	2.789782e+02
1.060000e-06	2.206276e-06	4.514181e-09	1.527014e+01	2.960898e+02
1.070000e-06	2.291380e-06	4.766057e-09	1.585916e+01	3.125448e+02
1.080000e-06	2.375850e-06	5.017103e-09	1.644380e+01	3.283848e+02
1.090000e-06	2.459604e-06	5.252193e-09	1.702348e+01	3.436373e+02
1.100000e-06	2.542432e-06	5.467407e-09	1.759675e+01	3.583050e+02
1.110000e-06	2.624228e-06	5.674227e-09	1.816287e+01	3.723649e+02
1.120000e-06	2.705123e-06	5.883608e-09	1.872277e+01	3.857772e+02
1.130000e-06	2.785075e-06	6.087060e-09	1.927614e+01	3.985010e+02
1.140000e-06	2.863931e-06	6.269358e-09	1.982191e+01	4.105154e+02
1.150000e-06	2.941726e-06	6.433823e-09	2.036035e+01	4.218383e+02
1.160000e-06	3.018505e-06	6.595484e-09	2.089175e+01	4.325329e+02
1.170000e-06	3.094259e-06	6.758723e-09	2.141607e+01	4.426950e+02
1.180000e-06	3.168683e-06	6.912955e-09	2.193117e+01	4.524235e+02
1.190000e-06	3.241692e-06	7.051318e-09	2.243649e+01	4.617853e+02
1.200000e-06	3.313553e-06	7.181975e-09	2.293385e+01	4.707939e+02
1.210000e-06	3.384251e-06	7.315940e-09	2.342316e+01	4.794138e+02
1.220000e-06	3.453718e-06	7.449240e-09	2.390396e+01	4.875900e+02
1.230000e-06	3.522123e-06	7.567977e-09	2.437741e+01	4.952864e+02
1.240000e-06	3.589394e-06	7.671164e-09	2.484301e+01	5.025123e+02
1.250000e-06	3.655133e-06	7.773118e-09	2.529800e+01	5.093214e+02
1.260000e-06	3.719438e-06	7.879982e-09	2.574307e+01	5.157880e+02
1.270000e-06	3.782585e-06	7.980430e-09	2.618013e+01	5.219744e+02
1.280000e-06	3.844496e-06	8.066591e-09	2.660863e+01	5.279102e+02
1.290000e-06	3.905219e-06	8.145052e-09	2.702890e+01	5.335931e+02
1.300000e-06	3.964716e-06	8.227279e-09	2.744070e+01	5.390059e+02
1.310000e-06	4.022640e-06	8.313345e-09	2.784160e+01	5.441359e+02
1.320000e-06	4.078945e-06	8.391481e-09	2.823130e+01	5.489852e+02
1.330000e-06	4.133806e-06	8.457519e-09	2.861101e+01	5.535674e+02
1.340000e-06	4.187188e-06	8.519793e-09	2.898047e+01	5.578998e+02
1.350000e-06	4.238894e-06	8.585466e-09	2.933834e+01	5.619979e+02
1.360000e-06	4.288701e-06	8.648898e-09	2.968307e+01	5.658767e+02
1.370000e-06	4.336800e-06	8.701692e-09	3.001597e+01	5.695541e+02
1.380000e-06	4.383425e-06	8.747942e-09	3.033867e+01	5.730503e+02
1.390000e-06	4.428639e-06	8.798007e-09	3.065161e+01	5.763822e+02
1.400000e-06	4.472476e-06	8.852012e-09	3.095502e+01	5.795561e+02
1.410000e-06	4.514575e-06	8.900995e-09	3.124640e+01	5.825676e+02
1.420000e-06	4.554891e-06	8.940172e-09	3.152543e+01	5.854095e+02
1.430000e-06	4.593683e-06	8.976897e-09	3.179392e+01	5.880822e+02
1.440000e-06	4.630967e-06	9.019021e-09	3.205197e+01	5.905968e+02
1.450000e-06	4.666774e-06	9.060044e-09	3.229980e+01	5.929665e+02
1.460000e-06	4.700817e-06	9.091769e-09	3.253542e+01	5.951940e+02
1.470000e-06	4.733043e-06	9.116973e-09	3.275846e+01	5.972662e+02
1.480000e-06	4.763700e-06	9.144182e-09	3.297064e+01	5.991649e+02
1.490000e-06	4.792833e-06	9.176366e-09	3.317228e+01	6.008890e+02
1.500000e-06	4.820333e-06	9.204402e-09	3.336262e+01	6.024690e+02
1.510000e-06	4.845898e-06	9.222647e-09	3.353956e+01	6.039599e+02
1.520000e-06	4.869667e-06	9.238515e-09	3.370407e+01	6.054090e+02
1.530000e-06	4.891845e-06	9.260207e-09	3.385756e+01	6.068194e+02
1.540000e-06	4.912470e-06	9.285390e-09	3.400032e+01	6.081374e+02
1.550000e-06	4.931505e-06	9.304141e-09	3.413206e+01	6.092782e+02
1.560000e-06	4.948727e-06	9.313123e-09	3.425126e+01	6.101793e+02
1.570000e-06	4.964055e-06	9.320130e-09	3.435735e+01	6.108476e+02
1.580000e-06	4.977508e-06	9.331811e-09	3.445046e+01	6.113645e+02
1.590000e-06	4.989024e-06	9.343289e-09	3.453016e+01	6.118414e+02
1.600000e-06	4.998534e-06	9.348570e-09	3.459599e+01	6.123511e+02
1.610000e-06	5.006222e-06	9.350758e-09	3.464919e+01	6.128806e+02
1.620000e-06	5.012268e-06	9.356569e-09	3.469104e+01	6.133411e+02
1.630000e-06	5.016665e-06	9.365783e-09	3.472147e+01	6.136293e+02
1.640000e-06	5.019200e-06	9.372121e-09	3.473902e+01	6.137003e+02
1.650000e-06	5.019876e-06	9.371625e-09	3.474370e+01	6.136000e+02
1.660000e-06	5.018926e-06	9.362213e-09	3.473712e+01	6.134333e+02
1.670000e-06	5.016428e-06	9.354809e-09	3.471983e+01	6.132884e+02
1.680000e-06	5.012382e-06	9.355445e-09	3.469183e+01	6.131714e+02
1.690000e-06	5.006528e-06	9.350989e-09	3.465132e+01	6.130008e+02
1.700000e-06	4.998939e-06	9.340063e-09	3.459879e+01	6.126667e+02
1.710000e-06	4.989913e-06	9.333942e-09	3.453632e+01	6.121149e+02
1.720000e-06	4.979375e-06	9.355018e-09	3.446338e+01	6.113942e+02
1.730000e-06	4.967172e-06	9.381922e-09	3.437892e+01	6.106283e+02
1.740000e-06	4.953016e-06	9.261055e-09	3.428094e+01	6.099277e+02
1.750000e-06	4.936535e-06	9.203464e-09	3.416688e+01	6.093022e+02
1.760000e-06	4.917536e-06	9.212054e-09	3.403538e+01	6.086391e+02
1.770000e-06	4.896172e-06	9.273929e-09	3.388752e+01	6.077670e+02
1.780000e-06	4.873331e-06	9.425338e-09	3.372943e+01	6.065703e+02
1.790000e-06	4.849926e-06	9.142110e-09	3.356743e+01	6.050760e+02
1.800000e-06	4.825285e-06	9.089464e-09	3.339689e+01	6.034540e+02
1.810000e-06	4.798716e-06	9.377618e-09	3.321300e+01	6.019237e+02
1.820000e-06	4.771006e-06	9.086770e-09	3.302121e+01	6.006234e+02
1.830000e-06	4.741770e-06	9.077501e-09	3.281886e+01	5.995239e+02
1.840000e-06	4.710160e-06	9.289428e-09	3.260009e+01	5.984404e+02
1.850000e-06	4.676852e-06	8.928668e-09	3.236955e+01	5.971351e+02
1.860000e-06	4.642206e-06	9.020600e-09	3.212976e+01	5.954464e+02
1.870000e-06	4.606108e-06	9.242681e-09	3.187992e+01	5.933667e+02
1.880000e-06	4.568327e-06	8.965922e-09	3.161843e+01	5.910283e+02
1.890000e-06	4.528449e-06	8.979191e-09	3.134242e+01	5.886124e+02
1.900000e-06	4.486972e-06	8.904743e-09	3.105535e+01	5.862437e+02
1.910000e-06	4.444269e-06	8.865180e-09	3.075979e+01	5.839326e+02
1.920000e-06	4.399898e-06	9.022788e-09	3.045269e+01	5.815910e+02
1.930000e-06	4.354025e-06	8.757893e-09	3.013519e+01	5.791010e+02
1.940000e-06	4.306585e-06	8.730534e-09	2.980685e+01	5.763845e+02
1.950000e-06	4.257401e-06	8.788273e-09	2.946644e+01	5.734347e+02
1.960000e-06	4.206705e-06	8.692256e-09	2.911555e+01	5.702978e+02
1.970000e-06	4.154169e-06	8.715466e-09	2.875194e+01	5.670307e+02
1.980000e-06	4.099843e-06	8.540333e-09	2.837594e+01	5.636665e+02
1.990000e-06	4.044013e-06	8.511670e-09	2.798953e+01	5.602095e+02
2.000000e-06	3.986832e-06	8.496585e-09	2.759377e+01	5.566527e+02
2.010000e-06	3.928487e-06	8.450540e-09	2.718995e+01	5.529965e+02
2.020000e-06	3.868775e-06	8.438220e-09	2.677667e+01	5.492495e+02
2.030000e-06	3.807507e-06	8.221792e-09	2.635262e+01	5.454122e+02
2.040000e-06	3.744696e-06	8.247446e-09	2.591789e+01	5.414591e+02
2.050000e-06	3.680592e-06	8.243543e-09	2.547421e+01	5.373388e+02
2.060000e-06	3.615316e-06	8.143512e-09	2.502242e+01	5.329956e+02
2.070000e-06	3.548748e-06	8.068837e-09	2.456169e+01	5.284024e+02
2.080000e-06	3.480995e-06	7.904095e-09	2.409275e+01	5.235804e+02
2.090000e-06	3.411789e-06	7.922077e-09	2.361376e+01	5.185922e+02
2.100000e-06	3.341031e-06	7.859120e-09	2.312403e+01	5.135095e+02
2.110000e-06	3.269096e-06	7.756088e-09	2.262615e+01	5.083747e+02
2.120000e-06	3.196107e-06	7.652551e-09	2.212098e+01	5.031782e+02
2.130000e-06	3.122114e-06	7.543253e-09	2.160885e+01	4.978638e+02
2.140000e-06	3.046964e-06	7.546208e-09	2.108873e+01	4.923583e+02
2.150000e-06	2.970482e-06	7.433012e-09	2.055938e+01	4.866062e+02
2.160000e-06	2.892633e-06	7.314941e-09	2.002056e+01	4.805929e+02
2.170000e-06	2.813578e-06	7.188947e-09	1.947341e+01	4.743445e+02
2.180000e-06	2.733590e-06	7.114510e-09	1.891980e+01	4.679087e+02
2.190000e-06	2.652760e-06	7.070261e-09	1.836035e+01	4.613289e+02
2.200000e-06	2.571059e-06	6.929447e-09	1.779488e+01	4.546244e+02
2.210000e-06	2.488490e-06	6.803883e-09	1.722340e+01	4.477847e+02
2.220000e-06	2.405228e-06	6.682189e-09	1.664712e+01	4.407762e+02
2.230000e-06	2.321265e-06	6.614492e-09	1.606600e+01	4.335575e+02
2.240000e-06	2.236414e-06	6.511660e-09	1.547873e+01	4.260931e+02
2.250000e-06	2.150501e-06	6.360369e-09	1.488410e+01	4.183617e+02
2.260000e-06	2.063596e-06	6.220482e-09	1.428261e+01	4.103582e+02
2.270000e-06	1.976013e-06	6.103985e-09	1.367643e+01	4.020896e+02
2.280000e-06	1.887835e-06	6.021203e-09	1.306613e+01	3.935705e+02
2.290000e-06	1.799128e-06	5.875682e-09	1.245217e+01	3.848176e+02
2.300000e-06	1.709842e-06	5.705140e-09	1.183420e+01	3.758458e+02
2.310000e-06	1.619889e-06	5.554274e-09	1.121162e+01	3.666629e+02
2.320000e-06	1.529366e-06	5.441922e-09	1.058509e+01	3.572642e+02
2.330000e-06	1.438426e-06	5.318361e-09	9.955673e+00	3.476270e+02
2.340000e-06	1.347155e-06	5.139621e-09	9.323962e+00	3.377103e+02
2.350000e-06	1.255461e-06	4.961264e-09	8.689332e+00	3.274632e+02
2.360000e-06	1.163287e-06	4.811381e-09	8.051373e+00	3.168406e+02
2.370000e-06	1.070677e-06	4.675235e-09	7.410400e+00	3.058228e+02
2.380000e-06	9.776633e-07	4.499781e-09	6.766629e+00	2.944251e+02
2.390000e-06	8.841256e-07	4.293318e-09	6.119233e+00	2.826924e+02
2.400000e-06	7.900418e-07	4.096020e-09	5.468058e+00	2.706760e+02
2.410000e-06	6.955795e-07	3.928712e-09	4.814263e+00	2.584034e+02
2.420000e-06	6.008759e-07	3.759757e-09	4.158798e+00	2.458572e+02
2.430000e-06	5.060418e-07	3.548365e-09	3.502430e+00	2.329756e+02
2.440000e-06	4.110647e-07	3.322038e-09	2.845072e+00	2.196768e+02
2.450000e-06	3.159298e-07	3.115848e-09	2.186622e+00	2.058948e+02
2.460000e-06	2.207114e-07	2.924531e-09	1.527593e+00	1.916066e+02
2.470000e-06	1.254626e-07	2.707037e-09	8.683547e-01	1.768370e+02
2.480000e-06	3.019245e-08	2.454009e-09	2.089687e-01	1.616380e+02
2.490000e-06	-6.511005e-08	2.202677e-09	-4.506414e-01	1.460562e+02
2.500000e-06	-1.603193e-07	1.975248e-09	-1.109606e+00	1.301059e+02
2.510000e-06	-2.554243e-07	1.744102e-09	-1.767849e+00	1.137627e+02
2.520000e-06	-3.505319e-07	1.480223e-09	-2.426110e+00	9.697623e+01
2.530000e-06	-4.455952e-07	1.198645e-09	-3.084065e+00	7.969466e+01
2.540000e-06	-5.405134e-07	9.292932e-10	-3.741015e+00	6.188452e+01
2.550000e-06	-6.352162e-07	6.716798e-10	-4.396475e+00	4.354032e+01
2.560000e-06	-7.296176e-07	3.924850e-10	-5.049848e+00	2.468342e+01
2.570000e-06	-8.236458e-07	8.165999e-11	-5.700639e+00	5.356977e+00
2.580000e-06	-9.172596e-07	-2.330851e-10	-6.348561e+00	-1.437826e+01
2.590000e-06	-1.010386e-06	-5.289770e-10	-6.993111e+00	-3.444723e+01
2.600000e-06	-1.103028e-06	-8.208840e-10	-7.634304e+00	-5.476653e+01
2.610000e-06	-1.195186e-06	-1.136099e-09	-8.272151e+00	-7.525455e+01
2.620000e-06	-1.286872e-06	-1.466346e-09	-8.906733e+00	-9.584233e+01
2.630000e-06	-1.378154e-06	-1.783730e-09	-9.538512e+00	-1.164774e+02
2.640000e-06	-1.469031e-06	-2.083258e-09	-1.016750e+01	-1.371152e+02
2.650000e-06	-1.559472e-06	-2.388358e-09	-1.079346e+01	-1.577000e+02
2.660000e-06	-1.649378e-06	-2.712123e-09	-1.141572e+01	-1.781466e+02
2.670000e-06	-1.738650e-06	-3.033523e-09	-1.203359e+01	-1.983340e+02
2.680000e-06	-1.827262e-06	-3.329940e-09	-1.264689e+01	-2.181188e+02
2.690000e-06	-1.915279e-06	-3.610516e-09	-1.325608e+01	-2.373628e+02
2.700000e-06	-2.002807e-06	-3.895507e-09	-1.386188e+01	-2.559629e+02
2.710000e-06	-2.089802e-06	-4.182175e-09	-1.446399e+01	-2.738678e+02
2.720000e-06	-2.176018e-06	-4.449190e-09	-1.506071e+01	-2.910774e+02
2.730000e-06	-2.261124e-06	-4.689557e-09	-1.564975e+01	-3.076243e+02
2.740000e-06	-2.345180e-06	-4.922893e-09	-1.623152e+01	-3.235507e+02
2.750000e-06	-2.428518e-06	-5.164885e-09	-1.680832e+01	-3.388870e+02
2.760000e-06	-2.511155e-06	-5.402983e-09	-1.738027e+01	-3.536398e+02
2.770000e-06	-2.592935e-06	-5.617289e-09	-1.794629e+01	-3.677895e+02
2.780000e-06	-2.673794e-06	-5.812318e-09	-1.850593e+01	-3.812978e+02
2.790000e-06	-2.753835e-06	-6.007557e-09	-1.905991e+01	-3.941226e+02
2.800000e-06	-2.833093e-06	-6.203993e-09	-1.960848e+01	-4.062390e+02
2.810000e-06	-2.911207e-06	-6.382717e-09	-2.014912e+01	-4.176586e+02
2.820000e-06	-2.987872e-06	-6.536614e-09	-2.067974e+01	-4.284384e+02
2.830000e-06	-3.063248e-06	-6.681660e-09	-2.120143e+01	-4.386709e+02
2.840000e-06	-3.137501e-06	-6.834284e-09	-2.171536e+01	-4.484569e+02
2.850000e-06	-3.210635e-06	-6.989460e-09	-2.222153e+01	-4.578697e+02
2.860000e-06	-3.282718e-06	-7.128528e-09	-2.272044e+01	-4.669307e+02
2.870000e-06	-3.353749e-06	-7.251368e-09	-2.321206e+01	-4.756102e+02
2.880000e-06	-3.423407e-06	-7.374620e-09	-2.369418e+01	-4.838535e+02
2.890000e-06	-3.491636e-06	-7.501829e-09	-2.416640e+01	-4.916199e+02
2.900000e-06	-3.558718e-06	-7.617217e-09	-2.463069e+01	-4.989113e+02
2.910000e-06	-3.624663e-06	-7.713825e-09	-2.508711e+01	-5.057762e+02
2.920000e-06	-3.689343e-06	-7.804453e-09	-2.553478e+01	-5.122881e+02
2.930000e-06	-3.752827e-06	-7.900661e-09	-2.597416e+01	-5.185125e+02
2.940000e-06	-3.814927e-06	-7.999795e-09	-2.640398e+01	-5.244844e+02
2.950000e-06	-3.875369e-06	-8.089467e-09	-2.682231e+01	-5.302051e+02
2.960000e-06	-3.934467e-06	-8.167340e-09	-2.723134e+01	-5.356583e+02
2.970000e-06	-3.992368e-06	-8.243652e-09	-2.763209e+01	-5.408297e+02
2.980000e-06	-4.048904e-06	-8.324343e-09	-2.802338e+01	-5.457191e+02
2.990000e-06	-4.104080e-06	-8.400042e-09	-2.840526e+01	-5.503392e+02
3.000000e-06	-4.157538e-06	-8.462098e-09	-2.877526e+01	-5.547070e+02
3.010000e-06	-4.209053e-06	-8.515480e-09	-2.913181e+01	-5.588384e+02
3.020000e-06	-4.258967e-06	-8.574793e-09	-2.947728e+01	-5.627483e+02
3.030000e-06	-4.307102e-06	-8.640597e-09	-2.981042e+01	-5.664539e+02
3.040000e-06	-4.353405e-06	-8.700529e-09	-3.013090e+01	-5.699756e+02
3.050000e-06	-4.398281e-06	-8.747993e-09	-3.044150e+01	-5.733310e+02
3.060000e-06	-4.441880e-06	-8.793790e-09	-3.074326e+01	-5.765283e+02
3.070000e-06	-4.484118e-06	-8.843603e-09	-3.103560e+01	-5.795642e+02
3.080000e-06	-4.524865e-06	-8.891125e-09	-3.131762e+01	-5.824313e+02
3.090000e-06	-4.564174e-06	-8.931789e-09	-3.158968e+01	-5.851285e+02
3.100000e-06	-4.601836e-06	-8.964706e-09	-3.185035e+01	-5.876654e+02
3.110000e-06	-4.637719e-06	-8.999100e-09	-3.209870e+01	-5.900560e+02
3.120000e-06	-4.671937e-06	-9.039218e-09	-3.233553e+01	-5.923051e+02
3.130000e-06	-4.704577e-06	-9.074722e-09	-3.256144e+01	-5.944014e+02
3.140000e-06	-4.735636e-06	-9.099383e-09	-3.277641e+01	-5.963264e+02
3.150000e-06	-4.764852e-06	-9.120875e-09	-3.297862e+01	-5.980750e+02
3.160000e-06	-4.792325e-06	-9.148419e-09	-3.316876e+01	-5.996733e+02
3.170000e-06	-4.818211e-06	-9.177936e-09	-3.334793e+01	-6.011742e+02
3.180000e-06	-4.842446e-06	-9.200113e-09	-3.351566e+01	-6.026284e+02
3.190000e-06	-4.864974e-06	-9.216813e-09	-3.367158e+01	-6.040472e+02
3.200000e-06	-4.885654e-06	-9.234489e-09	-3.381472e+01	-6.053841e+02
3.210000e-06	-4.904636e-06	-9.254334e-09	-3.394610e+01	-6.065559e+02
3.220000e-06	-4.922061e-06	-9.270468e-09	-3.406670e+01	-6.074935e+02
3.230000e-06	-4.937843e-06	-9.279856e-09	-3.417593e+01	-6.081923e+02
3.240000e-06	-4.951604e-06	-9.285705e-09	-3.427117e+01	-6.087247e+02
3.250000e-06	-4.963254e-06	-9.295025e-09	-3.435180e+01	-6.092020e+02
3.260000e-06	-4.973121e-06	-9.306300e-09	-3.442009e+01	-6.097063e+02
3.270000e-06	-4.981342e-06	-9.314498e-09	-3.447699e+01	-6.102379e+02
3.280000e-06	-4.987782e-06	-9.317904e-09	-3.452157e+01	-6.107159e+02
3.290000e-06	-4.992312e-06	-9.320364e-09	-3.455292e+01	-6.110341e+02
3.300000e-06	-4.995129e-06	-9.322633e-09	-3.457242e+01	-6.111361e+02
3.310000e-06	-4.996342e-06	-9.320847e-09	-3.458081e+01	-6.110553e+02
3.320000e-06	-4.995965e-06	-9.319475e-09	-3.457820e+01	-6.108921e+02
