# Temperatura_=_20.0
# Concentracion g/m^3_=_10000.0
# C_Vs_to_Am_M_A/Vsm_=_65563218390.804596
# pendiente_HvsI_1/m_=_3716.3
# ordenada_HvsI_A/m_=_1297.0
# frecuencia_Hz_=_300941.94110503653

Tiempo_(s)	Campo_(V.s)	Magnetizacion_(V.s)	Campo_(kA/m)	Magnetizacion_(A/m)
0.000000e+00	-4.990539e-06	-9.354949e-09	-3.456909e+01	-6.128026e+02
1.000000e-08	-4.987958e-06	-9.354369e-09	-3.455122e+01	-6.125205e+02
2.000000e-08	-4.983620e-06	-9.348574e-09	-3.452117e+01	-6.121330e+02
3.000000e-08	-4.977796e-06	-9.340633e-09	-3.448082e+01	-6.116378e+02
4.000000e-08	-4.970508e-06	-9.329353e-09	-3.443034e+01	-6.110252e+02
5.000000e-08	-4.961650e-06	-9.315614e-09	-3.436898e+01	-6.103266e+02
6.000000e-08	-4.950907e-06	-9.296448e-09	-3.429457e+01	-6.096302e+02
7.000000e-08	-4.938295e-06	-9.260762e-09	-3.420720e+01	-6.090379e+02
8.000000e-08	-4.923737e-06	-9.295696e-09	-3.410636e+01	-6.085826e+02
9.000000e-08	-4.906785e-06	-9.370305e-09	-3.398894e+01	-6.081685e+02
1.000000e-07	-4.887689e-06	-9.332691e-09	-3.385666e+01	-6.075884e+02
1.100000e-07	-4.866993e-06	-9.295751e-09	-3.371330e+01	-6.066269e+02
1.200000e-07	-4.844931e-06	-9.176090e-09	-3.356048e+01	-6.051937e+02
1.300000e-07	-4.821677e-06	-9.081399e-09	-3.339940e+01	-6.034018e+02
1.400000e-07	-4.796992e-06	-9.314891e-09	-3.322841e+01	-6.015332e+02
1.500000e-07	-4.770427e-06	-9.187427e-09	-3.304439e+01	-5.998987e+02
1.600000e-07	-4.742270e-06	-8.987040e-09	-3.284935e+01	-5.986697e+02
1.700000e-07	-4.712579e-06	-9.222601e-09	-3.264368e+01	-5.977800e+02
1.800000e-07	-4.681210e-06	-9.109522e-09	-3.242639e+01	-5.969550e+02
1.900000e-07	-4.648563e-06	-9.018090e-09	-3.220025e+01	-5.958519e+02
2.000000e-07	-4.614297e-06	-9.209347e-09	-3.196290e+01	-5.942304e+02
2.100000e-07	-4.578133e-06	-8.996404e-09	-3.171239e+01	-5.920589e+02
2.200000e-07	-4.540342e-06	-8.866379e-09	-3.145061e+01	-5.895064e+02
2.300000e-07	-4.500938e-06	-8.995026e-09	-3.117767e+01	-5.868343e+02
2.400000e-07	-4.460008e-06	-8.926749e-09	-3.089415e+01	-5.842606e+02
2.500000e-07	-4.417307e-06	-8.897353e-09	-3.059836e+01	-5.818677e+02
2.600000e-07	-4.372745e-06	-8.797634e-09	-3.028968e+01	-5.795933e+02
2.700000e-07	-4.326687e-06	-8.733006e-09	-2.997064e+01	-5.772897e+02
2.800000e-07	-4.279208e-06	-8.806705e-09	-2.964176e+01	-5.748059e+02
2.900000e-07	-4.230005e-06	-8.756102e-09	-2.930093e+01	-5.720462e+02
3.000000e-07	-4.178769e-06	-8.659229e-09	-2.894602e+01	-5.689863e+02
3.100000e-07	-4.125661e-06	-8.586101e-09	-2.857815e+01	-5.656577e+02
3.200000e-07	-4.071097e-06	-8.564200e-09	-2.820019e+01	-5.621218e+02
3.300000e-07	-4.015337e-06	-8.549350e-09	-2.781394e+01	-5.584508e+02
3.400000e-07	-3.958231e-06	-8.473243e-09	-2.741837e+01	-5.547157e+02
3.500000e-07	-3.899392e-06	-8.382367e-09	-2.701080e+01	-5.509730e+02
3.600000e-07	-3.838989e-06	-8.288057e-09	-2.659239e+01	-5.472468e+02
3.700000e-07	-3.777395e-06	-8.292555e-09	-2.616574e+01	-5.435117e+02
3.800000e-07	-3.714615e-06	-8.290411e-09	-2.573086e+01	-5.396906e+02
3.900000e-07	-3.650585e-06	-8.155042e-09	-2.528733e+01	-5.356759e+02
4.000000e-07	-3.585216e-06	-8.060854e-09	-2.483453e+01	-5.313693e+02
4.100000e-07	-3.518360e-06	-8.009246e-09	-2.437142e+01	-5.267239e+02
4.200000e-07	-3.450142e-06	-7.982906e-09	-2.389888e+01	-5.217662e+02
4.300000e-07	-3.380744e-06	-7.908061e-09	-2.341816e+01	-5.165879e+02
4.400000e-07	-3.310140e-06	-7.767591e-09	-2.292909e+01	-5.113095e+02
4.500000e-07	-3.238463e-06	-7.680770e-09	-2.243259e+01	-5.060316e+02
4.600000e-07	-3.165802e-06	-7.638492e-09	-2.192928e+01	-5.007943e+02
4.700000e-07	-3.091875e-06	-7.595647e-09	-2.141719e+01	-4.955608e+02
4.800000e-07	-3.016488e-06	-7.484358e-09	-2.089499e+01	-4.902295e+02
4.900000e-07	-2.939820e-06	-7.358751e-09	-2.036391e+01	-4.846713e+02
5.000000e-07	-2.862056e-06	-7.284984e-09	-1.982525e+01	-4.787767e+02
5.100000e-07	-2.783231e-06	-7.228002e-09	-1.927923e+01	-4.724976e+02
5.200000e-07	-2.703172e-06	-7.132402e-09	-1.872467e+01	-4.658652e+02
5.300000e-07	-2.621873e-06	-6.982152e-09	-1.816152e+01	-4.589766e+02
5.400000e-07	-2.539625e-06	-6.857421e-09	-1.759179e+01	-4.519545e+02
5.500000e-07	-2.456576e-06	-6.785223e-09	-1.701652e+01	-4.448935e+02
5.600000e-07	-2.372793e-06	-6.708650e-09	-1.643616e+01	-4.378184e+02
5.700000e-07	-2.288380e-06	-6.584465e-09	-1.585144e+01	-4.306725e+02
5.800000e-07	-2.203276e-06	-6.437424e-09	-1.526193e+01	-4.233409e+02
5.900000e-07	-2.117415e-06	-6.324208e-09	-1.466718e+01	-4.156990e+02
6.000000e-07	-2.030924e-06	-6.233201e-09	-1.406806e+01	-4.076617e+02
6.100000e-07	-1.943833e-06	-6.110025e-09	-1.346479e+01	-3.992131e+02
6.200000e-07	-1.856070e-06	-5.944969e-09	-1.285686e+01	-3.904059e+02
6.300000e-07	-1.767666e-06	-5.785978e-09	-1.224449e+01	-3.813331e+02
6.400000e-07	-1.678683e-06	-5.669411e-09	-1.162811e+01	-3.720883e+02
6.500000e-07	-1.589076e-06	-5.555656e-09	-1.100741e+01	-3.627294e+02
6.600000e-07	-1.498747e-06	-5.401949e-09	-1.038171e+01	-3.532581e+02
6.700000e-07	-1.407646e-06	-5.226543e-09	-9.750659e+00	-3.436179e+02
6.800000e-07	-1.315898e-06	-5.070688e-09	-9.115126e+00	-3.337110e+02
6.900000e-07	-1.223720e-06	-4.937645e-09	-8.476619e+00	-3.234285e+02
7.000000e-07	-1.131239e-06	-4.782022e-09	-7.836009e+00	-3.126869e+02
7.100000e-07	-1.038461e-06	-4.587429e-09	-7.193346e+00	-3.014580e+02
7.200000e-07	-9.453834e-07	-4.390407e-09	-6.548601e+00	-2.897805e+02
7.300000e-07	-8.520149e-07	-4.222811e-09	-5.901844e+00	-2.777440e+02
7.400000e-07	-7.583480e-07	-4.061042e-09	-5.253021e+00	-2.654482e+02
7.500000e-07	-6.643618e-07	-3.867666e-09	-4.601985e+00	-2.529544e+02
7.600000e-07	-5.700940e-07	-3.651187e-09	-3.948999e+00	-2.402534e+02
7.700000e-07	-4.756575e-07	-3.448299e-09	-3.294844e+00	-2.272656e+02
7.800000e-07	-3.810753e-07	-3.263077e-09	-2.639681e+00	-2.138765e+02
7.900000e-07	-2.863599e-07	-3.058530e-09	-1.983594e+00	-1.999867e+02
8.000000e-07	-1.915602e-07	-2.820524e-09	-1.326924e+00	-1.855498e+02
8.100000e-07	-9.671232e-08	-2.574753e-09	-6.699191e-01	-1.705800e+02
8.200000e-07	-1.829246e-09	-2.349020e-09	-1.267105e-02	-1.551282e+02
8.300000e-07	9.305430e-08	-2.128895e-09	6.445802e-01	-1.392452e+02
8.400000e-07	1.879125e-07	-1.880470e-09	1.301656e+00	-1.229551e+02
8.500000e-07	2.826967e-07	-1.606892e-09	1.958219e+00	-1.062528e+02
8.600000e-07	3.773450e-07	-1.338725e-09	2.613841e+00	-8.911799e+01
8.700000e-07	4.718856e-07	-1.082879e-09	3.268716e+00	-7.153298e+01
8.800000e-07	5.663413e-07	-8.148899e-10	3.923004e+00	-5.348769e+01
8.900000e-07	6.606626e-07	-5.204563e-10	4.576361e+00	-3.497302e+01
9.000000e-07	7.547470e-07	-2.154947e-10	5.228077e+00	-1.597385e+01
9.100000e-07	8.484874e-07	7.708941e-11	5.877410e+00	3.524609e+00
9.200000e-07	9.419027e-07	3.649047e-10	6.524490e+00	2.351457e+01
9.300000e-07	1.035027e-06	6.737802e-10	7.169555e+00	4.393982e+01
9.400000e-07	1.127838e-06	1.003584e-09	7.812451e+00	6.468572e+01
9.500000e-07	1.220336e-06	1.330474e-09	8.453177e+00	8.559646e+01
9.600000e-07	1.312495e-06	1.639797e-09	9.091553e+00	1.065144e+02
9.700000e-07	1.404217e-06	1.946129e-09	9.726905e+00	1.273206e+02
9.800000e-07	1.495347e-06	2.266782e-09	1.035816e+01	1.479548e+02
9.900000e-07	1.585737e-06	2.591947e-09	1.098428e+01	1.684030e+02
1.000000e-06	1.675365e-06	2.900997e-09	1.160513e+01	1.886618e+02
1.010000e-06	1.764330e-06	3.194449e-09	1.222138e+01	2.086997e+02
1.020000e-06	1.852715e-06	3.489978e-09	1.283362e+01	2.284341e+02
1.030000e-06	1.940540e-06	3.791282e-09	1.344198e+01	2.477348e+02
1.040000e-06	2.027732e-06	4.082978e-09	1.404595e+01	2.664497e+02
1.050000e-06	2.114243e-06	4.351608e-09	1.464520e+01	2.844399e+02
1.060000e-06	2.200012e-06	4.604365e-09	1.523932e+01	3.016132e+02
1.070000e-06	2.285034e-06	4.856814e-09	1.582826e+01	3.179454e+02
1.080000e-06	2.369428e-06	5.105559e-09	1.641285e+01	3.334839e+02
1.090000e-06	2.453148e-06	5.335202e-09	1.699277e+01	3.483306e+02
1.100000e-06	2.535996e-06	5.543671e-09	1.756666e+01	3.626047e+02
1.110000e-06	2.617842e-06	5.745918e-09	1.813360e+01	3.763956e+02
1.120000e-06	2.698790e-06	5.951866e-09	1.869432e+01	3.897242e+02
1.130000e-06	2.778807e-06	6.151989e-09	1.924859e+01	4.025317e+02
1.140000e-06	2.857741e-06	6.334493e-09	1.979536e+01	4.147082e+02
1.150000e-06	2.935608e-06	6.501669e-09	2.033474e+01	4.261506e+02
1.160000e-06	3.012429e-06	6.665500e-09	2.086687e+01	4.368232e+02
1.170000e-06	3.088093e-06	6.828327e-09	2.139099e+01	4.467882e+02
1.180000e-06	3.162383e-06	6.979055e-09	2.190560e+01	4.561884e+02
1.190000e-06	3.235316e-06	7.111850e-09	2.241079e+01	4.651896e+02
1.200000e-06	3.307088e-06	7.238594e-09	2.290796e+01	4.739139e+02
1.210000e-06	3.377759e-06	7.370542e-09	2.339748e+01	4.823981e+02
1.220000e-06	3.447287e-06	7.501254e-09	2.387910e+01	4.905968e+02
1.230000e-06	3.515762e-06	7.618532e-09	2.435342e+01	4.984227e+02
1.240000e-06	3.583070e-06	7.724128e-09	2.481966e+01	5.057971e+02
1.250000e-06	3.648870e-06	7.830997e-09	2.527545e+01	5.126857e+02
1.260000e-06	3.713247e-06	7.940297e-09	2.572138e+01	5.191054e+02
1.270000e-06	3.776415e-06	8.039195e-09	2.615895e+01	5.251111e+02
1.280000e-06	3.838329e-06	8.121382e-09	2.658782e+01	5.307759e+02
1.290000e-06	3.899073e-06	8.195262e-09	2.700859e+01	5.361752e+02
1.300000e-06	3.958583e-06	8.272562e-09	2.742081e+01	5.413759e+02
1.310000e-06	4.016496e-06	8.353660e-09	2.782197e+01	5.464236e+02
1.320000e-06	4.072818e-06	8.429082e-09	2.821211e+01	5.513281e+02
1.330000e-06	4.127737e-06	8.497190e-09	2.859253e+01	5.560556e+02
1.340000e-06	4.181193e-06	8.564736e-09	2.896281e+01	5.605393e+02
1.350000e-06	4.232980e-06	8.633915e-09	2.932154e+01	5.647113e+02
1.360000e-06	4.282899e-06	8.696007e-09	2.966733e+01	5.685417e+02
1.370000e-06	4.331082e-06	8.745627e-09	3.000109e+01	5.720619e+02
1.380000e-06	4.377754e-06	8.789944e-09	3.032438e+01	5.753544e+02
1.390000e-06	4.422980e-06	8.838349e-09	3.063766e+01	5.785134e+02
1.400000e-06	4.466721e-06	8.889529e-09	3.094065e+01	5.815983e+02
1.410000e-06	4.508715e-06	8.934572e-09	3.123153e+01	5.846111e+02
1.420000e-06	4.549027e-06	8.973619e-09	3.151078e+01	5.875102e+02
1.430000e-06	4.587886e-06	9.012559e-09	3.177995e+01	5.902480e+02
1.440000e-06	4.625238e-06	9.054428e-09	3.203868e+01	5.928025e+02
1.450000e-06	4.661082e-06	9.094161e-09	3.228697e+01	5.951822e+02
1.460000e-06	4.695167e-06	9.126282e-09	3.252307e+01	5.974020e+02
1.470000e-06	4.727473e-06	9.154663e-09	3.274686e+01	5.994567e+02
1.480000e-06	4.758250e-06	9.182996e-09	3.296004e+01	6.013183e+02
1.490000e-06	4.787465e-06	9.211468e-09	3.316241e+01	6.029647e+02
1.500000e-06	4.815047e-06	9.235135e-09	3.335347e+01	6.044180e+02
1.510000e-06	4.840725e-06	9.252651e-09	3.353135e+01	6.057567e+02
1.520000e-06	4.864543e-06	9.270360e-09	3.369633e+01	6.070835e+02
1.530000e-06	4.886712e-06	9.291567e-09	3.384989e+01	6.084611e+02
1.540000e-06	4.907352e-06	9.314072e-09	3.399286e+01	6.098607e+02
1.550000e-06	4.926432e-06	9.333450e-09	3.412503e+01	6.111635e+02
1.560000e-06	4.943717e-06	9.347875e-09	3.424476e+01	6.122238e+02
1.570000e-06	4.959173e-06	9.359392e-09	3.435183e+01	6.129570e+02
1.580000e-06	4.972790e-06	9.368752e-09	3.444615e+01	6.133965e+02
1.590000e-06	4.984465e-06	9.374393e-09	3.452702e+01	6.136798e+02
1.600000e-06	4.994100e-06	9.376262e-09	3.459376e+01	6.139691e+02
1.610000e-06	5.001846e-06	9.378672e-09	3.464742e+01	6.143597e+02
1.620000e-06	5.007890e-06	9.384301e-09	3.468928e+01	6.148322e+02
1.630000e-06	5.012311e-06	9.390744e-09	3.471991e+01	6.152783e+02
1.640000e-06	5.014944e-06	9.396904e-09	3.473814e+01	6.155757e+02
1.650000e-06	5.015746e-06	9.402950e-09	3.474370e+01	6.156594e+02
1.660000e-06	5.014886e-06	9.401109e-09	3.473774e+01	6.155417e+02
1.670000e-06	5.012426e-06	9.392826e-09	3.472070e+01	6.152757e+02
1.680000e-06	5.008426e-06	9.386808e-09	3.469300e+01	6.149018e+02
1.690000e-06	5.002681e-06	9.375518e-09	3.465320e+01	6.144221e+02
1.700000e-06	4.995241e-06	9.361626e-09	3.460167e+01	6.138248e+02
1.710000e-06	4.986348e-06	9.355625e-09	3.454007e+01	6.131333e+02
1.720000e-06	4.975955e-06	9.373413e-09	3.446807e+01	6.124290e+02
1.730000e-06	4.963902e-06	9.403149e-09	3.438458e+01	6.118164e+02
1.740000e-06	4.949839e-06	9.292648e-09	3.428717e+01	6.113433e+02
1.750000e-06	4.933440e-06	9.230173e-09	3.417358e+01	6.109333e+02
1.760000e-06	4.914572e-06	9.244179e-09	3.404287e+01	6.103904e+02
1.770000e-06	4.893341e-06	9.294241e-09	3.389581e+01	6.094923e+02
1.780000e-06	4.870589e-06	9.447781e-09	3.373821e+01	6.081236e+02
1.790000e-06	4.847243e-06	9.193928e-09	3.357650e+01	6.063676e+02
1.800000e-06	4.822752e-06	9.094950e-09	3.340685e+01	6.044889e+02
1.810000e-06	4.796367e-06	9.382645e-09	3.322408e+01	6.028046e+02
1.820000e-06	4.768699e-06	9.123007e-09	3.303242e+01	6.015150e+02
1.830000e-06	4.739556e-06	9.076470e-09	3.283055e+01	6.005891e+02
1.840000e-06	4.708096e-06	9.312915e-09	3.261263e+01	5.997753e+02
1.850000e-06	4.674847e-06	8.974573e-09	3.238232e+01	5.987298e+02
1.860000e-06	4.640277e-06	9.020436e-09	3.214285e+01	5.971886e+02
1.870000e-06	4.604252e-06	9.263097e-09	3.189331e+01	5.950884e+02
1.880000e-06	4.566538e-06	8.985912e-09	3.163207e+01	5.925740e+02
1.890000e-06	4.526814e-06	8.974809e-09	3.135690e+01	5.899024e+02
1.900000e-06	4.485479e-06	8.925017e-09	3.107058e+01	5.873051e+02
1.910000e-06	4.442878e-06	8.855941e-09	3.077549e+01	5.848863e+02
1.920000e-06	4.398643e-06	9.023877e-09	3.046908e+01	5.826020e+02
1.930000e-06	4.352838e-06	8.785673e-09	3.015178e+01	5.803117e+02
1.940000e-06	4.305496e-06	8.734058e-09	2.982385e+01	5.778603e+02
1.950000e-06	4.256483e-06	8.803248e-09	2.948435e+01	5.751422e+02
1.960000e-06	4.205938e-06	8.700347e-09	2.913422e+01	5.721234e+02
1.970000e-06	4.153608e-06	8.728139e-09	2.877173e+01	5.688290e+02
1.980000e-06	4.099428e-06	8.560547e-09	2.839644e+01	5.653175e+02
1.990000e-06	4.043701e-06	8.518492e-09	2.801042e+01	5.616604e+02
2.000000e-06	3.986612e-06	8.519469e-09	2.761496e+01	5.579295e+02
2.010000e-06	3.928296e-06	8.457367e-09	2.721101e+01	5.541846e+02
2.020000e-06	3.868687e-06	8.453419e-09	2.679811e+01	5.504554e+02
2.030000e-06	3.807581e-06	8.238700e-09	2.637483e+01	5.467243e+02
2.040000e-06	3.744884e-06	8.244950e-09	2.594053e+01	5.429209e+02
2.050000e-06	3.680879e-06	8.260058e-09	2.549718e+01	5.389397e+02
2.060000e-06	3.615706e-06	8.152425e-09	2.504573e+01	5.346784e+02
2.070000e-06	3.549234e-06	8.090038e-09	2.458528e+01	5.300806e+02
2.080000e-06	3.481591e-06	7.924798e-09	2.411672e+01	5.251622e+02
2.090000e-06	3.412538e-06	7.934869e-09	2.363840e+01	5.200074e+02
2.100000e-06	3.341894e-06	7.878138e-09	2.314906e+01	5.147352e+02
2.110000e-06	3.270061e-06	7.758023e-09	2.265147e+01	5.094521e+02
2.120000e-06	3.197248e-06	7.661884e-09	2.214710e+01	5.042086e+02
2.130000e-06	3.123428e-06	7.548066e-09	2.163575e+01	4.989787e+02
2.140000e-06	3.048438e-06	7.552573e-09	2.111631e+01	4.936683e+02
2.150000e-06	2.972127e-06	7.447657e-09	2.058770e+01	4.881493e+02
2.160000e-06	2.894419e-06	7.332960e-09	2.004943e+01	4.823066e+02
2.170000e-06	2.815481e-06	7.216419e-09	1.950263e+01	4.760815e+02
2.180000e-06	2.735621e-06	7.133320e-09	1.894944e+01	4.694938e+02
2.190000e-06	2.654871e-06	7.087460e-09	1.839010e+01	4.626335e+02
2.200000e-06	2.573282e-06	6.939503e-09	1.782493e+01	4.556226e+02
2.210000e-06	2.490851e-06	6.808418e-09	1.725394e+01	4.485628e+02
2.220000e-06	2.407634e-06	6.683863e-09	1.667750e+01	4.414905e+02
2.230000e-06	2.323750e-06	6.615176e-09	1.609645e+01	4.343599e+02
2.240000e-06	2.239016e-06	6.519889e-09	1.550950e+01	4.270620e+02
2.250000e-06	2.153222e-06	6.368343e-09	1.491521e+01	4.194701e+02
2.260000e-06	2.066413e-06	6.231121e-09	1.431389e+01	4.114911e+02
2.270000e-06	1.978830e-06	6.112300e-09	1.370721e+01	4.030986e+02
2.280000e-06	1.890667e-06	6.025830e-09	1.309651e+01	3.943365e+02
2.290000e-06	1.801989e-06	5.876980e-09	1.248224e+01	3.852946e+02
2.300000e-06	1.712752e-06	5.701920e-09	1.186411e+01	3.760688e+02
2.310000e-06	1.622933e-06	5.549892e-09	1.124193e+01	3.667238e+02
2.320000e-06	1.532560e-06	5.433855e-09	1.061593e+01	3.572699e+02
2.330000e-06	1.441742e-06	5.309416e-09	9.986842e+00	3.476582e+02
2.340000e-06	1.350571e-06	5.130862e-09	9.355302e+00	3.377953e+02
2.350000e-06	1.258993e-06	4.953260e-09	8.720952e+00	3.275717e+02
2.360000e-06	1.166993e-06	4.804306e-09	8.083674e+00	3.168980e+02
2.370000e-06	1.074571e-06	4.668329e-09	7.443474e+00	3.057370e+02
2.380000e-06	9.817454e-07	4.490366e-09	6.800478e+00	2.941180e+02
2.390000e-06	8.884097e-07	4.279347e-09	6.153948e+00	2.821255e+02
2.400000e-06	7.944903e-07	4.078101e-09	5.503375e+00	2.698607e+02
2.410000e-06	7.001333e-07	3.904186e-09	4.849772e+00	2.573931e+02
2.420000e-06	6.055279e-07	3.729429e-09	4.194447e+00	2.447243e+02
2.430000e-06	5.107582e-07	3.517083e-09	3.537984e+00	2.317833e+02
2.440000e-06	4.157969e-07	3.294876e-09	2.880194e+00	2.184576e+02
2.450000e-06	3.206838e-07	3.093310e-09	2.221353e+00	2.046427e+02
2.460000e-06	2.255204e-07	2.901773e-09	1.562163e+00	1.902835e+02
2.470000e-06	1.303499e-07	2.680562e-09	9.029240e-01	1.753863e+02
2.480000e-06	3.511350e-08	2.424839e-09	2.432286e-01	1.599990e+02
2.490000e-06	-6.017076e-08	2.170538e-09	-4.167984e-01	1.441744e+02
2.500000e-06	-1.554076e-07	1.937083e-09	-1.076497e+00	1.279414e+02
2.510000e-06	-2.505914e-07	1.698289e-09	-1.735828e+00	1.112981e+02
2.520000e-06	-3.457216e-07	1.428570e-09	-2.394788e+00	9.422549e+01
2.530000e-06	-4.407625e-07	1.145527e-09	-3.053129e+00	7.670467e+01
2.540000e-06	-5.356362e-07	8.751321e-10	-3.710312e+00	5.872471e+01
2.550000e-06	-6.302596e-07	6.142378e-10	-4.365762e+00	4.027697e+01
2.560000e-06	-7.245507e-07	3.332701e-10	-5.018909e+00	2.134723e+01
2.570000e-06	-8.185020e-07	2.165540e-11	-5.669702e+00	1.919556e+00
2.580000e-06	-9.120277e-07	-2.948269e-10	-6.317549e+00	-1.800317e+01
2.590000e-06	-1.005009e-06	-5.949620e-10	-6.961625e+00	-3.837284e+01
2.600000e-06	-1.097537e-06	-8.944058e-10	-7.602554e+00	-5.908276e+01
2.610000e-06	-1.189656e-06	-1.216169e-09	-8.240659e+00	-7.998094e+01
2.620000e-06	-1.281357e-06	-1.550768e-09	-8.875867e+00	-1.009072e+02
2.630000e-06	-1.372639e-06	-1.870398e-09	-9.508166e+00	-1.217354e+02
2.640000e-06	-1.463462e-06	-2.171691e-09	-1.013729e+01	-1.423967e+02
2.650000e-06	-1.553830e-06	-2.476905e-09	-1.076326e+01	-1.628723e+02
2.660000e-06	-1.643710e-06	-2.796697e-09	-1.138586e+01	-1.831600e+02
2.670000e-06	-1.732917e-06	-3.112408e-09	-1.200379e+01	-2.032341e+02
2.680000e-06	-1.821422e-06	-3.407213e-09	-1.261686e+01	-2.230198e+02
2.690000e-06	-1.909407e-06	-3.691160e-09	-1.322632e+01	-2.423926e+02
2.700000e-06	-1.996927e-06	-3.980776e-09	-1.383257e+01	-2.612012e+02
2.710000e-06	-2.083874e-06	-4.270879e-09	-1.443484e+01	-2.793029e+02
2.720000e-06	-2.169963e-06	-4.539645e-09	-1.503117e+01	-2.965970e+02
2.730000e-06	-2.254975e-06	-4.779178e-09	-1.562005e+01	-3.130489e+02
2.740000e-06	-2.339021e-06	-5.007104e-09	-1.620222e+01	-3.286964e+02
2.750000e-06	-2.422354e-06	-5.239751e-09	-1.677947e+01	-3.436355e+02
2.760000e-06	-2.504998e-06	-5.468083e-09	-1.735193e+01	-3.579855e+02
2.770000e-06	-2.586755e-06	-5.676792e-09	-1.791826e+01	-3.718432e+02
2.780000e-06	-2.667571e-06	-5.871035e-09	-1.847807e+01	-3.852406e+02
2.790000e-06	-2.747525e-06	-6.069506e-09	-1.903190e+01	-3.981295e+02
2.800000e-06	-2.826673e-06	-6.271579e-09	-1.958016e+01	-4.104042e+02
2.810000e-06	-2.904710e-06	-6.454273e-09	-2.012071e+01	-4.219567e+02
2.820000e-06	-2.981318e-06	-6.607922e-09	-2.065137e+01	-4.327387e+02
2.830000e-06	-3.056685e-06	-6.747650e-09	-2.117343e+01	-4.427983e+02
2.840000e-06	-3.130934e-06	-6.892670e-09	-2.168775e+01	-4.522697e+02
2.850000e-06	-3.204067e-06	-7.041323e-09	-2.219433e+01	-4.613197e+02
2.860000e-06	-3.276143e-06	-7.175763e-09	-2.269360e+01	-4.700800e+02
2.870000e-06	-3.347165e-06	-7.297145e-09	-2.318556e+01	-4.786005e+02
2.880000e-06	-3.416843e-06	-7.421548e-09	-2.366822e+01	-4.868459e+02
2.890000e-06	-3.485074e-06	-7.552337e-09	-2.414085e+01	-4.947314e+02
2.900000e-06	-3.552121e-06	-7.670888e-09	-2.460528e+01	-5.021746e+02
2.910000e-06	-3.617983e-06	-7.766379e-09	-2.506150e+01	-5.091335e+02
2.920000e-06	-3.682629e-06	-7.853199e-09	-2.550930e+01	-5.156184e+02
2.930000e-06	-3.746130e-06	-7.945699e-09	-2.594917e+01	-5.216799e+02
2.940000e-06	-3.808253e-06	-8.040077e-09	-2.637949e+01	-5.273896e+02
2.950000e-06	-3.868756e-06	-8.124482e-09	-2.679859e+01	-5.328233e+02
2.960000e-06	-3.927900e-06	-8.200197e-09	-2.720827e+01	-5.380498e+02
2.970000e-06	-3.985813e-06	-8.278288e-09	-2.760943e+01	-5.431187e+02
2.980000e-06	-4.042317e-06	-8.361942e-09	-2.800083e+01	-5.480456e+02
2.990000e-06	-4.097418e-06	-8.438647e-09	-2.838251e+01	-5.528028e+02
3.000000e-06	-4.150825e-06	-8.499547e-09	-2.875246e+01	-5.573268e+02
3.010000e-06	-4.202421e-06	-8.553790e-09	-2.910986e+01	-5.615474e+02
3.020000e-06	-4.252402e-06	-8.615184e-09	-2.945607e+01	-5.654270e+02
3.030000e-06	-4.300559e-06	-8.679718e-09	-2.978966e+01	-5.689882e+02
3.040000e-06	-4.346961e-06	-8.734915e-09	-3.011108e+01	-5.723081e+02
3.050000e-06	-4.391925e-06	-8.778860e-09	-3.042254e+01	-5.754822e+02
3.060000e-06	-4.435565e-06	-8.824353e-09	-3.072483e+01	-5.785771e+02
3.070000e-06	-4.477871e-06	-8.875877e-09	-3.101788e+01	-5.816029e+02
3.080000e-06	-4.518759e-06	-8.923721e-09	-3.130111e+01	-5.845224e+02
3.090000e-06	-4.558158e-06	-8.962267e-09	-3.157402e+01	-5.872863e+02
3.100000e-06	-4.595831e-06	-8.995525e-09	-3.183498e+01	-5.898679e+02
3.110000e-06	-4.631723e-06	-9.033677e-09	-3.208360e+01	-5.922724e+02
3.120000e-06	-4.665995e-06	-9.075233e-09	-3.232100e+01	-5.945156e+02
3.130000e-06	-4.698720e-06	-9.108073e-09	-3.254768e+01	-5.965961e+02
3.140000e-06	-4.729888e-06	-9.131052e-09	-3.276358e+01	-5.984881e+02
3.150000e-06	-4.759247e-06	-9.153694e-09	-3.296695e+01	-6.001662e+02
3.160000e-06	-4.786843e-06	-9.180485e-09	-3.315811e+01	-6.016443e+02
3.170000e-06	-4.812808e-06	-9.204905e-09	-3.333797e+01	-6.029939e+02
3.180000e-06	-4.837140e-06	-9.224194e-09	-3.350651e+01	-6.043178e+02
3.190000e-06	-4.859809e-06	-9.241681e-09	-3.366354e+01	-6.056884e+02
3.200000e-06	-4.880625e-06	-9.262585e-09	-3.380773e+01	-6.070913e+02
3.210000e-06	-4.899712e-06	-9.285282e-09	-3.393994e+01	-6.084181e+02
3.220000e-06	-4.917195e-06	-9.302003e-09	-3.406104e+01	-6.095215e+02
3.230000e-06	-4.933008e-06	-9.311189e-09	-3.417058e+01	-6.103031e+02
3.240000e-06	-4.946862e-06	-9.316717e-09	-3.426655e+01	-6.107789e+02
3.250000e-06	-4.958597e-06	-9.324495e-09	-3.434784e+01	-6.110749e+02
3.260000e-06	-4.968515e-06	-9.332806e-09	-3.441654e+01	-6.113561e+02
3.270000e-06	-4.976837e-06	-9.338719e-09	-3.447418e+01	-6.117316e+02
3.280000e-06	-4.983410e-06	-9.342617e-09	-3.451971e+01	-6.121985e+02
3.290000e-06	-4.988034e-06	-9.348849e-09	-3.455174e+01	-6.126573e+02
3.300000e-06	-4.990907e-06	-9.354876e-09	-3.457164e+01	-6.129826e+02
3.310000e-06	-4.992160e-06	-9.354255e-09	-3.458032e+01	-6.130987e+02
3.320000e-06	-4.991848e-06	-9.352163e-09	-3.457816e+01	-6.130077e+02
