# Temperatura_=_20.0
# Concentracion g/m^3_=_10000.0
# C_Vs_to_Am_M_A/Vsm_=_65563218390.804596
# pendiente_HvsI_1/m_=_3716.3
# ordenada_HvsI_A/m_=_1297.0
# frecuencia_Hz_=_300941.2249017705

Tiempo_(s)	Campo_(V.s)	Magnetizacion_(V.s)	Campo_(kA/m)	Magnetizacion_(A/m)
0.000000e+00	-4.989580e-06	-9.338507e-09	-3.458217e+01	-6.116532e+02
1.000000e-08	-4.988530e-06	-9.340142e-09	-3.457489e+01	-6.116189e+02
2.000000e-08	-4.985642e-06	-9.339518e-09	-3.455487e+01	-6.115205e+02
3.000000e-08	-4.981076e-06	-9.337009e-09	-3.452323e+01	-6.113040e+02
4.000000e-08	-4.975061e-06	-9.333328e-09	-3.448154e+01	-6.109165e+02
5.000000e-08	-4.967587e-06	-9.324603e-09	-3.442974e+01	-6.103392e+02
6.000000e-08	-4.958517e-06	-9.310693e-09	-3.436687e+01	-6.096081e+02
7.000000e-08	-4.947551e-06	-9.291246e-09	-3.429087e+01	-6.088033e+02
8.000000e-08	-4.934742e-06	-9.264645e-09	-3.420209e+01	-6.080088e+02
9.000000e-08	-4.919917e-06	-9.283097e-09	-3.409934e+01	-6.072630e+02
1.000000e-07	-4.902696e-06	-9.313032e-09	-3.397998e+01	-6.065309e+02
1.100000e-07	-4.883398e-06	-9.284446e-09	-3.384623e+01	-6.057177e+02
1.200000e-07	-4.862516e-06	-9.258589e-09	-3.370150e+01	-6.047201e+02
1.300000e-07	-4.840323e-06	-9.174872e-09	-3.354768e+01	-6.034868e+02
1.400000e-07	-4.816945e-06	-9.142994e-09	-3.338566e+01	-6.020529e+02
1.500000e-07	-4.792027e-06	-9.253836e-09	-3.321295e+01	-6.005272e+02
1.600000e-07	-4.765241e-06	-9.142698e-09	-3.302730e+01	-5.990385e+02
1.700000e-07	-4.736903e-06	-9.049076e-09	-3.283089e+01	-5.976705e+02
1.800000e-07	-4.706996e-06	-9.157913e-09	-3.262362e+01	-5.964203e+02
1.900000e-07	-4.675484e-06	-9.072711e-09	-3.240520e+01	-5.952002e+02
2.000000e-07	-4.642673e-06	-9.034579e-09	-3.217780e+01	-5.938781e+02
2.100000e-07	-4.608184e-06	-9.102723e-09	-3.193876e+01	-5.923338e+02
2.200000e-07	-4.571836e-06	-8.976049e-09	-3.168684e+01	-5.905014e+02
2.300000e-07	-4.533870e-06	-8.914788e-09	-3.142370e+01	-5.883838e+02
2.400000e-07	-4.494312e-06	-8.944396e-09	-3.114953e+01	-5.860385e+02
2.500000e-07	-4.453151e-06	-8.897160e-09	-3.086424e+01	-5.835472e+02
2.600000e-07	-4.410141e-06	-8.870205e-09	-3.056615e+01	-5.809855e+02
2.700000e-07	-4.365403e-06	-8.790617e-09	-3.025607e+01	-5.784003e+02
2.800000e-07	-4.319221e-06	-8.744402e-09	-2.993599e+01	-5.757989e+02
2.900000e-07	-4.271507e-06	-8.764725e-09	-2.960529e+01	-5.731494e+02
3.000000e-07	-4.221990e-06	-8.709390e-09	-2.926210e+01	-5.703910e+02
3.100000e-07	-4.170430e-06	-8.636820e-09	-2.890474e+01	-5.674554e+02
3.200000e-07	-4.117053e-06	-8.583733e-09	-2.853479e+01	-5.642923e+02
3.300000e-07	-4.062321e-06	-8.542952e-09	-2.815545e+01	-5.608927e+02
3.400000e-07	-4.006416e-06	-8.507459e-09	-2.776798e+01	-5.572964e+02
3.500000e-07	-3.949129e-06	-8.455759e-09	-2.737093e+01	-5.535775e+02
3.600000e-07	-3.890171e-06	-8.375664e-09	-2.696230e+01	-5.498122e+02
3.700000e-07	-3.829668e-06	-8.293281e-09	-2.654296e+01	-5.460418e+02
3.800000e-07	-3.767902e-06	-8.270811e-09	-2.611487e+01	-5.422514e+02
3.900000e-07	-3.704916e-06	-8.231923e-09	-2.567832e+01	-5.383743e+02
4.000000e-07	-3.640688e-06	-8.137244e-09	-2.523316e+01	-5.343217e+02
4.100000e-07	-3.575085e-06	-8.058053e-09	-2.477847e+01	-5.300225e+02
4.200000e-07	-3.507992e-06	-7.998152e-09	-2.431346e+01	-5.254536e+02
4.300000e-07	-3.439608e-06	-7.955737e-09	-2.383950e+01	-5.206451e+02
4.400000e-07	-3.370057e-06	-7.883821e-09	-2.335745e+01	-5.156609e+02
4.500000e-07	-3.299344e-06	-7.774178e-09	-2.286735e+01	-5.105652e+02
4.600000e-07	-3.227580e-06	-7.685806e-09	-2.236996e+01	-5.053923e+02
4.700000e-07	-3.154752e-06	-7.622544e-09	-2.186520e+01	-5.001339e+02
4.800000e-07	-3.080630e-06	-7.560224e-09	-2.135147e+01	-4.947473e+02
4.900000e-07	-3.005064e-06	-7.465468e-09	-2.082773e+01	-4.891792e+02
5.000000e-07	-2.928268e-06	-7.358127e-09	-2.029547e+01	-4.833899e+02
5.100000e-07	-2.850385e-06	-7.273127e-09	-1.975567e+01	-4.773683e+02
5.200000e-07	-2.771402e-06	-7.201844e-09	-1.920825e+01	-4.711306e+02
5.300000e-07	-2.691214e-06	-7.110042e-09	-1.865248e+01	-4.647052e+02
5.400000e-07	-2.609816e-06	-6.982193e-09	-1.808831e+01	-4.581135e+02
5.500000e-07	-2.527480e-06	-6.863992e-09	-1.751765e+01	-4.513568e+02
5.600000e-07	-2.444330e-06	-6.774493e-09	-1.694135e+01	-4.444156e+02
5.700000e-07	-2.360481e-06	-6.684854e-09	-1.636020e+01	-4.372611e+02
5.800000e-07	-2.276017e-06	-6.569924e-09	-1.577480e+01	-4.298720e+02
5.900000e-07	-2.190840e-06	-6.436863e-09	-1.518445e+01	-4.222455e+02
6.000000e-07	-2.104971e-06	-6.317446e-09	-1.458930e+01	-4.143962e+02
6.100000e-07	-2.018504e-06	-6.212132e-09	-1.399000e+01	-4.063423e+02
6.200000e-07	-1.931381e-06	-6.092227e-09	-1.338617e+01	-3.980881e+02
6.300000e-07	-1.843571e-06	-5.944951e-09	-1.277756e+01	-3.896135e+02
6.400000e-07	-1.755131e-06	-5.796816e-09	-1.216460e+01	-3.808796e+02
6.500000e-07	-1.666115e-06	-5.669471e-09	-1.154764e+01	-3.718458e+02
6.600000e-07	-1.576495e-06	-5.544340e-09	-1.092649e+01	-3.624916e+02
6.700000e-07	-1.486147e-06	-5.395553e-09	-1.030030e+01	-3.528272e+02
6.800000e-07	-1.395007e-06	-5.227220e-09	-9.668624e+00	-3.428867e+02
6.900000e-07	-1.303237e-06	-5.068261e-09	-9.032575e+00	-3.327065e+02
7.000000e-07	-1.211110e-06	-4.925023e-09	-8.394053e+00	-3.223009e+02
7.100000e-07	-1.118712e-06	-4.770534e-09	-7.753657e+00	-3.116491e+02
7.200000e-07	-1.025977e-06	-4.589485e-09	-7.110921e+00	-3.007009e+02
7.300000e-07	-9.329094e-07	-4.400615e-09	-6.465880e+00	-2.893974e+02
7.400000e-07	-8.395404e-07	-4.227564e-09	-5.818752e+00	-2.776958e+02
7.500000e-07	-7.458628e-07	-4.060457e-09	-5.169484e+00	-2.655840e+02
7.600000e-07	-6.518962e-07	-3.873112e-09	-4.518213e+00	-2.530797e+02
7.700000e-07	-5.576806e-07	-3.664488e-09	-3.865216e+00	-2.402155e+02
7.800000e-07	-4.633035e-07	-3.457832e-09	-3.211100e+00	-2.270195e+02
7.900000e-07	-3.687966e-07	-3.262064e-09	-2.556084e+00	-2.135003e+02
8.000000e-07	-2.741059e-07	-3.058550e-09	-1.899795e+00	-1.996420e+02
8.100000e-07	-1.792873e-07	-2.831509e-09	-1.242618e+00	-1.854081e+02
8.200000e-07	-8.439262e-08	-2.592641e-09	-5.849149e-01	-1.707520e+02
8.300000e-07	1.054806e-08	-2.362719e-09	7.310731e-02	-1.556291e+02
8.400000e-07	1.054514e-07	-2.138193e-09	7.308710e-01	-1.400077e+02
8.500000e-07	2.003167e-07	-1.896598e-09	1.388370e+00	-1.238772e+02
8.600000e-07	2.951414e-07	-1.634021e-09	2.045589e+00	-1.072496e+02
8.700000e-07	3.898088e-07	-1.368426e-09	2.701717e+00	-9.015457e+01
8.800000e-07	4.842812e-07	-1.108239e-09	3.356494e+00	-7.262698e+01
8.900000e-07	5.786237e-07	-8.414226e-10	4.010370e+00	-5.469243e+01
9.000000e-07	6.728064e-07	-5.550545e-10	4.663139e+00	-3.635736e+01
9.100000e-07	7.667273e-07	-2.570685e-10	5.314093e+00	-1.761001e+01
9.200000e-07	8.603731e-07	3.582817e-11	5.963140e+00	1.566841e+00
9.300000e-07	9.537201e-07	3.240847e-10	6.610117e+00	2.117657e+01
9.400000e-07	1.046662e-06	6.246852e-10	7.254283e+00	4.119175e+01
9.500000e-07	1.139264e-06	9.426023e-10	7.896098e+00	6.154743e+01
9.600000e-07	1.231595e-06	1.263505e-09	8.536031e+00	8.214682e+01
9.700000e-07	1.323610e-06	1.575892e-09	9.173776e+00	1.028753e+02
9.800000e-07	1.415289e-06	1.885614e-09	9.809195e+00	1.236160e+02
9.900000e-07	1.506470e-06	2.202746e-09	1.044116e+01	1.442604e+02
1.000000e-06	1.596841e-06	2.523389e-09	1.106751e+01	1.647134e+02
1.010000e-06	1.686295e-06	2.834732e-09	1.168750e+01	1.848932e+02
1.020000e-06	1.774978e-06	3.131094e-09	1.230215e+01	2.047287e+02
1.030000e-06	1.863130e-06	3.420178e-09	1.291313e+01	2.241565e+02
1.040000e-06	1.950836e-06	3.709974e-09	1.352100e+01	2.431169e+02
1.050000e-06	2.037864e-06	3.997064e-09	1.412419e+01	2.615501e+02
1.060000e-06	2.124135e-06	4.270475e-09	1.472212e+01	2.793956e+02
1.070000e-06	2.209758e-06	4.528844e-09	1.531556e+01	2.965977e+02
1.080000e-06	2.294694e-06	4.780811e-09	1.590425e+01	3.131155e+02
1.090000e-06	2.378987e-06	5.027629e-09	1.648847e+01	3.289338e+02
1.100000e-06	2.462593e-06	5.261825e-09	1.706793e+01	3.440673e+02
1.110000e-06	2.545234e-06	5.478242e-09	1.764071e+01	3.585517e+02
1.120000e-06	2.626852e-06	5.683173e-09	1.820639e+01	3.724257e+02
1.130000e-06	2.707629e-06	5.885165e-09	1.876624e+01	3.857112e+02
1.140000e-06	2.787454e-06	6.083219e-09	1.931950e+01	3.984050e+02
1.150000e-06	2.866160e-06	6.267991e-09	1.986500e+01	4.104876e+02
1.160000e-06	2.943820e-06	6.438552e-09	2.040326e+01	4.219435e+02
1.170000e-06	3.020481e-06	6.602942e-09	2.093458e+01	4.327824e+02
1.180000e-06	3.096045e-06	6.764825e-09	2.145831e+01	4.430461e+02
1.190000e-06	3.170189e-06	6.918852e-09	2.197219e+01	4.527983e+02
1.200000e-06	3.242933e-06	7.057515e-09	2.247637e+01	4.621018e+02
1.210000e-06	3.314548e-06	7.185337e-09	2.297273e+01	4.709989e+02
1.220000e-06	3.385021e-06	7.312832e-09	2.346117e+01	4.795046e+02
1.230000e-06	3.454349e-06	7.441312e-09	2.394167e+01	4.876151e+02
1.240000e-06	3.522636e-06	7.561947e-09	2.441496e+01	4.953246e+02
1.250000e-06	3.589655e-06	7.669498e-09	2.487946e+01	5.026370e+02
1.260000e-06	3.655110e-06	7.773537e-09	2.533312e+01	5.095692e+02
1.270000e-06	3.719225e-06	7.880433e-09	2.577749e+01	5.161451e+02
1.280000e-06	3.782176e-06	7.982107e-09	2.621380e+01	5.223892e+02
1.290000e-06	3.843916e-06	8.069923e-09	2.664171e+01	5.283240e+02
1.300000e-06	3.904504e-06	8.147396e-09	2.706164e+01	5.339718e+02
1.310000e-06	3.963757e-06	8.225781e-09	2.747232e+01	5.393559e+02
1.320000e-06	4.021384e-06	8.307802e-09	2.787172e+01	5.444955e+02
1.330000e-06	4.077457e-06	8.385675e-09	2.826035e+01	5.493989e+02
1.340000e-06	4.132162e-06	8.454087e-09	2.863951e+01	5.540597e+02
1.350000e-06	4.185414e-06	8.518362e-09	2.900859e+01	5.584641e+02
1.360000e-06	4.236952e-06	8.585153e-09	2.936580e+01	5.626068e+02
1.370000e-06	4.286573e-06	8.650261e-09	2.970971e+01	5.665054e+02
1.380000e-06	4.334485e-06	8.705585e-09	3.004179e+01	5.702013e+02
1.390000e-06	4.380960e-06	8.752341e-09	3.036389e+01	5.737427e+02
1.400000e-06	4.426040e-06	8.799831e-09	3.067634e+01	5.771586e+02
1.410000e-06	4.469645e-06	8.851650e-09	3.097856e+01	5.804407e+02
1.420000e-06	4.511469e-06	8.901229e-09	3.126844e+01	5.835484e+02
1.430000e-06	4.551605e-06	8.942553e-09	3.154662e+01	5.864365e+02
1.440000e-06	4.590246e-06	8.978152e-09	3.181443e+01	5.890875e+02
1.450000e-06	4.627420e-06	9.017294e-09	3.207208e+01	5.915292e+02
1.460000e-06	4.663068e-06	9.059509e-09	3.231916e+01	5.938217e+02
1.470000e-06	4.696897e-06	9.094896e-09	3.255362e+01	5.960228e+02
1.480000e-06	4.728986e-06	9.122605e-09	3.277602e+01	5.981522e+02
1.490000e-06	4.759489e-06	9.148796e-09	3.298743e+01	6.001799e+02
1.500000e-06	4.788462e-06	9.178396e-09	3.318825e+01	6.020458e+02
1.510000e-06	4.815835e-06	9.207113e-09	3.337796e+01	6.036997e+02
1.520000e-06	4.841299e-06	9.227315e-09	3.355445e+01	6.051346e+02
1.530000e-06	4.864926e-06	9.241111e-09	3.371821e+01	6.063931e+02
1.540000e-06	4.886927e-06	9.257217e-09	3.387069e+01	6.075443e+02
1.550000e-06	4.907361e-06	9.278807e-09	3.401232e+01	6.086452e+02
1.560000e-06	4.926167e-06	9.299195e-09	3.414266e+01	6.097134e+02
1.570000e-06	4.943146e-06	9.312562e-09	3.426034e+01	6.107238e+02
1.580000e-06	4.958290e-06	9.321968e-09	3.436530e+01	6.116292e+02
1.590000e-06	4.971640e-06	9.333304e-09	3.445783e+01	6.123873e+02
1.600000e-06	4.982993e-06	9.343687e-09	3.453652e+01	6.129792e+02
1.610000e-06	4.992311e-06	9.348231e-09	3.460110e+01	6.134110e+02
1.620000e-06	4.999854e-06	9.348296e-09	3.465338e+01	6.137038e+02
1.630000e-06	5.005747e-06	9.350696e-09	3.469422e+01	6.138844e+02
1.640000e-06	5.009967e-06	9.356568e-09	3.472347e+01	6.139806e+02
1.650000e-06	5.012354e-06	9.361714e-09	3.474001e+01	6.140201e+02
1.660000e-06	5.012886e-06	9.362467e-09	3.474370e+01	6.140245e+02
1.670000e-06	5.011751e-06	9.356540e-09	3.473583e+01	6.139974e+02
1.680000e-06	5.009096e-06	9.350884e-09	3.471743e+01	6.139140e+02
1.690000e-06	5.004915e-06	9.347464e-09	3.468845e+01	6.137229e+02
1.700000e-06	4.998988e-06	9.339736e-09	3.464738e+01	6.133686e+02
1.710000e-06	4.991316e-06	9.328093e-09	3.459420e+01	6.128242e+02
1.720000e-06	4.982140e-06	9.319028e-09	3.453060e+01	6.121156e+02
1.730000e-06	4.971519e-06	9.327598e-09	3.445699e+01	6.113172e+02
1.740000e-06	4.959226e-06	9.331624e-09	3.437179e+01	6.105160e+02
1.750000e-06	4.944907e-06	9.264876e-09	3.427255e+01	6.097619e+02
1.760000e-06	4.928189e-06	9.226216e-09	3.415667e+01	6.090330e+02
1.770000e-06	4.909006e-06	9.219287e-09	3.402372e+01	6.082425e+02
1.780000e-06	4.887649e-06	9.260218e-09	3.387570e+01	6.072838e+02
1.790000e-06	4.864883e-06	9.316463e-09	3.371791e+01	6.060926e+02
1.800000e-06	4.841402e-06	9.149808e-09	3.355517e+01	6.046881e+02
1.810000e-06	4.816614e-06	9.133561e-09	3.338336e+01	6.031689e+02
1.820000e-06	4.790038e-06	9.263552e-09	3.319916e+01	6.016654e+02
1.830000e-06	4.762271e-06	9.110985e-09	3.300671e+01	6.002733e+02
1.840000e-06	4.732883e-06	9.108495e-09	3.280303e+01	5.990064e+02
1.850000e-06	4.701211e-06	9.189270e-09	3.258352e+01	5.977900e+02
1.860000e-06	4.667847e-06	9.004638e-09	3.235228e+01	5.964959e+02
1.870000e-06	4.633098e-06	9.049810e-09	3.211143e+01	5.949980e+02
1.880000e-06	4.596883e-06	9.144508e-09	3.186044e+01	5.932187e+02
1.890000e-06	4.558991e-06	9.010537e-09	3.159781e+01	5.911491e+02
1.900000e-06	4.519096e-06	8.996427e-09	3.132130e+01	5.888387e+02
1.910000e-06	4.477650e-06	8.926102e-09	3.103404e+01	5.863674e+02
1.920000e-06	4.434885e-06	8.897868e-09	3.073764e+01	5.838137e+02
1.930000e-06	4.390460e-06	8.951013e-09	3.042974e+01	5.812309e+02
1.940000e-06	4.344517e-06	8.800820e-09	3.011131e+01	5.786337e+02
1.950000e-06	4.297002e-06	8.763625e-09	2.978200e+01	5.759965e+02
1.960000e-06	4.247833e-06	8.768802e-09	2.944121e+01	5.732627e+02
1.970000e-06	4.197091e-06	8.705853e-09	2.908952e+01	5.703633e+02
1.980000e-06	4.144522e-06	8.693010e-09	2.872517e+01	5.672428e+02
1.990000e-06	4.090174e-06	8.588216e-09	2.834850e+01	5.638838e+02
2.000000e-06	4.034311e-06	8.533365e-09	2.796132e+01	5.603178e+02
2.010000e-06	3.977122e-06	8.494632e-09	2.756495e+01	5.566148e+02
2.020000e-06	3.918725e-06	8.452268e-09	2.716021e+01	5.528533e+02
2.030000e-06	3.859015e-06	8.408205e-09	2.674636e+01	5.490831e+02
2.040000e-06	3.797789e-06	8.278661e-09	2.632201e+01	5.452999e+02
2.050000e-06	3.734993e-06	8.258709e-09	2.588678e+01	5.414446e+02
2.060000e-06	3.670867e-06	8.229704e-09	2.544233e+01	5.374296e+02
2.070000e-06	3.605535e-06	8.156231e-09	2.498952e+01	5.331777e+02
2.080000e-06	3.538943e-06	8.074474e-09	2.452798e+01	5.286562e+02
2.090000e-06	3.471203e-06	7.956017e-09	2.405848e+01	5.238862e+02
2.100000e-06	3.402056e-06	7.922060e-09	2.357923e+01	5.189282e+02
2.110000e-06	3.331383e-06	7.856895e-09	2.308941e+01	5.138488e+02
2.120000e-06	3.259538e-06	7.770132e-09	2.259146e+01	5.086890e+02
2.130000e-06	3.186652e-06	7.674379e-09	2.208630e+01	5.034482e+02
2.140000e-06	3.112698e-06	7.579122e-09	2.157373e+01	4.980884e+02
2.150000e-06	3.037570e-06	7.534124e-09	2.105302e+01	4.925563e+02
2.160000e-06	2.961104e-06	7.439923e-09	2.052305e+01	4.868081e+02
2.170000e-06	2.883250e-06	7.330792e-09	1.998345e+01	4.808275e+02
2.180000e-06	2.804216e-06	7.215071e-09	1.943567e+01	4.746263e+02
2.190000e-06	2.724268e-06	7.131266e-09	1.888157e+01	4.682324e+02
2.200000e-06	2.643494e-06	7.063677e-09	1.832173e+01	4.616696e+02
2.210000e-06	2.561844e-06	6.948344e-09	1.775583e+01	4.549433e+02
2.220000e-06	2.479305e-06	6.826290e-09	1.718376e+01	4.480370e+02
2.230000e-06	2.396029e-06	6.706521e-09	1.660658e+01	4.409226e+02
2.240000e-06	2.312082e-06	6.613646e-09	1.602476e+01	4.335761e+02
2.250000e-06	2.227218e-06	6.506147e-09	1.543658e+01	4.259913e+02
2.260000e-06	2.141245e-06	6.371290e-09	1.484071e+01	4.181803e+02
2.270000e-06	2.054344e-06	6.236551e-09	1.423841e+01	4.101620e+02
2.280000e-06	1.966801e-06	6.116350e-09	1.363166e+01	4.019442e+02
2.290000e-06	1.878712e-06	6.013403e-09	1.302113e+01	3.935115e+02
2.300000e-06	1.790045e-06	5.880319e-09	1.240658e+01	3.848271e+02
2.310000e-06	1.700741e-06	5.724960e-09	1.178762e+01	3.758491e+02
2.320000e-06	1.610837e-06	5.572354e-09	1.116451e+01	3.665522e+02
2.330000e-06	1.520410e-06	5.438543e-09	1.053778e+01	3.569412e+02
2.340000e-06	1.429538e-06	5.302069e-09	9.907956e+00	3.470470e+02
2.350000e-06	1.338337e-06	5.136608e-09	9.275852e+00	3.369076e+02
2.360000e-06	1.246797e-06	4.965786e-09	8.641396e+00	3.265427e+02
2.370000e-06	1.154820e-06	4.808693e-09	8.003915e+00	3.159379e+02
2.380000e-06	1.062412e-06	4.661401e-09	7.363449e+00	3.050469e+02
2.390000e-06	9.695710e-07	4.495457e-09	6.719978e+00	2.938107e+02
2.400000e-06	8.761459e-07	4.303855e-09	6.072460e+00	2.821821e+02
2.410000e-06	7.821344e-07	4.107268e-09	5.420878e+00	2.701429e+02
2.420000e-06	6.877444e-07	3.923186e-09	4.766672e+00	2.577064e+02
2.430000e-06	5.931388e-07	3.740476e-09	4.110972e+00	2.449040e+02
2.440000e-06	4.984047e-07	3.536002e-09	3.454382e+00	2.317659e+02
2.450000e-06	4.035077e-07	3.319168e-09	2.796662e+00	2.183049e+02
2.460000e-06	3.084686e-07	3.109390e-09	2.137958e+00	2.045093e+02
2.470000e-06	2.133467e-07	2.908175e-09	1.478680e+00	1.903457e+02
2.480000e-06	1.181808e-07	2.694605e-09	8.190967e-01	1.757685e+02
2.490000e-06	2.303498e-08	2.456969e-09	1.596526e-01	1.607317e+02
2.500000e-06	-7.208854e-08	2.210520e-09	-4.996369e-01	1.452008e+02
2.510000e-06	-1.671765e-07	1.968569e-09	-1.158680e+00	1.291608e+02
2.520000e-06	-2.622399e-07	1.723998e-09	-1.817553e+00	1.126202e+02
2.530000e-06	-3.572652e-07	1.462169e-09	-2.476161e+00	9.560599e+01
2.540000e-06	-4.521944e-07	1.186740e-09	-3.134104e+00	7.815329e+01
2.550000e-06	-5.470149e-07	9.135197e-10	-3.791293e+00	6.029029e+01
2.560000e-06	-6.416266e-07	6.468194e-10	-4.447035e+00	4.202715e+01
2.570000e-06	-7.359413e-07	3.716365e-10	-5.100719e+00	2.335474e+01
2.580000e-06	-8.298679e-07	7.558915e-11	-5.751713e+00	4.255454e+00
2.590000e-06	-9.232847e-07	-2.324920e-10	-6.399173e+00	-1.527797e+01
2.600000e-06	-1.016134e-06	-5.371299e-10	-7.042698e+00	-3.522447e+01
2.610000e-06	-1.108442e-06	-8.391829e-10	-7.682478e+00	-5.552572e+01
2.620000e-06	-1.200289e-06	-1.152339e-09	-8.319059e+00	-7.608973e+01
2.630000e-06	-1.291742e-06	-1.476152e-09	-8.952906e+00	-9.680391e+01
2.640000e-06	-1.382864e-06	-1.794795e-09	-9.584460e+00	-1.175507e+02
2.650000e-06	-1.473638e-06	-2.101608e-09	-1.021360e+01	-1.382197e+02
2.660000e-06	-1.563961e-06	-2.405359e-09	-1.083962e+01	-1.587134e+02
2.670000e-06	-1.653699e-06	-2.716649e-09	-1.146158e+01	-1.789474e+02
2.680000e-06	-1.742790e-06	-3.029154e-09	-1.207907e+01	-1.988492e+02
2.690000e-06	-1.831246e-06	-3.328025e-09	-1.269214e+01	-2.183544e+02
2.700000e-06	-1.919100e-06	-3.613840e-09	-1.330105e+01	-2.374026e+02
2.710000e-06	-2.006441e-06	-3.895745e-09	-1.390640e+01	-2.559344e+02
2.720000e-06	-2.093294e-06	-4.175935e-09	-1.450836e+01	-2.738892e+02
2.730000e-06	-2.179363e-06	-4.444028e-09	-1.510490e+01	-2.912099e+02
2.740000e-06	-2.264261e-06	-4.691124e-09	-1.569331e+01	-3.078518e+02
2.750000e-06	-2.348070e-06	-4.924802e-09	-1.627419e+01	-3.237948e+02
2.760000e-06	-2.431200e-06	-5.157198e-09	-1.685035e+01	-3.390484e+02
2.770000e-06	-2.513705e-06	-5.387525e-09	-1.742218e+01	-3.536458e+02
2.780000e-06	-2.595331e-06	-5.604293e-09	-1.798792e+01	-3.676265e+02
2.790000e-06	-2.676026e-06	-5.805000e-09	-1.854721e+01	-3.810166e+02
2.800000e-06	-2.755873e-06	-6.000011e-09	-1.910062e+01	-3.938173e+02
2.810000e-06	-2.834887e-06	-6.192107e-09	-1.964825e+01	-4.060106e+02
2.820000e-06	-2.912776e-06	-6.372126e-09	-2.018810e+01	-4.175787e+02
2.830000e-06	-2.989253e-06	-6.533954e-09	-2.071814e+01	-4.285256e+02
2.840000e-06	-3.064477e-06	-6.684070e-09	-2.123952e+01	-4.388878e+02
2.850000e-06	-3.138570e-06	-6.833639e-09	-2.175305e+01	-4.487264e+02
2.860000e-06	-3.211508e-06	-6.982971e-09	-2.225857e+01	-4.581062e+02
2.870000e-06	-3.283364e-06	-7.122476e-09	-2.275659e+01	-4.670741e+02
2.880000e-06	-3.354149e-06	-7.249197e-09	-2.324719e+01	-4.756496e+02
2.890000e-06	-3.423619e-06	-7.371667e-09	-2.372869e+01	-4.838313e+02
2.900000e-06	-3.491684e-06	-7.495195e-09	-2.420044e+01	-4.916125e+02
2.910000e-06	-3.558590e-06	-7.612801e-09	-2.466415e+01	-4.989949e+02
2.920000e-06	-3.624361e-06	-7.716965e-09	-2.512000e+01	-5.059934e+02
2.930000e-06	-3.688884e-06	-7.811151e-09	-2.556720e+01	-5.126312e+02
2.940000e-06	-3.752211e-06	-7.904386e-09	-2.600612e+01	-5.189329e+02
2.950000e-06	-3.814135e-06	-7.999130e-09	-2.643530e+01	-5.249213e+02
2.960000e-06	-3.874428e-06	-8.088989e-09	-2.685319e+01	-5.306187e+02
2.970000e-06	-3.933373e-06	-8.169705e-09	-2.726173e+01	-5.360483e+02
2.980000e-06	-3.991104e-06	-8.246890e-09	-2.766185e+01	-5.412306e+02
2.990000e-06	-4.047471e-06	-8.326733e-09	-2.805252e+01	-5.461763e+02
3.000000e-06	-4.102360e-06	-8.403960e-09	-2.843296e+01	-5.508814e+02
3.010000e-06	-4.155477e-06	-8.470451e-09	-2.880110e+01	-5.553325e+02
3.020000e-06	-4.206792e-06	-8.527719e-09	-2.915676e+01	-5.595215e+02
3.030000e-06	-4.256461e-06	-8.585863e-09	-2.950101e+01	-5.634612e+02
3.040000e-06	-4.304317e-06	-8.647480e-09	-2.983270e+01	-5.671896e+02
3.050000e-06	-4.350457e-06	-8.706198e-09	-3.015249e+01	-5.707557e+02
3.060000e-06	-4.395191e-06	-8.757550e-09	-3.046253e+01	-5.741935e+02
3.070000e-06	-4.438610e-06	-8.806107e-09	-3.076346e+01	-5.775017e+02
3.080000e-06	-4.480685e-06	-8.855552e-09	-3.105508e+01	-5.806443e+02
3.090000e-06	-4.521326e-06	-8.903971e-09	-3.133676e+01	-5.835741e+02
3.100000e-06	-4.560433e-06	-8.947029e-09	-3.160780e+01	-5.862667e+02
3.110000e-06	-4.597810e-06	-8.981890e-09	-3.186686e+01	-5.887420e+02
3.120000e-06	-4.633466e-06	-9.014628e-09	-3.211398e+01	-5.910563e+02
3.130000e-06	-4.667535e-06	-9.050915e-09	-3.235012e+01	-5.932709e+02
3.140000e-06	-4.700058e-06	-9.086310e-09	-3.257553e+01	-5.954140e+02
3.150000e-06	-4.731062e-06	-9.115547e-09	-3.279041e+01	-5.974639e+02
3.160000e-06	-4.760304e-06	-9.141494e-09	-3.299309e+01	-5.993633e+02
3.170000e-06	-4.787708e-06	-9.168300e-09	-3.318302e+01	-6.010571e+02
3.180000e-06	-4.813418e-06	-9.194673e-09	-3.336121e+01	-6.025292e+02
3.190000e-06	-4.837495e-06	-9.216052e-09	-3.352809e+01	-6.038145e+02
3.200000e-06	-4.859916e-06	-9.231877e-09	-3.368349e+01	-6.049799e+02
3.210000e-06	-4.880494e-06	-9.246787e-09	-3.382611e+01	-6.060872e+02
3.220000e-06	-4.899321e-06	-9.265316e-09	-3.395660e+01	-6.071620e+02
3.230000e-06	-4.916565e-06	-9.283839e-09	-3.407611e+01	-6.081860e+02
3.240000e-06	-4.932159e-06	-9.297964e-09	-3.418419e+01	-6.091137e+02
3.250000e-06	-4.945749e-06	-9.307828e-09	-3.427838e+01	-6.099003e+02
3.260000e-06	-4.957273e-06	-9.317759e-09	-3.435825e+01	-6.105222e+02
3.270000e-06	-4.967032e-06	-9.327697e-09	-3.442589e+01	-6.109813e+02
3.280000e-06	-4.975108e-06	-9.333263e-09	-3.448186e+01	-6.112971e+02
3.290000e-06	-4.981395e-06	-9.334401e-09	-3.452544e+01	-6.114957e+02
3.300000e-06	-4.985758e-06	-9.334883e-09	-3.455568e+01	-6.116049e+02
3.310000e-06	-4.988420e-06	-9.335937e-09	-3.457412e+01	-6.116527e+02
3.320000e-06	-4.989526e-06	-9.337106e-09	-3.458179e+01	-6.116624e+02
