# Temperatura_=_20.0
# Concentracion g/m^3_=_10000.0
# C_Vs_to_Am_M_A/Vsm_=_65563218390.804596
# pendiente_HvsI_1/m_=_3716.3
# ordenada_HvsI_A/m_=_1297.0
# frecuencia_Hz_=_301206.5283920323

Tiempo_(s)	Campo_(V.s)	Magnetizacion_(V.s)	Campo_(kA/m)	Magnetizacion_(A/m)
0.000000e+00	-6.810785e-06	-1.065277e-08	-4.772289e+01	-6.968826e+02
1.000000e-08	-6.808885e-06	-1.065695e-08	-4.770958e+01	-6.969386e+02
2.000000e-08	-6.804549e-06	-1.065750e-08	-4.767920e+01	-6.969624e+02
3.000000e-08	-6.798136e-06	-1.065513e-08	-4.763425e+01	-6.968004e+02
4.000000e-08	-6.789658e-06	-1.064884e-08	-4.757486e+01	-6.963296e+02
5.000000e-08	-6.778797e-06	-1.063458e-08	-4.749875e+01	-6.955585e+02
6.000000e-08	-6.765442e-06	-1.061838e-08	-4.740517e+01	-6.946509e+02
7.000000e-08	-6.749535e-06	-1.059610e-08	-4.729372e+01	-6.938395e+02
8.000000e-08	-6.731227e-06	-1.058700e-08	-4.716543e+01	-6.932745e+02
9.000000e-08	-6.710737e-06	-1.064587e-08	-4.702186e+01	-6.929070e+02
1.000000e-07	-6.687705e-06	-1.062950e-08	-4.686047e+01	-6.924927e+02
1.100000e-07	-6.661909e-06	-1.056623e-08	-4.667972e+01	-6.917261e+02
1.200000e-07	-6.633533e-06	-1.057237e-08	-4.648089e+01	-6.904310e+02
1.300000e-07	-6.603099e-06	-1.054004e-08	-4.626764e+01	-6.886842e+02
1.400000e-07	-6.570980e-06	-1.042777e-08	-4.604258e+01	-6.867923e+02
1.500000e-07	-6.536939e-06	-1.053735e-08	-4.580406e+01	-6.851288e+02
1.600000e-07	-6.500582e-06	-1.049564e-08	-4.554931e+01	-6.839293e+02
1.700000e-07	-6.462122e-06	-1.037198e-08	-4.527982e+01	-6.831654e+02
1.800000e-07	-6.421368e-06	-1.047913e-08	-4.499426e+01	-6.825695e+02
1.900000e-07	-6.378028e-06	-1.039165e-08	-4.469058e+01	-6.817855e+02
2.000000e-07	-6.332574e-06	-1.038096e-08	-4.437208e+01	-6.805488e+02
2.100000e-07	-6.284838e-06	-1.037576e-08	-4.403760e+01	-6.787926e+02
2.200000e-07	-6.234448e-06	-1.029694e-08	-4.368452e+01	-6.766313e+02
2.300000e-07	-6.181511e-06	-1.030015e-08	-4.331359e+01	-6.742537e+02
2.400000e-07	-6.126200e-06	-1.022877e-08	-4.292603e+01	-6.718047e+02
2.500000e-07	-6.068711e-06	-1.020998e-08	-4.252321e+01	-6.693277e+02
2.600000e-07	-6.008906e-06	-1.017640e-08	-4.210416e+01	-6.667845e+02
2.700000e-07	-5.946860e-06	-1.008508e-08	-4.166940e+01	-6.641207e+02
2.800000e-07	-5.882869e-06	-1.009444e-08	-4.122102e+01	-6.613186e+02
2.900000e-07	-5.816796e-06	-1.003806e-08	-4.075805e+01	-6.584040e+02
3.000000e-07	-5.748426e-06	-1.000062e-08	-4.027899e+01	-6.554129e+02
3.100000e-07	-5.677922e-06	-9.942644e-09	-3.978497e+01	-6.523513e+02
3.200000e-07	-5.605468e-06	-9.890609e-09	-3.927729e+01	-6.491806e+02
3.300000e-07	-5.530915e-06	-9.860855e-09	-3.875490e+01	-6.458371e+02
3.400000e-07	-5.454149e-06	-9.782184e-09	-3.821700e+01	-6.422687e+02
3.500000e-07	-5.375154e-06	-9.739933e-09	-3.766349e+01	-6.384633e+02
3.600000e-07	-5.293894e-06	-9.650724e-09	-3.709410e+01	-6.344535e+02
3.700000e-07	-5.210841e-06	-9.605226e-09	-3.651215e+01	-6.302995e+02
3.800000e-07	-5.126253e-06	-9.552465e-09	-3.591945e+01	-6.260613e+02
3.900000e-07	-5.039982e-06	-9.478381e-09	-3.531494e+01	-6.217737e+02
4.000000e-07	-4.952035e-06	-9.412491e-09	-3.469871e+01	-6.174278e+02
4.100000e-07	-4.862385e-06	-9.332007e-09	-3.407053e+01	-6.129648e+02
4.200000e-07	-4.770803e-06	-9.280219e-09	-3.342882e+01	-6.082871e+02
4.300000e-07	-4.677456e-06	-9.202791e-09	-3.277474e+01	-6.032905e+02
4.400000e-07	-4.582634e-06	-9.111229e-09	-3.211033e+01	-5.979116e+02
4.500000e-07	-4.486100e-06	-9.008542e-09	-3.143391e+01	-5.921699e+02
4.600000e-07	-4.387851e-06	-8.922300e-09	-3.074549e+01	-5.861744e+02
4.700000e-07	-4.287963e-06	-8.842840e-09	-3.004558e+01	-5.800797e+02
4.800000e-07	-4.186582e-06	-8.754051e-09	-2.933521e+01	-5.740050e+02
4.900000e-07	-4.083908e-06	-8.659248e-09	-2.861577e+01	-5.679582e+02
5.000000e-07	-3.979684e-06	-8.557028e-09	-2.788548e+01	-5.618153e+02
5.100000e-07	-3.873915e-06	-8.460174e-09	-2.714436e+01	-5.553753e+02
5.200000e-07	-3.766783e-06	-8.357618e-09	-2.639369e+01	-5.484662e+02
5.300000e-07	-3.658256e-06	-8.241346e-09	-2.563325e+01	-5.410391e+02
5.400000e-07	-3.548453e-06	-8.111489e-09	-2.486386e+01	-5.331931e+02
5.500000e-07	-3.437546e-06	-7.991388e-09	-2.408674e+01	-5.251116e+02
5.600000e-07	-3.325353e-06	-7.875495e-09	-2.330061e+01	-5.169496e+02
5.700000e-07	-3.211762e-06	-7.750863e-09	-2.250469e+01	-5.087404e+02
5.800000e-07	-3.096907e-06	-7.615252e-09	-2.169990e+01	-5.003801e+02
5.900000e-07	-2.980800e-06	-7.478182e-09	-2.088634e+01	-4.916940e+02
6.000000e-07	-2.863522e-06	-7.342112e-09	-2.006458e+01	-4.825395e+02
6.100000e-07	-2.745231e-06	-7.201426e-09	-1.923572e+01	-4.728784e+02
6.200000e-07	-2.626073e-06	-7.047472e-09	-1.840078e+01	-4.627774e+02
6.300000e-07	-2.505977e-06	-6.882040e-09	-1.755928e+01	-4.523456e+02
6.400000e-07	-2.384884e-06	-6.714877e-09	-1.671078e+01	-4.416572e+02
6.500000e-07	-2.262961e-06	-6.549561e-09	-1.585647e+01	-4.307109e+02
6.600000e-07	-2.140314e-06	-6.380990e-09	-1.499709e+01	-4.194448e+02
6.700000e-07	-2.016817e-06	-6.198955e-09	-1.413176e+01	-4.077851e+02
6.800000e-07	-1.892510e-06	-6.009584e-09	-1.326074e+01	-3.956862e+02
6.900000e-07	-1.767512e-06	-5.816631e-09	-1.238488e+01	-3.831361e+02
7.000000e-07	-1.641882e-06	-5.621049e-09	-1.150460e+01	-3.701292e+02
7.100000e-07	-1.515752e-06	-5.415640e-09	-1.062081e+01	-3.566379e+02
7.200000e-07	-1.389163e-06	-5.198849e-09	-9.733807e+00	-3.426101e+02
7.300000e-07	-1.262118e-06	-4.975123e-09	-8.843609e+00	-3.279951e+02
7.400000e-07	-1.134646e-06	-4.744180e-09	-7.950414e+00	-3.127765e+02
7.500000e-07	-1.006699e-06	-4.505325e-09	-7.053896e+00	-2.969801e+02
7.600000e-07	-8.783809e-07	-4.253842e-09	-6.154779e+00	-2.806479e+02
7.700000e-07	-7.497794e-07	-3.994065e-09	-5.253673e+00	-2.637951e+02
7.800000e-07	-6.209280e-07	-3.726083e-09	-4.350817e+00	-2.463798e+02
7.900000e-07	-4.918745e-07	-3.454540e-09	-3.446545e+00	-2.283102e+02
8.000000e-07	-3.626417e-07	-3.171791e-09	-2.541016e+00	-2.094827e+02
8.100000e-07	-2.332532e-07	-2.870831e-09	-1.634396e+00	-1.898239e+02
8.200000e-07	-1.037298e-07	-2.554906e-09	-7.268303e-01	-1.693083e+02
8.300000e-07	2.579312e-08	-2.225639e-09	1.807313e-01	-1.479425e+02
8.400000e-07	1.553279e-07	-1.887016e-09	1.088376e+00	-1.257314e+02
8.500000e-07	2.848157e-07	-1.535218e-09	1.995692e+00	-1.026552e+02
8.600000e-07	4.140717e-07	-1.168814e-09	2.901383e+00	-7.867311e+01
8.700000e-07	5.431116e-07	-7.884120e-10	3.805560e+00	-5.375150e+01
8.800000e-07	6.719443e-07	-3.964160e-10	4.708286e+00	-2.789392e+01
8.900000e-07	8.005186e-07	8.859614e-12	5.609201e+00	-1.154785e+00
9.000000e-07	9.287975e-07	4.280507e-10	6.508045e+00	2.636752e+01
9.100000e-07	1.056746e-06	8.601904e-10	7.404574e+00	5.454517e+01
9.200000e-07	1.184335e-06	1.298889e-09	8.298587e+00	8.322693e+01
9.300000e-07	1.311497e-06	1.737639e-09	9.189604e+00	1.122306e+02
9.400000e-07	1.438241e-06	2.179337e-09	1.007770e+01	1.413320e+02
9.500000e-07	1.564554e-06	2.621488e-09	1.096276e+01	1.702663e+02
9.600000e-07	1.690388e-06	3.057661e-09	1.184448e+01	1.987504e+02
9.700000e-07	1.815649e-06	3.480002e-09	1.272218e+01	2.265173e+02
9.800000e-07	1.940228e-06	3.884111e-09	1.359510e+01	2.533464e+02
9.900000e-07	2.064171e-06	4.273039e-09	1.446356e+01	2.790760e+02
1.000000e-06	2.187464e-06	4.647913e-09	1.532747e+01	3.035981e+02
1.010000e-06	2.310018e-06	5.004424e-09	1.618620e+01	3.268485e+02
1.020000e-06	2.431545e-06	5.337698e-09	1.703774e+01	3.488018e+02
1.030000e-06	2.552022e-06	5.649295e-09	1.788192e+01	3.694748e+02
1.040000e-06	2.671606e-06	5.946284e-09	1.871984e+01	3.889244e+02
1.050000e-06	2.790259e-06	6.228969e-09	1.955123e+01	4.072320e+02
1.060000e-06	2.907994e-06	6.493062e-09	2.037619e+01	4.244746e+02
1.070000e-06	3.024636e-06	6.736560e-09	2.119350e+01	4.406985e+02
1.080000e-06	3.140085e-06	6.962427e-09	2.200245e+01	4.559150e+02
1.090000e-06	3.254225e-06	7.173784e-09	2.280222e+01	4.701255e+02
1.100000e-06	3.366939e-06	7.373121e-09	2.359200e+01	4.833605e+02
1.110000e-06	3.478388e-06	7.560886e-09	2.437292e+01	4.957064e+02
1.120000e-06	3.588769e-06	7.737554e-09	2.514636e+01	5.072976e+02
1.130000e-06	3.698043e-06	7.908927e-09	2.591204e+01	5.182752e+02
1.140000e-06	3.806091e-06	8.072930e-09	2.666912e+01	5.287368e+02
1.150000e-06	3.912704e-06	8.222383e-09	2.741616e+01	5.387083e+02
1.160000e-06	4.017707e-06	8.359874e-09	2.815191e+01	5.481564e+02
1.170000e-06	4.121202e-06	8.491382e-09	2.887709e+01	5.570316e+02
1.180000e-06	4.223305e-06	8.619212e-09	2.959253e+01	5.653159e+02
1.190000e-06	4.323979e-06	8.740860e-09	3.029794e+01	5.730443e+02
1.200000e-06	4.423073e-06	8.849643e-09	3.099229e+01	5.802939e+02
1.210000e-06	4.520400e-06	8.952178e-09	3.167426e+01	5.871495e+02
1.220000e-06	4.615999e-06	9.051345e-09	3.234411e+01	5.936729e+02
1.230000e-06	4.710070e-06	9.147760e-09	3.300327e+01	5.998913e+02
1.240000e-06	4.802666e-06	9.239064e-09	3.365208e+01	6.058080e+02
1.250000e-06	4.893545e-06	9.322516e-09	3.428887e+01	6.114209e+02
1.260000e-06	4.982503e-06	9.401414e-09	3.491219e+01	6.167370e+02
1.270000e-06	5.069712e-06	9.476229e-09	3.552326e+01	6.217752e+02
1.280000e-06	5.155222e-06	9.549269e-09	3.612243e+01	6.265606e+02
1.290000e-06	5.239047e-06	9.617124e-09	3.670978e+01	6.311190e+02
1.300000e-06	5.321032e-06	9.680282e-09	3.728425e+01	6.354730e+02
1.310000e-06	5.401012e-06	9.743202e-09	3.784467e+01	6.396396e+02
1.320000e-06	5.479066e-06	9.805807e-09	3.839159e+01	6.436260e+02
1.330000e-06	5.555092e-06	9.863376e-09	3.892430e+01	6.474275e+02
1.340000e-06	5.628881e-06	9.916366e-09	3.944134e+01	6.510318e+02
1.350000e-06	5.700599e-06	9.965618e-09	3.994386e+01	6.544305e+02
1.360000e-06	5.770398e-06	1.001323e-08	4.043294e+01	6.576330e+02
1.370000e-06	5.838153e-06	1.006135e-08	4.090770e+01	6.606708e+02
1.380000e-06	5.903730e-06	1.010463e-08	4.136719e+01	6.635827e+02
1.390000e-06	5.967178e-06	1.014346e-08	4.181177e+01	6.663903e+02
1.400000e-06	6.028693e-06	1.018169e-08	4.224280e+01	6.690789e+02
1.410000e-06	6.088148e-06	1.022024e-08	4.265940e+01	6.716032e+02
1.420000e-06	6.145426e-06	1.025447e-08	4.306075e+01	6.739193e+02
1.430000e-06	6.200523e-06	1.028297e-08	4.344681e+01	6.760224e+02
1.440000e-06	6.253183e-06	1.031006e-08	4.381580e+01	6.779625e+02
1.450000e-06	6.303224e-06	1.034156e-08	4.416643e+01	6.798210e+02
1.460000e-06	6.350823e-06	1.037362e-08	4.449995e+01	6.816596e+02
1.470000e-06	6.396247e-06	1.039995e-08	4.481824e+01	6.834758e+02
1.480000e-06	6.439442e-06	1.042253e-08	4.512091e+01	6.851997e+02
1.490000e-06	6.480165e-06	1.044266e-08	4.540625e+01	6.867380e+02
1.500000e-06	6.518556e-06	1.046487e-08	4.567525e+01	6.880385e+02
1.510000e-06	6.554907e-06	1.048400e-08	4.592996e+01	6.891296e+02
1.520000e-06	6.588978e-06	1.049789e-08	4.616870e+01	6.901062e+02
1.530000e-06	6.620657e-06	1.051268e-08	4.639067e+01	6.910695e+02
1.540000e-06	6.650215e-06	1.052941e-08	4.659778e+01	6.920635e+02
1.550000e-06	6.677356e-06	1.054603e-08	4.678796e+01	6.930519e+02
1.560000e-06	6.701875e-06	1.055983e-08	4.695976e+01	6.939514e+02
1.570000e-06	6.724010e-06	1.056917e-08	4.711486e+01	6.946944e+02
1.580000e-06	6.744001e-06	1.057696e-08	4.725494e+01	6.952731e+02
1.590000e-06	6.761678e-06	1.058485e-08	4.737880e+01	6.957340e+02
1.600000e-06	6.776765e-06	1.059070e-08	4.748451e+01	6.961307e+02
1.610000e-06	6.789304e-06	1.059386e-08	4.757237e+01	6.964768e+02
1.620000e-06	6.799204e-06	1.059613e-08	4.764174e+01	6.967394e+02
1.630000e-06	6.806619e-06	1.060093e-08	4.769370e+01	6.968794e+02
1.640000e-06	6.811822e-06	1.060680e-08	4.773015e+01	6.969035e+02
1.650000e-06	6.814546e-06	1.060864e-08	4.774925e+01	6.968777e+02
1.660000e-06	6.814761e-06	1.060859e-08	4.775075e+01	6.968826e+02
1.670000e-06	6.812813e-06	1.060179e-08	4.773710e+01	6.969386e+02
1.680000e-06	6.808651e-06	1.060104e-08	4.770794e+01	6.969624e+02
1.690000e-06	6.802122e-06	1.059867e-08	4.766219e+01	6.968004e+02
1.700000e-06	6.793444e-06	1.058836e-08	4.760138e+01	6.963296e+02
1.710000e-06	6.782574e-06	1.057967e-08	4.752521e+01	6.955585e+02
1.720000e-06	6.769173e-06	1.057952e-08	4.743132e+01	6.946509e+02
1.730000e-06	6.753501e-06	1.060490e-08	4.732150e+01	6.938395e+02
1.740000e-06	6.735882e-06	1.051781e-08	4.719805e+01	6.932745e+02
1.750000e-06	6.715674e-06	1.048151e-08	4.705645e+01	6.929070e+02
1.760000e-06	6.691997e-06	1.052537e-08	4.689055e+01	6.924927e+02
1.770000e-06	6.665278e-06	1.050059e-08	4.670333e+01	6.917261e+02
1.780000e-06	6.636281e-06	1.051023e-08	4.650015e+01	6.904310e+02
1.790000e-06	6.605479e-06	1.054998e-08	4.628432e+01	6.886842e+02
1.800000e-06	6.573391e-06	1.037400e-08	4.605948e+01	6.867923e+02
1.810000e-06	6.539405e-06	1.041476e-08	4.582134e+01	6.851288e+02
1.820000e-06	6.502750e-06	1.044264e-08	4.556450e+01	6.839293e+02
1.830000e-06	6.464022e-06	1.033523e-08	4.529314e+01	6.831654e+02
1.840000e-06	6.423089e-06	1.048321e-08	4.500632e+01	6.825695e+02
1.850000e-06	6.379762e-06	1.034196e-08	4.470273e+01	6.817855e+02
1.860000e-06	6.334277e-06	1.032594e-08	4.438402e+01	6.805488e+02
1.870000e-06	6.286296e-06	1.041879e-08	4.404782e+01	6.787926e+02
1.880000e-06	6.236227e-06	1.028320e-08	4.369699e+01	6.766313e+02
1.890000e-06	6.183728e-06	1.032816e-08	4.332912e+01	6.742537e+02
1.900000e-06	6.128473e-06	1.020779e-08	4.294196e+01	6.718047e+02
1.910000e-06	6.071136e-06	1.019082e-08	4.254020e+01	6.693277e+02
1.920000e-06	6.011519e-06	1.026362e-08	4.212247e+01	6.667845e+02
1.930000e-06	5.949671e-06	1.008356e-08	4.168910e+01	6.641207e+02
1.940000e-06	5.885685e-06	1.011816e-08	4.124075e+01	6.613186e+02
1.950000e-06	5.819639e-06	1.001527e-08	4.077797e+01	6.584040e+02
1.960000e-06	5.751627e-06	1.000896e-08	4.030141e+01	6.554129e+02
1.970000e-06	5.681080e-06	9.985234e-09	3.980709e+01	6.523513e+02
1.980000e-06	5.608440e-06	9.872087e-09	3.929811e+01	6.491806e+02
1.990000e-06	5.533783e-06	9.880565e-09	3.877499e+01	6.458371e+02
2.000000e-06	5.456842e-06	9.753267e-09	3.823587e+01	6.422687e+02
2.010000e-06	5.377873e-06	9.785245e-09	3.768254e+01	6.384633e+02
2.020000e-06	5.296932e-06	9.689029e-09	3.711539e+01	6.344535e+02
2.030000e-06	5.214273e-06	9.611446e-09	3.653620e+01	6.302995e+02
2.040000e-06	5.129708e-06	9.562926e-09	3.594365e+01	6.260613e+02
2.050000e-06	5.043150e-06	9.467586e-09	3.533715e+01	6.217737e+02
2.060000e-06	4.954778e-06	9.460370e-09	3.471792e+01	6.174278e+02
2.070000e-06	4.864800e-06	9.327392e-09	3.408745e+01	6.129648e+02
2.080000e-06	4.773089e-06	9.281848e-09	3.344484e+01	6.082871e+02
2.090000e-06	4.679628e-06	9.198064e-09	3.278996e+01	6.032905e+02
2.100000e-06	4.584543e-06	9.149167e-09	3.212371e+01	5.979116e+02
2.110000e-06	4.487778e-06	9.060458e-09	3.144568e+01	5.921699e+02
2.120000e-06	4.389574e-06	8.934623e-09	3.075756e+01	5.861744e+02
2.130000e-06	4.289737e-06	8.851802e-09	3.005801e+01	5.800797e+02
2.140000e-06	4.188344e-06	8.751582e-09	2.934755e+01	5.740050e+02
2.150000e-06	4.085429e-06	8.694213e-09	2.862643e+01	5.679582e+02
2.160000e-06	3.980898e-06	8.571950e-09	2.789399e+01	5.618153e+02
2.170000e-06	3.875062e-06	8.473276e-09	2.715240e+01	5.553753e+02
2.180000e-06	3.768036e-06	8.366300e-09	2.640247e+01	5.484662e+02
2.190000e-06	3.659696e-06	8.274757e-09	2.564334e+01	5.410391e+02
2.200000e-06	3.550085e-06	8.157505e-09	2.487530e+01	5.331931e+02
2.210000e-06	3.439188e-06	8.017592e-09	2.409825e+01	5.251116e+02
2.220000e-06	3.326849e-06	7.891504e-09	2.331109e+01	5.169496e+02
2.230000e-06	3.213334e-06	7.772010e-09	2.251570e+01	5.087404e+02
2.240000e-06	3.098628e-06	7.660296e-09	2.171196e+01	5.003801e+02
2.250000e-06	2.982509e-06	7.514733e-09	2.089832e+01	4.916940e+02
2.260000e-06	2.865172e-06	7.368524e-09	2.007614e+01	4.825395e+02
2.270000e-06	2.746783e-06	7.219549e-09	1.924659e+01	4.728784e+02
2.280000e-06	2.627270e-06	7.081204e-09	1.840917e+01	4.627774e+02
2.290000e-06	2.506711e-06	6.924328e-09	1.756442e+01	4.523456e+02
2.300000e-06	2.385384e-06	6.751110e-09	1.671429e+01	4.416572e+02
2.310000e-06	2.263432e-06	6.579292e-09	1.585978e+01	4.307109e+02
2.320000e-06	2.140742e-06	6.416270e-09	1.500009e+01	4.194448e+02
2.330000e-06	2.017161e-06	6.249273e-09	1.413416e+01	4.077851e+02
2.340000e-06	1.892741e-06	6.062334e-09	1.326236e+01	3.956862e+02
2.350000e-06	1.767623e-06	5.863434e-09	1.238566e+01	3.831361e+02
2.360000e-06	1.641934e-06	5.666488e-09	1.150496e+01	3.701292e+02
2.370000e-06	1.515711e-06	5.469476e-09	1.062052e+01	3.566379e+02
2.380000e-06	1.388899e-06	5.257520e-09	9.731961e+00	3.426101e+02
2.390000e-06	1.261532e-06	5.027228e-09	8.839505e+00	3.279951e+02
2.400000e-06	1.133669e-06	4.788551e-09	7.943575e+00	3.127765e+02
2.410000e-06	1.005422e-06	4.554878e-09	7.044953e+00	2.969801e+02
2.420000e-06	8.768944e-07	4.315044e-09	6.144363e+00	2.806479e+02
2.430000e-06	7.480572e-07	4.057720e-09	5.241606e+00	2.637951e+02
2.440000e-06	6.188922e-07	3.782790e-09	4.336552e+00	2.463798e+02
2.450000e-06	4.895479e-07	3.504354e-09	3.430242e+00	2.283102e+02
2.460000e-06	3.600846e-07	3.220369e-09	2.523098e+00	2.094827e+02
2.470000e-06	2.304857e-07	2.925722e-09	1.615003e+00	1.898239e+02
2.480000e-06	1.008160e-07	2.611543e-09	7.064136e-01	1.693083e+02
2.490000e-06	-2.889863e-08	2.281328e-09	-2.024915e-01	1.479425e+02
2.500000e-06	-1.585545e-07	1.945889e-09	-1.110985e+00	1.257314e+02
2.510000e-06	-2.880977e-07	1.600968e-09	-2.018689e+00	1.026552e+02
2.520000e-06	-4.175998e-07	1.235883e-09	-2.926104e+00	7.867311e+01
2.530000e-06	-5.470078e-07	8.466694e-10	-3.832861e+00	5.375150e+01
2.540000e-06	-6.762171e-07	4.485501e-10	-4.738226e+00	2.789392e+01
2.550000e-06	-8.051910e-07	4.580055e-11	-5.641940e+00	1.154785e+00
2.560000e-06	-9.338268e-07	-3.682405e-10	-6.543286e+00	-2.636752e+01
2.570000e-06	-1.062049e-06	-8.022869e-10	-7.441736e+00	-5.454517e+01
2.580000e-06	-1.189934e-06	-1.247989e-09	-8.337820e+00	-8.322693e+01
2.590000e-06	-1.317460e-06	-1.689903e-09	-9.231385e+00	-1.122306e+02
2.600000e-06	-1.444529e-06	-2.127076e-09	-1.012176e+01	-1.413320e+02
2.610000e-06	-1.571112e-06	-2.565855e-09	-1.100872e+01	-1.702663e+02
2.620000e-06	-1.697183e-06	-3.007406e-09	-1.189209e+01	-1.987504e+02
2.630000e-06	-1.822571e-06	-3.436636e-09	-1.277068e+01	-2.265173e+02
2.640000e-06	-1.947184e-06	-3.844882e-09	-1.364384e+01	-2.533464e+02
2.650000e-06	-2.071033e-06	-4.233826e-09	-1.451165e+01	-2.790760e+02
2.660000e-06	-2.194051e-06	-4.609780e-09	-1.537362e+01	-3.035981e+02
2.670000e-06	-2.316288e-06	-4.971922e-09	-1.623014e+01	-3.268485e+02
2.680000e-06	-2.437827e-06	-5.308077e-09	-1.708175e+01	-3.488018e+02
2.690000e-06	-2.558493e-06	-5.617726e-09	-1.792725e+01	-3.694748e+02
2.700000e-06	-2.678187e-06	-5.911220e-09	-1.876595e+01	-3.889244e+02
2.710000e-06	-2.797032e-06	-6.193677e-09	-1.959869e+01	-4.072320e+02
2.720000e-06	-2.914829e-06	-6.461482e-09	-2.042409e+01	-4.244746e+02
2.730000e-06	-3.031309e-06	-6.710105e-09	-2.124026e+01	-4.406985e+02
2.740000e-06	-3.146453e-06	-6.941134e-09	-2.204707e+01	-4.559150e+02
2.750000e-06	-3.260320e-06	-7.162728e-09	-2.284493e+01	-4.701255e+02
2.760000e-06	-3.372930e-06	-7.374000e-09	-2.363398e+01	-4.833605e+02
2.770000e-06	-3.484062e-06	-7.565666e-09	-2.441268e+01	-4.957064e+02
2.780000e-06	-3.593737e-06	-7.735650e-09	-2.518117e+01	-5.072976e+02
2.790000e-06	-3.702275e-06	-7.895178e-09	-2.594169e+01	-5.182752e+02
2.800000e-06	-3.809741e-06	-8.057923e-09	-2.669469e+01	-5.287368e+02
2.810000e-06	-3.916021e-06	-8.217466e-09	-2.743940e+01	-5.387083e+02
2.820000e-06	-4.020948e-06	-8.362545e-09	-2.817462e+01	-5.481564e+02
2.830000e-06	-4.124407e-06	-8.493760e-09	-2.889955e+01	-5.570316e+02
2.840000e-06	-4.226318e-06	-8.620238e-09	-2.961364e+01	-5.653159e+02
2.850000e-06	-4.326575e-06	-8.745016e-09	-3.031613e+01	-5.730443e+02
2.860000e-06	-4.425328e-06	-8.859327e-09	-3.100809e+01	-5.802939e+02
2.870000e-06	-4.522638e-06	-8.959372e-09	-3.168994e+01	-5.871495e+02
2.880000e-06	-4.618402e-06	-9.051887e-09	-3.236096e+01	-5.936729e+02
2.890000e-06	-4.712493e-06	-9.147759e-09	-3.302024e+01	-5.998913e+02
2.900000e-06	-4.804843e-06	-9.244010e-09	-3.366734e+01	-6.058080e+02
2.910000e-06	-4.895560e-06	-9.333016e-09	-3.430299e+01	-6.114209e+02
2.920000e-06	-4.984576e-06	-9.413049e-09	-3.492672e+01	-6.167370e+02
2.930000e-06	-5.071881e-06	-9.486946e-09	-3.553846e+01	-6.217752e+02
2.940000e-06	-5.157227e-06	-9.563603e-09	-3.613647e+01	-6.265606e+02
2.950000e-06	-5.240640e-06	-9.638102e-09	-3.672095e+01	-6.311190e+02
2.960000e-06	-5.322394e-06	-9.704583e-09	-3.729380e+01	-6.354730e+02
2.970000e-06	-5.402440e-06	-9.765107e-09	-3.785467e+01	-6.396396e+02
2.980000e-06	-5.480391e-06	-9.826444e-09	-3.840088e+01	-6.436260e+02
2.990000e-06	-5.556092e-06	-9.890882e-09	-3.893131e+01	-6.474275e+02
3.000000e-06	-5.629786e-06	-9.948170e-09	-3.944768e+01	-6.510318e+02
3.010000e-06	-5.701572e-06	-9.995010e-09	-3.995068e+01	-6.544305e+02
3.020000e-06	-5.771211e-06	-1.004124e-08	-4.043863e+01	-6.576330e+02
3.030000e-06	-5.838553e-06	-1.009116e-08	-4.091050e+01	-6.606708e+02
3.040000e-06	-5.903901e-06	-1.014319e-08	-4.136839e+01	-6.635827e+02
3.050000e-06	-5.967304e-06	-1.018760e-08	-4.181265e+01	-6.663903e+02
3.060000e-06	-6.028493e-06	-1.022597e-08	-4.224140e+01	-6.690789e+02
3.070000e-06	-6.087430e-06	-1.026528e-08	-4.265437e+01	-6.716032e+02
3.080000e-06	-6.144289e-06	-1.030488e-08	-4.305278e+01	-6.739193e+02
3.090000e-06	-6.199041e-06	-1.034028e-08	-4.343643e+01	-6.760224e+02
3.100000e-06	-6.251380e-06	-1.036731e-08	-4.380316e+01	-6.779625e+02
3.110000e-06	-6.301061e-06	-1.039340e-08	-4.415127e+01	-6.798210e+02
3.120000e-06	-6.348134e-06	-1.042498e-08	-4.448111e+01	-6.816596e+02
3.130000e-06	-6.392996e-06	-1.045540e-08	-4.479546e+01	-6.834758e+02
3.140000e-06	-6.435970e-06	-1.047875e-08	-4.509657e+01	-6.851997e+02
3.150000e-06	-6.476869e-06	-1.049846e-08	-4.538315e+01	-6.867380e+02
3.160000e-06	-6.515449e-06	-1.051938e-08	-4.565348e+01	-6.880385e+02
3.170000e-06	-6.551698e-06	-1.054198e-08	-4.590748e+01	-6.891296e+02
3.180000e-06	-6.585681e-06	-1.055979e-08	-4.614560e+01	-6.901062e+02
3.190000e-06	-6.617408e-06	-1.057019e-08	-4.636790e+01	-6.910695e+02
3.200000e-06	-6.646706e-06	-1.057880e-08	-4.657319e+01	-6.920635e+02
3.210000e-06	-6.673585e-06	-1.059177e-08	-4.676154e+01	-6.930519e+02
3.220000e-06	-6.698288e-06	-1.060750e-08	-4.693462e+01	-6.939514e+02
3.230000e-06	-6.720549e-06	-1.062333e-08	-4.709061e+01	-6.946944e+02
3.240000e-06	-6.740304e-06	-1.063381e-08	-4.722903e+01	-6.952731e+02
3.250000e-06	-6.757848e-06	-1.064096e-08	-4.735196e+01	-6.957340e+02
3.260000e-06	-6.772883e-06	-1.064691e-08	-4.745731e+01	-6.961307e+02
3.270000e-06	-6.785114e-06	-1.065080e-08	-4.754301e+01	-6.964768e+02
3.280000e-06	-6.794877e-06	-1.065337e-08	-4.761142e+01	-6.967394e+02
3.290000e-06	-6.802438e-06	-1.065403e-08	-4.766440e+01	-6.968794e+02
3.300000e-06	-6.807528e-06	-1.065434e-08	-4.770007e+01	-6.969035e+02
3.310000e-06	-6.810213e-06	-1.065380e-08	-4.771888e+01	-6.968777e+02
