# Temperatura_=_20.0
# Concentracion g/m^3_=_10000.0
# C_Vs_to_Am_M_A/Vsm_=_65563218390.804596
# pendiente_HvsI_1/m_=_3716.3
# ordenada_HvsI_A/m_=_1297.0
# frecuencia_Hz_=_301206.76746092585

Tiempo_(s)	Campo_(V.s)	Magnetizacion_(V.s)	Campo_(kA/m)	Magnetizacion_(A/m)
0.000000e+00	-6.792216e-06	-1.060636e-08	-4.771866e+01	-6.948161e+02
1.000000e-08	-6.790465e-06	-1.061016e-08	-4.770636e+01	-6.947314e+02
2.000000e-08	-6.786351e-06	-1.060843e-08	-4.767746e+01	-6.947096e+02
3.000000e-08	-6.780135e-06	-1.060844e-08	-4.763379e+01	-6.946767e+02
4.000000e-08	-6.771918e-06	-1.060778e-08	-4.757606e+01	-6.945139e+02
5.000000e-08	-6.761410e-06	-1.059841e-08	-4.750224e+01	-6.941195e+02
6.000000e-08	-6.748328e-06	-1.058532e-08	-4.741033e+01	-6.934657e+02
7.000000e-08	-6.732619e-06	-1.056535e-08	-4.729996e+01	-6.926161e+02
8.000000e-08	-6.714542e-06	-1.054669e-08	-4.717297e+01	-6.916937e+02
9.000000e-08	-6.694415e-06	-1.058848e-08	-4.703157e+01	-6.908178e+02
1.000000e-07	-6.671803e-06	-1.059031e-08	-4.687270e+01	-6.900465e+02
1.100000e-07	-6.646308e-06	-1.053661e-08	-4.669359e+01	-6.893566e+02
1.200000e-07	-6.618172e-06	-1.052254e-08	-4.649592e+01	-6.886668e+02
1.300000e-07	-6.587946e-06	-1.053044e-08	-4.628357e+01	-6.878849e+02
1.400000e-07	-6.556072e-06	-1.043314e-08	-4.605964e+01	-6.869493e+02
1.500000e-07	-6.522330e-06	-1.044269e-08	-4.582258e+01	-6.858421e+02
1.600000e-07	-6.486248e-06	-1.051285e-08	-4.556909e+01	-6.845763e+02
1.700000e-07	-6.448105e-06	-1.033568e-08	-4.530112e+01	-6.831713e+02
1.800000e-07	-6.407903e-06	-1.040635e-08	-4.501868e+01	-6.816375e+02
1.900000e-07	-6.365103e-06	-1.042109e-08	-4.471799e+01	-6.799762e+02
2.000000e-07	-6.320016e-06	-1.029592e-08	-4.440122e+01	-6.781878e+02
2.100000e-07	-6.272785e-06	-1.034587e-08	-4.406940e+01	-6.762768e+02
2.200000e-07	-6.222850e-06	-1.025494e-08	-4.371859e+01	-6.742456e+02
2.300000e-07	-6.170267e-06	-1.022725e-08	-4.334917e+01	-6.720863e+02
2.400000e-07	-6.115329e-06	-1.021663e-08	-4.296320e+01	-6.697780e+02
2.500000e-07	-6.058256e-06	-1.017172e-08	-4.256224e+01	-6.672994e+02
2.600000e-07	-5.998911e-06	-1.015366e-08	-4.214531e+01	-6.646486e+02
2.700000e-07	-5.937244e-06	-1.005229e-08	-4.171207e+01	-6.618558e+02
2.800000e-07	-5.873634e-06	-1.005500e-08	-4.126517e+01	-6.589761e+02
2.900000e-07	-5.807925e-06	-1.000962e-08	-4.080353e+01	-6.560630e+02
3.000000e-07	-5.740018e-06	-9.959332e-09	-4.032646e+01	-6.531375e+02
3.100000e-07	-5.669999e-06	-9.933387e-09	-3.983454e+01	-6.501713e+02
3.200000e-07	-5.597939e-06	-9.842433e-09	-3.932828e+01	-6.470952e+02
3.300000e-07	-5.523801e-06	-9.829916e-09	-3.880743e+01	-6.438288e+02
3.400000e-07	-5.447479e-06	-9.761039e-09	-3.827123e+01	-6.403156e+02
3.500000e-07	-5.369013e-06	-9.703989e-09	-3.771996e+01	-6.365444e+02
3.600000e-07	-5.288276e-06	-9.638104e-09	-3.715275e+01	-6.325494e+02
3.700000e-07	-5.205598e-06	-9.566699e-09	-3.657189e+01	-6.283920e+02
3.800000e-07	-5.121347e-06	-9.532805e-09	-3.597999e+01	-6.241346e+02
3.900000e-07	-5.035418e-06	-9.461864e-09	-3.537629e+01	-6.198173e+02
4.000000e-07	-4.947781e-06	-9.399598e-09	-3.476060e+01	-6.154425e+02
4.100000e-07	-4.858515e-06	-9.310470e-09	-3.413346e+01	-6.109711e+02
4.200000e-07	-4.767447e-06	-9.239576e-09	-3.349366e+01	-6.063313e+02
4.300000e-07	-4.674586e-06	-9.174112e-09	-3.284127e+01	-6.014412e+02
4.400000e-07	-4.580112e-06	-9.091285e-09	-3.217754e+01	-5.962400e+02
4.500000e-07	-4.484080e-06	-9.011678e-09	-3.150287e+01	-5.907173e+02
4.600000e-07	-4.386325e-06	-8.917206e-09	-3.081610e+01	-5.849236e+02
4.700000e-07	-4.286811e-06	-8.835901e-09	-3.011696e+01	-5.789501e+02
4.800000e-07	-4.185909e-06	-8.742763e-09	-2.940807e+01	-5.728828e+02
4.900000e-07	-4.083619e-06	-8.649407e-09	-2.868944e+01	-5.667537e+02
5.000000e-07	-3.979867e-06	-8.549533e-09	-2.796052e+01	-5.605158e+02
5.100000e-07	-3.874643e-06	-8.445453e-09	-2.722128e+01	-5.540622e+02
5.200000e-07	-3.767806e-06	-8.347586e-09	-2.647070e+01	-5.472802e+02
5.300000e-07	-3.659578e-06	-8.233243e-09	-2.571034e+01	-5.401095e+02
5.400000e-07	-3.550209e-06	-8.115183e-09	-2.494197e+01	-5.325695e+02
5.500000e-07	-3.439624e-06	-7.995612e-09	-2.416505e+01	-5.247364e+02
5.600000e-07	-3.327822e-06	-7.881528e-09	-2.337959e+01	-5.166870e+02
5.700000e-07	-3.214886e-06	-7.757434e-09	-2.258616e+01	-5.084441e+02
5.800000e-07	-3.100608e-06	-7.624663e-09	-2.178330e+01	-4.999611e+02
5.900000e-07	-2.984933e-06	-7.486496e-09	-2.097063e+01	-4.911540e+02
6.000000e-07	-2.868016e-06	-7.342489e-09	-2.014923e+01	-4.819588e+02
6.100000e-07	-2.750048e-06	-7.197019e-09	-1.932044e+01	-4.723721e+02
6.200000e-07	-2.631193e-06	-7.044080e-09	-1.848543e+01	-4.624466e+02
6.300000e-07	-2.511468e-06	-6.889723e-09	-1.764430e+01	-4.522434e+02
6.400000e-07	-2.390927e-06	-6.729448e-09	-1.679744e+01	-4.417763e+02
6.500000e-07	-2.269557e-06	-6.568671e-09	-1.594476e+01	-4.309859e+02
6.600000e-07	-2.147271e-06	-6.400943e-09	-1.508563e+01	-4.197656e+02
6.700000e-07	-2.024016e-06	-6.220927e-09	-1.421971e+01	-4.080213e+02
6.800000e-07	-1.900008e-06	-6.028136e-09	-1.334850e+01	-3.957262e+02
6.900000e-07	-1.775391e-06	-5.825665e-09	-1.247300e+01	-3.829329e+02
7.000000e-07	-1.650138e-06	-5.621186e-09	-1.159303e+01	-3.697339e+02
7.100000e-07	-1.524320e-06	-5.415086e-09	-1.070910e+01	-3.561957e+02
7.200000e-07	-1.398020e-06	-5.207576e-09	-9.821777e+00	-3.423082e+02
7.300000e-07	-1.271300e-06	-4.991484e-09	-8.931510e+00	-3.279803e+02
7.400000e-07	-1.144192e-06	-4.767647e-09	-8.038514e+00	-3.130819e+02
7.500000e-07	-1.016648e-06	-4.532472e-09	-7.142456e+00	-2.975056e+02
7.600000e-07	-8.886877e-07	-4.285068e-09	-6.243469e+00	-2.812090e+02
7.700000e-07	-7.604704e-07	-4.021353e-09	-5.342679e+00	-2.642169e+02
7.800000e-07	-6.321063e-07	-3.743970e-09	-4.440858e+00	-2.465861e+02
7.900000e-07	-5.035675e-07	-3.462765e-09	-3.537810e+00	-2.283569e+02
8.000000e-07	-3.748013e-07	-3.176471e-09	-2.633164e+00	-2.095195e+02
8.100000e-07	-2.459286e-07	-2.881394e-09	-1.727770e+00	-1.900092e+02
8.200000e-07	-1.169805e-07	-2.571472e-09	-8.218455e-01	-1.697282e+02
8.300000e-07	1.206529e-08	-2.251725e-09	8.476458e-02	-1.485774e+02
8.400000e-07	1.410829e-07	-1.917856e-09	9.911772e-01	-1.264842e+02
8.500000e-07	2.700237e-07	-1.566019e-09	1.897050e+00	-1.034164e+02
8.600000e-07	3.988324e-07	-1.196222e-09	2.801994e+00	-7.938210e+01
8.700000e-07	5.274683e-07	-8.115867e-10	3.705725e+00	-5.442064e+01
8.800000e-07	6.559353e-07	-4.177261e-10	4.608269e+00	-2.858844e+01
8.900000e-07	7.841760e-07	-1.187058e-11	5.509223e+00	-1.946964e+00
9.000000e-07	9.121841e-07	4.043731e-10	6.408543e+00	2.544111e+01
9.100000e-07	1.039885e-06	8.324215e-10	7.305705e+00	5.350189e+01
9.200000e-07	1.167212e-06	1.266756e-09	8.200241e+00	8.212695e+01
9.300000e-07	1.294189e-06	1.705640e-09	9.092318e+00	1.111465e+02
9.400000e-07	1.420748e-06	2.148598e-09	9.981457e+00	1.403156e+02
9.500000e-07	1.546842e-06	2.593726e-09	1.086733e+01	1.693275e+02
9.600000e-07	1.672416e-06	3.032036e-09	1.174955e+01	1.978560e+02
9.700000e-07	1.797415e-06	3.454515e-09	1.262773e+01	2.256102e+02
9.800000e-07	1.921849e-06	3.859766e-09	1.350193e+01	2.523778e+02
9.900000e-07	2.045673e-06	4.245723e-09	1.437186e+01	2.780351e+02
1.000000e-06	2.168741e-06	4.617733e-09	1.523648e+01	3.025229e+02
1.010000e-06	2.290959e-06	4.974558e-09	1.609511e+01	3.258071e+02
1.020000e-06	2.412200e-06	5.311076e-09	1.694689e+01	3.478504e+02
1.030000e-06	2.532468e-06	5.626429e-09	1.779184e+01	3.686135e+02
1.040000e-06	2.651893e-06	5.923501e-09	1.863085e+01	3.880808e+02
1.050000e-06	2.770414e-06	6.204196e-09	1.946353e+01	4.062882e+02
1.060000e-06	2.887926e-06	6.462781e-09	2.028910e+01	4.233289e+02
1.070000e-06	3.004356e-06	6.704170e-09	2.110708e+01	4.393271e+02
1.080000e-06	3.119557e-06	6.931145e-09	2.191643e+01	4.543936e+02
1.090000e-06	3.233373e-06	7.149448e-09	2.271604e+01	4.685910e+02
1.100000e-06	3.345872e-06	7.355076e-09	2.350640e+01	4.819307e+02
1.110000e-06	3.457196e-06	7.540686e-09	2.428850e+01	4.944042e+02
1.120000e-06	3.567422e-06	7.713687e-09	2.506290e+01	5.060268e+02
1.130000e-06	3.676556e-06	7.879771e-09	2.582962e+01	5.168672e+02
1.140000e-06	3.784484e-06	8.042004e-09	2.658787e+01	5.270416e+02
1.150000e-06	3.890990e-06	8.190847e-09	2.733612e+01	5.366785e+02
1.160000e-06	3.995856e-06	8.325992e-09	2.807286e+01	5.458743e+02
1.170000e-06	4.099258e-06	8.455401e-09	2.879930e+01	5.546664e+02
1.180000e-06	4.201287e-06	8.585768e-09	2.951611e+01	5.630378e+02
1.190000e-06	4.301888e-06	8.711766e-09	3.022289e+01	5.709474e+02
1.200000e-06	4.400979e-06	8.824364e-09	3.091904e+01	5.783653e+02
1.210000e-06	4.498223e-06	8.926013e-09	3.160224e+01	5.852964e+02
1.220000e-06	4.593751e-06	9.024526e-09	3.227336e+01	5.917806e+02
1.230000e-06	4.687764e-06	9.120440e-09	3.293385e+01	5.978782e+02
1.240000e-06	4.780327e-06	9.209041e-09	3.358415e+01	6.036504e+02
1.250000e-06	4.871318e-06	9.288422e-09	3.422341e+01	6.091481e+02
1.260000e-06	4.960319e-06	9.365769e-09	3.484869e+01	6.144084e+02
1.270000e-06	5.047462e-06	9.444908e-09	3.546091e+01	6.194573e+02
1.280000e-06	5.132973e-06	9.521069e-09	3.606166e+01	6.243098e+02
1.290000e-06	5.216848e-06	9.591358e-09	3.665093e+01	6.289673e+02
1.300000e-06	5.298838e-06	9.655138e-09	3.722695e+01	6.334155e+02
1.310000e-06	5.378772e-06	9.718134e-09	3.778853e+01	6.376280e+02
1.320000e-06	5.456813e-06	9.780305e-09	3.833680e+01	6.415790e+02
1.330000e-06	5.532880e-06	9.836074e-09	3.887121e+01	6.452592e+02
1.340000e-06	5.606711e-06	9.884913e-09	3.938991e+01	6.486892e+02
1.350000e-06	5.678441e-06	9.931975e-09	3.989385e+01	6.519206e+02
1.360000e-06	5.748269e-06	9.980746e-09	4.038442e+01	6.550211e+02
1.370000e-06	5.816107e-06	1.003107e-08	4.086102e+01	6.580498e+02
1.380000e-06	5.881728e-06	1.007717e-08	4.132204e+01	6.610313e+02
1.390000e-06	5.945217e-06	1.011803e-08	4.176808e+01	6.639438e+02
1.400000e-06	6.006811e-06	1.015903e-08	4.220081e+01	6.667267e+02
1.410000e-06	6.066436e-06	1.019849e-08	4.261970e+01	6.693084e+02
1.420000e-06	6.123801e-06	1.023296e-08	4.302272e+01	6.716412e+02
1.430000e-06	6.178871e-06	1.026164e-08	4.340962e+01	6.737280e+02
1.440000e-06	6.231653e-06	1.028917e-08	4.378043e+01	6.756244e+02
1.450000e-06	6.281728e-06	1.031953e-08	4.413224e+01	6.774153e+02
1.460000e-06	6.329307e-06	1.035028e-08	4.446650e+01	6.791755e+02
1.470000e-06	6.374816e-06	1.037737e-08	4.478623e+01	6.809348e+02
1.480000e-06	6.418120e-06	1.040030e-08	4.509046e+01	6.826671e+02
1.490000e-06	6.459020e-06	1.042312e-08	4.537780e+01	6.843076e+02
1.500000e-06	6.497645e-06	1.044610e-08	4.564916e+01	6.857891e+02
1.510000e-06	6.534228e-06	1.046589e-08	4.590618e+01	6.870759e+02
1.520000e-06	6.568405e-06	1.048118e-08	4.614628e+01	6.881785e+02
1.530000e-06	6.600067e-06	1.049625e-08	4.636872e+01	6.891410e+02
1.540000e-06	6.629633e-06	1.051286e-08	4.657644e+01	6.900157e+02
1.550000e-06	6.656923e-06	1.052829e-08	4.676817e+01	6.908394e+02
1.560000e-06	6.681706e-06	1.054059e-08	4.694228e+01	6.916254e+02
1.570000e-06	6.704099e-06	1.054881e-08	4.709960e+01	6.923708e+02
1.580000e-06	6.724369e-06	1.055751e-08	4.724200e+01	6.930675e+02
1.590000e-06	6.742373e-06	1.056772e-08	4.736849e+01	6.937050e+02
1.600000e-06	6.757744e-06	1.057601e-08	4.747648e+01	6.942648e+02
1.610000e-06	6.770617e-06	1.058179e-08	4.756692e+01	6.947139e+02
1.620000e-06	6.780734e-06	1.058615e-08	4.763800e+01	6.950122e+02
1.630000e-06	6.788201e-06	1.059016e-08	4.769046e+01	6.951345e+02
1.640000e-06	6.793525e-06	1.059460e-08	4.772786e+01	6.950962e+02
1.650000e-06	6.796371e-06	1.059435e-08	4.774785e+01	6.949604e+02
1.660000e-06	6.796783e-06	1.059182e-08	4.775075e+01	6.948161e+02
1.670000e-06	6.795020e-06	1.058333e-08	4.773836e+01	6.947314e+02
1.680000e-06	6.791130e-06	1.058010e-08	4.771103e+01	6.947096e+02
1.690000e-06	6.784860e-06	1.057991e-08	4.766699e+01	6.946767e+02
1.700000e-06	6.776255e-06	1.057808e-08	4.760653e+01	6.945139e+02
1.710000e-06	6.765586e-06	1.057473e-08	4.753158e+01	6.941195e+02
1.720000e-06	6.752498e-06	1.057024e-08	4.743963e+01	6.934657e+02
1.730000e-06	6.737079e-06	1.058009e-08	4.733130e+01	6.926161e+02
1.740000e-06	6.719701e-06	1.054456e-08	4.720921e+01	6.916937e+02
1.750000e-06	6.699964e-06	1.045987e-08	4.707055e+01	6.908178e+02
1.760000e-06	6.676816e-06	1.047963e-08	4.690792e+01	6.900465e+02
1.770000e-06	6.650445e-06	1.049083e-08	4.672266e+01	6.893566e+02
1.780000e-06	6.621760e-06	1.045671e-08	4.652113e+01	6.886668e+02
1.790000e-06	6.591137e-06	1.055476e-08	4.630598e+01	6.878849e+02
1.800000e-06	6.559285e-06	1.043971e-08	4.608221e+01	6.869493e+02
1.810000e-06	6.525727e-06	1.039008e-08	4.584645e+01	6.858421e+02
1.820000e-06	6.489445e-06	1.056309e-08	4.559155e+01	6.845763e+02
1.830000e-06	6.450938e-06	1.037708e-08	4.532102e+01	6.831713e+02
1.840000e-06	6.410198e-06	1.040131e-08	4.503480e+01	6.816375e+02
1.850000e-06	6.367172e-06	1.041473e-08	4.473252e+01	6.799762e+02
1.860000e-06	6.322167e-06	1.023770e-08	4.441634e+01	6.781878e+02
1.870000e-06	6.274612e-06	1.038625e-08	4.408224e+01	6.762768e+02
1.880000e-06	6.224849e-06	1.029632e-08	4.373263e+01	6.742456e+02
1.890000e-06	6.172709e-06	1.026336e-08	4.336632e+01	6.720863e+02
1.900000e-06	6.117772e-06	1.024274e-08	4.298036e+01	6.697780e+02
1.910000e-06	6.060786e-06	1.011397e-08	4.258001e+01	6.672994e+02
1.920000e-06	6.001664e-06	1.021848e-08	4.216465e+01	6.646486e+02
1.930000e-06	5.940291e-06	1.006994e-08	4.173347e+01	6.618558e+02
1.940000e-06	5.876739e-06	1.005362e-08	4.128699e+01	6.589761e+02
1.950000e-06	5.811039e-06	1.002439e-08	4.082541e+01	6.560630e+02
1.960000e-06	5.743396e-06	9.926984e-09	4.035019e+01	6.531375e+02
1.970000e-06	5.673284e-06	9.985367e-09	3.985762e+01	6.501713e+02
1.980000e-06	5.600981e-06	9.812933e-09	3.934965e+01	6.470952e+02
1.990000e-06	5.526754e-06	9.832556e-09	3.882817e+01	6.438288e+02
2.000000e-06	5.450299e-06	9.763832e-09	3.829104e+01	6.403156e+02
2.010000e-06	5.371758e-06	9.721278e-09	3.773925e+01	6.365444e+02
2.020000e-06	5.291207e-06	9.703145e-09	3.717334e+01	6.325494e+02
2.030000e-06	5.208933e-06	9.542418e-09	3.659532e+01	6.283920e+02
2.040000e-06	5.124856e-06	9.528318e-09	3.600464e+01	6.241346e+02
2.050000e-06	5.038763e-06	9.416746e-09	3.539980e+01	6.198173e+02
2.060000e-06	4.950831e-06	9.417699e-09	3.478203e+01	6.154425e+02
2.070000e-06	4.861278e-06	9.323803e-09	3.415288e+01	6.109711e+02
2.080000e-06	4.770118e-06	9.234511e-09	3.351243e+01	6.063313e+02
2.090000e-06	4.677201e-06	9.179424e-09	3.285964e+01	6.014412e+02
2.100000e-06	4.582503e-06	9.084295e-09	3.219434e+01	5.962400e+02
2.110000e-06	4.486209e-06	9.043372e-09	3.151783e+01	5.907173e+02
2.120000e-06	4.388415e-06	8.900736e-09	3.083078e+01	5.849236e+02
2.130000e-06	4.289152e-06	8.827249e-09	3.013341e+01	5.789501e+02
2.140000e-06	4.188310e-06	8.723878e-09	2.942494e+01	5.728828e+02
2.150000e-06	4.085705e-06	8.656898e-09	2.870409e+01	5.667537e+02
2.160000e-06	3.981532e-06	8.554277e-09	2.797223e+01	5.605158e+02
2.170000e-06	3.876056e-06	8.437512e-09	2.723120e+01	5.540622e+02
2.180000e-06	3.769331e-06	8.348141e-09	2.648141e+01	5.472802e+02
2.190000e-06	3.661453e-06	8.243216e-09	2.572351e+01	5.401095e+02
2.200000e-06	3.552225e-06	8.147809e-09	2.495613e+01	5.325695e+02
2.210000e-06	3.441622e-06	8.000933e-09	2.417909e+01	5.247364e+02
2.220000e-06	3.329721e-06	7.875816e-09	2.339293e+01	5.166870e+02
2.230000e-06	3.216611e-06	7.748012e-09	2.259828e+01	5.084441e+02
2.240000e-06	3.102253e-06	7.636748e-09	2.179485e+01	4.999611e+02
2.250000e-06	2.986639e-06	7.500613e-09	2.098261e+01	4.911540e+02
2.260000e-06	2.869845e-06	7.351805e-09	2.016207e+01	4.819588e+02
2.270000e-06	2.751775e-06	7.207487e-09	1.933257e+01	4.723721e+02
2.280000e-06	2.632602e-06	7.064568e-09	1.849533e+01	4.624466e+02
2.290000e-06	2.512482e-06	6.917734e-09	1.765142e+01	4.522434e+02
2.300000e-06	2.391533e-06	6.743157e-09	1.680170e+01	4.417763e+02
2.310000e-06	2.269839e-06	6.569959e-09	1.594674e+01	4.309859e+02
2.320000e-06	2.147388e-06	6.401397e-09	1.508646e+01	4.197656e+02
2.330000e-06	2.024175e-06	6.234377e-09	1.422083e+01	4.080213e+02
2.340000e-06	1.900370e-06	6.050181e-09	1.335103e+01	3.957262e+02
2.350000e-06	1.775941e-06	5.848951e-09	1.247686e+01	3.829329e+02
2.360000e-06	1.650740e-06	5.648815e-09	1.159726e+01	3.697339e+02
2.370000e-06	1.524816e-06	5.452530e-09	1.071258e+01	3.561957e+02
2.380000e-06	1.398264e-06	5.244869e-09	9.823491e+00	3.423082e+02
2.390000e-06	1.271194e-06	5.014900e-09	8.930762e+00	3.279803e+02
2.400000e-06	1.143658e-06	4.774500e-09	8.034761e+00	3.130819e+02
2.410000e-06	1.015738e-06	4.537317e-09	7.136061e+00	2.975056e+02
2.420000e-06	8.875498e-07	4.299128e-09	6.235475e+00	2.812090e+02
2.430000e-06	7.590848e-07	4.047068e-09	5.332945e+00	2.642169e+02
2.440000e-06	6.303327e-07	3.774237e-09	4.428398e+00	2.465861e+02
2.450000e-06	5.014030e-07	3.496265e-09	3.522603e+00	2.283569e+02
2.460000e-06	3.723076e-07	3.213549e-09	2.615645e+00	2.095195e+02
2.470000e-06	2.430706e-07	2.921312e-09	1.707691e+00	1.900092e+02
2.480000e-06	1.137540e-07	2.609270e-09	7.991779e-01	1.697282e+02
2.490000e-06	-1.562830e-08	2.276587e-09	-1.097965e-01	1.485774e+02
2.500000e-06	-1.449820e-07	1.936371e-09	-1.018570e+00	1.264842e+02
2.510000e-06	-2.742467e-07	1.590262e-09	-1.926718e+00	1.034164e+02
2.520000e-06	-4.034141e-07	1.230842e-09	-2.834183e+00	7.938210e+01
2.530000e-06	-5.324408e-07	8.471274e-10	-3.740659e+00	5.442064e+01
2.540000e-06	-6.613130e-07	4.498495e-10	-4.646050e+00	2.858844e+01
2.550000e-06	-7.900263e-07	4.631728e-11	-5.550324e+00	1.946964e+00
2.560000e-06	-9.184140e-07	-3.662241e-10	-6.452311e+00	-2.544111e+01
2.570000e-06	-1.046409e-06	-7.968833e-10	-7.351541e+00	-5.350189e+01
2.580000e-06	-1.174104e-06	-1.243248e-09	-8.248658e+00	-8.212695e+01
2.590000e-06	-1.301435e-06	-1.689649e-09	-9.143225e+00	-1.111465e+02
2.600000e-06	-1.428322e-06	-2.129701e-09	-1.003467e+01	-1.403156e+02
2.610000e-06	-1.554721e-06	-2.565368e-09	-1.092268e+01	-1.693275e+02
2.620000e-06	-1.680486e-06	-3.002030e-09	-1.180625e+01	-1.978560e+02
2.630000e-06	-1.805516e-06	-3.432604e-09	-1.268464e+01	-2.256102e+02
2.640000e-06	-1.929752e-06	-3.844193e-09	-1.355746e+01	-2.523778e+02
2.650000e-06	-2.053198e-06	-4.233022e-09	-1.442472e+01	-2.780351e+02
2.660000e-06	-2.175976e-06	-4.604618e-09	-1.528730e+01	-3.025229e+02
2.670000e-06	-2.298063e-06	-4.964203e-09	-1.614503e+01	-3.258071e+02
2.680000e-06	-2.419310e-06	-5.305242e-09	-1.699684e+01	-3.478504e+02
2.690000e-06	-2.539680e-06	-5.618952e-09	-1.784250e+01	-3.686135e+02
2.700000e-06	-2.659163e-06	-5.911895e-09	-1.868193e+01	-3.880808e+02
2.710000e-06	-2.777779e-06	-6.188481e-09	-1.951526e+01	-4.062882e+02
2.720000e-06	-2.895326e-06	-6.452517e-09	-2.034109e+01	-4.233289e+02
2.730000e-06	-3.011507e-06	-6.699888e-09	-2.115732e+01	-4.393271e+02
2.740000e-06	-3.126432e-06	-6.926310e-09	-2.196472e+01	-4.543936e+02
2.750000e-06	-3.240186e-06	-7.142394e-09	-2.276391e+01	-4.685910e+02
2.760000e-06	-3.352616e-06	-7.349963e-09	-2.355378e+01	-4.819307e+02
2.770000e-06	-3.463586e-06	-7.545760e-09	-2.433340e+01	-4.944042e+02
2.780000e-06	-3.573156e-06	-7.720527e-09	-2.510318e+01	-5.060268e+02
2.790000e-06	-3.681575e-06	-7.879901e-09	-2.586488e+01	-5.168672e+02
2.800000e-06	-3.788938e-06	-8.035266e-09	-2.661916e+01	-5.270416e+02
2.810000e-06	-3.895111e-06	-8.187031e-09	-2.736507e+01	-5.366785e+02
2.820000e-06	-3.999942e-06	-8.329829e-09	-2.810157e+01	-5.458743e+02
2.830000e-06	-4.103336e-06	-8.459640e-09	-2.882796e+01	-5.546664e+02
2.840000e-06	-4.205099e-06	-8.583931e-09	-2.954289e+01	-5.630378e+02
2.850000e-06	-4.305180e-06	-8.706574e-09	-3.024601e+01	-5.709474e+02
2.860000e-06	-4.403843e-06	-8.824439e-09	-3.093916e+01	-5.783653e+02
2.870000e-06	-4.501065e-06	-8.929463e-09	-3.162220e+01	-5.852964e+02
2.880000e-06	-4.596756e-06	-9.023824e-09	-3.229447e+01	-5.917806e+02
2.890000e-06	-4.690827e-06	-9.115504e-09	-3.295537e+01	-5.978782e+02
2.900000e-06	-4.783072e-06	-9.206726e-09	-3.360344e+01	-6.036504e+02
2.910000e-06	-4.873791e-06	-9.295632e-09	-3.424079e+01	-6.091481e+02
2.920000e-06	-4.962875e-06	-9.377251e-09	-3.486664e+01	-6.144084e+02
2.930000e-06	-5.050102e-06	-9.449162e-09	-3.547945e+01	-6.194573e+02
2.940000e-06	-5.135374e-06	-9.522374e-09	-3.607854e+01	-6.243098e+02
2.950000e-06	-5.218776e-06	-9.598497e-09	-3.666447e+01	-6.289673e+02
2.960000e-06	-5.300556e-06	-9.668066e-09	-3.723902e+01	-6.334155e+02
2.970000e-06	-5.380577e-06	-9.729844e-09	-3.780121e+01	-6.376280e+02
2.980000e-06	-5.458559e-06	-9.788581e-09	-3.834907e+01	-6.415790e+02
2.990000e-06	-5.534257e-06	-9.849380e-09	-3.888088e+01	-6.452592e+02
3.000000e-06	-5.607852e-06	-9.907440e-09	-3.939793e+01	-6.486892e+02
3.010000e-06	-5.679534e-06	-9.955531e-09	-3.990152e+01	-6.519206e+02
3.020000e-06	-5.749107e-06	-9.995067e-09	-4.039031e+01	-6.550211e+02
3.030000e-06	-5.816498e-06	-1.003956e-08	-4.086377e+01	-6.580498e+02
3.040000e-06	-5.881864e-06	-1.009245e-08	-4.132299e+01	-6.610313e+02
3.050000e-06	-5.945304e-06	-1.013980e-08	-4.176869e+01	-6.639438e+02
3.060000e-06	-6.006540e-06	-1.017706e-08	-4.219891e+01	-6.667267e+02
3.070000e-06	-6.065539e-06	-1.021431e-08	-4.261340e+01	-6.693084e+02
3.080000e-06	-6.122475e-06	-1.025513e-08	-4.301341e+01	-6.716412e+02
3.090000e-06	-6.177342e-06	-1.029437e-08	-4.339888e+01	-6.737280e+02
3.100000e-06	-6.229767e-06	-1.032210e-08	-4.376718e+01	-6.756244e+02
3.110000e-06	-6.279495e-06	-1.034203e-08	-4.411654e+01	-6.774153e+02
3.120000e-06	-6.326603e-06	-1.036570e-08	-4.444751e+01	-6.791755e+02
3.130000e-06	-6.371443e-06	-1.039691e-08	-4.476253e+01	-6.809348e+02
3.140000e-06	-6.414487e-06	-1.042679e-08	-4.506493e+01	-6.826671e+02
3.150000e-06	-6.455430e-06	-1.044998e-08	-4.535258e+01	-6.843076e+02
3.160000e-06	-6.494076e-06	-1.047219e-08	-4.562408e+01	-6.857891e+02
3.170000e-06	-6.530398e-06	-1.049292e-08	-4.587926e+01	-6.870759e+02
3.180000e-06	-6.564431e-06	-1.051247e-08	-4.611836e+01	-6.881785e+02
3.190000e-06	-6.596338e-06	-1.052780e-08	-4.634252e+01	-6.891410e+02
3.200000e-06	-6.625782e-06	-1.053666e-08	-4.654938e+01	-6.900157e+02
3.210000e-06	-6.652748e-06	-1.054323e-08	-4.673883e+01	-6.908394e+02
3.220000e-06	-6.677535e-06	-1.055716e-08	-4.691297e+01	-6.916254e+02
3.230000e-06	-6.699883e-06	-1.057252e-08	-4.706998e+01	-6.923708e+02
3.240000e-06	-6.719811e-06	-1.058330e-08	-4.720998e+01	-6.930675e+02
3.250000e-06	-6.737533e-06	-1.059412e-08	-4.733449e+01	-6.937050e+02
3.260000e-06	-6.752933e-06	-1.060493e-08	-4.744268e+01	-6.942648e+02
3.270000e-06	-6.765607e-06	-1.061147e-08	-4.753172e+01	-6.947139e+02
3.280000e-06	-6.775652e-06	-1.061337e-08	-4.760230e+01	-6.950122e+02
3.290000e-06	-6.783475e-06	-1.061113e-08	-4.765725e+01	-6.951345e+02
3.300000e-06	-6.788767e-06	-1.060841e-08	-4.769443e+01	-6.950962e+02
3.310000e-06	-6.791563e-06	-1.060900e-08	-4.771408e+01	-6.949604e+02
