# Temperatura_=_20.0
# Concentracion g/m^3_=_10000.0
# C_Vs_to_Am_M_A/Vsm_=_65563218390.804596
# pendiente_HvsI_1/m_=_3716.3
# ordenada_HvsI_A/m_=_1297.0
# frecuencia_Hz_=_301260.18888490356

Tiempo_(s)	Campo_(V.s)	Magnetizacion_(V.s)	Campo_(kA/m)	Magnetizacion_(A/m)
0.000000e+00	-6.159158e-06	-4.382473e-09	-4.770455e+01	-2.822854e+02
1.000000e-08	-6.156732e-06	-4.376848e-09	-4.768576e+01	-2.821807e+02
2.000000e-08	-6.152267e-06	-4.372109e-09	-4.765118e+01	-2.819005e+02
3.000000e-08	-6.145860e-06	-4.371146e-09	-4.760155e+01	-2.815100e+02
4.000000e-08	-6.137414e-06	-4.371253e-09	-4.753613e+01	-2.811731e+02
5.000000e-08	-6.126807e-06	-4.367432e-09	-4.745398e+01	-2.810595e+02
6.000000e-08	-6.113978e-06	-4.358668e-09	-4.735461e+01	-2.812101e+02
7.000000e-08	-6.098929e-06	-4.352102e-09	-4.723806e+01	-2.814580e+02
8.000000e-08	-6.081801e-06	-4.356415e-09	-4.710539e+01	-2.814862e+02
9.000000e-08	-6.062509e-06	-4.313045e-09	-4.695597e+01	-2.810132e+02
1.000000e-07	-6.040789e-06	-4.244154e-09	-4.678775e+01	-2.800003e+02
1.100000e-07	-6.016570e-06	-4.252827e-09	-4.660016e+01	-2.787377e+02
1.200000e-07	-5.990167e-06	-4.294166e-09	-4.639566e+01	-2.777272e+02
1.300000e-07	-5.962086e-06	-4.297098e-09	-4.617816e+01	-2.774097e+02
1.400000e-07	-5.932517e-06	-4.350950e-09	-4.594915e+01	-2.778946e+02
1.500000e-07	-5.901085e-06	-4.389392e-09	-4.570570e+01	-2.788629e+02
1.600000e-07	-5.867543e-06	-4.272586e-09	-4.544590e+01	-2.797138e+02
1.700000e-07	-5.832026e-06	-4.300389e-09	-4.517081e+01	-2.798761e+02
1.800000e-07	-5.794331e-06	-4.298917e-09	-4.487885e+01	-2.791004e+02
1.900000e-07	-5.754459e-06	-4.195843e-09	-4.457003e+01	-2.775599e+02
2.000000e-07	-5.712595e-06	-4.208080e-09	-4.424578e+01	-2.757138e+02
2.100000e-07	-5.668486e-06	-4.167067e-09	-4.390414e+01	-2.740286e+02
2.200000e-07	-5.622007e-06	-4.185298e-09	-4.354415e+01	-2.727369e+02
2.300000e-07	-5.573339e-06	-4.180860e-09	-4.316721e+01	-2.717690e+02
2.400000e-07	-5.522649e-06	-4.131285e-09	-4.277459e+01	-2.708717e+02
2.500000e-07	-5.469905e-06	-4.121203e-09	-4.236607e+01	-2.698105e+02
2.600000e-07	-5.415095e-06	-4.057036e-09	-4.194155e+01	-2.685125e+02
2.700000e-07	-5.358415e-06	-4.059628e-09	-4.150255e+01	-2.670690e+02
2.800000e-07	-5.299882e-06	-4.063391e-09	-4.104920e+01	-2.656249e+02
2.900000e-07	-5.239422e-06	-4.032550e-09	-4.058091e+01	-2.642516e+02
3.000000e-07	-5.176988e-06	-4.011304e-09	-4.009734e+01	-2.629014e+02
3.100000e-07	-5.112649e-06	-3.970921e-09	-3.959902e+01	-2.614619e+02
3.200000e-07	-5.046483e-06	-3.971720e-09	-3.908654e+01	-2.598558e+02
3.300000e-07	-4.978359e-06	-3.915827e-09	-3.855890e+01	-2.581024e+02
3.400000e-07	-4.908276e-06	-3.879156e-09	-3.801608e+01	-2.562956e+02
3.500000e-07	-4.836245e-06	-3.866879e-09	-3.745819e+01	-2.545237e+02
3.600000e-07	-4.762334e-06	-3.831177e-09	-3.688572e+01	-2.527979e+02
3.700000e-07	-4.686809e-06	-3.826019e-09	-3.630076e+01	-2.510456e+02
3.800000e-07	-4.609792e-06	-3.781560e-09	-3.570424e+01	-2.491689e+02
3.900000e-07	-4.531249e-06	-3.740792e-09	-3.509590e+01	-2.471185e+02
4.000000e-07	-4.451129e-06	-3.697924e-09	-3.447534e+01	-2.449249e+02
4.100000e-07	-4.369346e-06	-3.663889e-09	-3.384191e+01	-2.426661e+02
4.200000e-07	-4.285985e-06	-3.640672e-09	-3.319626e+01	-2.404014e+02
4.300000e-07	-4.201089e-06	-3.599530e-09	-3.253871e+01	-2.381250e+02
4.400000e-07	-4.114744e-06	-3.570824e-09	-3.186994e+01	-2.357744e+02
4.500000e-07	-4.026904e-06	-3.533987e-09	-3.118960e+01	-2.332832e+02
4.600000e-07	-3.937470e-06	-3.496202e-09	-3.049690e+01	-2.306328e+02
4.700000e-07	-3.846660e-06	-3.442805e-09	-2.979355e+01	-2.278638e+02
4.800000e-07	-3.754562e-06	-3.391671e-09	-2.908022e+01	-2.250404e+02
4.900000e-07	-3.661205e-06	-3.349192e-09	-2.835715e+01	-2.221987e+02
5.000000e-07	-3.566466e-06	-3.306330e-09	-2.762336e+01	-2.193216e+02
5.100000e-07	-3.470301e-06	-3.267155e-09	-2.687853e+01	-2.163560e+02
5.200000e-07	-3.372842e-06	-3.219968e-09	-2.612369e+01	-2.132560e+02
5.300000e-07	-3.274204e-06	-3.172343e-09	-2.535970e+01	-2.100150e+02
5.400000e-07	-3.174511e-06	-3.119330e-09	-2.458755e+01	-2.066619e+02
5.500000e-07	-3.073745e-06	-3.063044e-09	-2.380709e+01	-2.032288e+02
5.600000e-07	-2.971814e-06	-2.999620e-09	-2.301760e+01	-1.997196e+02
5.700000e-07	-2.868678e-06	-2.938733e-09	-2.221878e+01	-1.961072e+02
5.800000e-07	-2.764364e-06	-2.884483e-09	-2.141084e+01	-1.923596e+02
5.900000e-07	-2.658919e-06	-2.832177e-09	-2.059413e+01	-1.884701e+02
6.000000e-07	-2.552414e-06	-2.775877e-09	-1.976922e+01	-1.844636e+02
6.100000e-07	-2.445049e-06	-2.714235e-09	-1.893765e+01	-1.803718e+02
6.200000e-07	-2.336944e-06	-2.652167e-09	-1.810034e+01	-1.761973e+02
6.300000e-07	-2.227946e-06	-2.583198e-09	-1.725612e+01	-1.718998e+02
6.400000e-07	-2.118001e-06	-2.508597e-09	-1.640456e+01	-1.674190e+02
6.500000e-07	-2.007279e-06	-2.430086e-09	-1.554698e+01	-1.627188e+02
6.600000e-07	-1.895930e-06	-2.354383e-09	-1.468455e+01	-1.578183e+02
6.700000e-07	-1.783944e-06	-2.280186e-09	-1.381719e+01	-1.527823e+02
6.800000e-07	-1.671270e-06	-2.202930e-09	-1.294449e+01	-1.476757e+02
6.900000e-07	-1.557967e-06	-2.122761e-09	-1.206693e+01	-1.425130e+02
7.000000e-07	-1.444133e-06	-2.040745e-09	-1.118525e+01	-1.372409e+02
7.100000e-07	-1.329831e-06	-1.959531e-09	-1.029995e+01	-1.317675e+02
7.200000e-07	-1.215064e-06	-1.874455e-09	-9.411038e+00	-1.260173e+02
7.300000e-07	-1.099909e-06	-1.784012e-09	-8.519132e+00	-1.199729e+02
7.400000e-07	-9.844410e-07	-1.686511e-09	-7.624795e+00	-1.136763e+02
7.500000e-07	-8.686630e-07	-1.587226e-09	-6.728059e+00	-1.071912e+02
7.600000e-07	-7.525228e-07	-1.487146e-09	-5.828517e+00	-1.005564e+02
7.700000e-07	-6.360559e-07	-1.380972e-09	-4.926446e+00	-9.376249e+01
7.800000e-07	-5.193505e-07	-1.269791e-09	-4.022527e+00	-8.676454e+01
7.900000e-07	-4.024309e-07	-1.158254e-09	-3.116950e+00	-7.951361e+01
8.000000e-07	-2.853546e-07	-1.047142e-09	-2.210158e+00	-7.198054e+01
8.100000e-07	-1.681300e-07	-9.306219e-10	-1.302218e+00	-6.415501e+01
8.200000e-07	-5.079251e-08	-8.057105e-10	-3.934034e-01	-5.602681e+01
8.300000e-07	6.650640e-08	-6.727149e-10	5.151122e-01	-4.757142e+01
8.400000e-07	1.837018e-07	-5.371255e-10	1.422826e+00	-3.875655e+01
8.500000e-07	3.008448e-07	-3.993126e-10	2.330135e+00	-2.956597e+01
8.600000e-07	4.178997e-07	-2.549695e-10	3.236760e+00	-2.001951e+01
8.700000e-07	5.347487e-07	-1.044586e-10	4.141791e+00	-1.016942e+01
8.800000e-07	6.513171e-07	4.831503e-11	5.044649e+00	-7.198193e-02
8.900000e-07	7.675490e-07	2.024806e-10	5.944900e+00	1.024451e+01
9.000000e-07	8.834430e-07	3.603355e-10	6.842535e+00	2.078872e+01
9.100000e-07	9.990921e-07	5.248952e-10	7.738272e+00	3.158104e+01
9.200000e-07	1.114423e-06	6.956234e-10	8.631543e+00	4.260861e+01
9.300000e-07	1.229365e-06	8.658280e-10	9.521802e+00	5.379102e+01
9.400000e-07	1.343900e-06	1.034411e-09	1.040891e+01	6.498104e+01
9.500000e-07	1.457992e-06	1.201050e-09	1.129259e+01	7.600133e+01
9.600000e-07	1.571643e-06	1.363655e-09	1.217285e+01	8.669498e+01
9.700000e-07	1.684737e-06	1.517253e-09	1.304880e+01	9.696120e+01
9.800000e-07	1.797181e-06	1.660356e-09	1.391971e+01	1.067606e+02
9.900000e-07	1.909008e-06	1.799891e-09	1.478585e+01	1.160962e+02
1.000000e-06	2.020248e-06	1.937854e-09	1.564744e+01	1.249874e+02
1.010000e-06	2.130768e-06	2.071415e-09	1.650344e+01	1.334546e+02
1.020000e-06	2.240374e-06	2.194982e-09	1.735237e+01	1.415135e+02
1.030000e-06	2.349046e-06	2.308804e-09	1.819408e+01	1.491749e+02
1.040000e-06	2.456926e-06	2.416323e-09	1.902964e+01	1.564402e+02
1.050000e-06	2.564039e-06	2.519008e-09	1.985926e+01	1.632971e+02
1.060000e-06	2.670209e-06	2.613603e-09	2.068158e+01	1.697244e+02
1.070000e-06	2.775329e-06	2.698958e-09	2.149577e+01	1.757097e+02
1.080000e-06	2.879362e-06	2.779953e-09	2.230153e+01	1.812725e+02
1.090000e-06	2.982231e-06	2.860093e-09	2.309829e+01	1.864747e+02
1.100000e-06	3.083906e-06	2.938355e-09	2.388579e+01	1.914061e+02
1.110000e-06	3.184480e-06	3.011738e-09	2.466477e+01	1.961489e+02
1.120000e-06	3.283983e-06	3.080948e-09	2.543544e+01	2.007423e+02
1.130000e-06	3.382349e-06	3.147973e-09	2.619732e+01	2.051712e+02
1.140000e-06	3.479587e-06	3.211708e-09	2.695046e+01	2.093876e+02
1.150000e-06	3.575617e-06	3.267625e-09	2.769424e+01	2.133487e+02
1.160000e-06	3.670271e-06	3.316108e-09	2.842737e+01	2.170478e+02
1.170000e-06	3.763536e-06	3.363711e-09	2.914973e+01	2.205163e+02
1.180000e-06	3.855429e-06	3.415744e-09	2.986147e+01	2.238009e+02
1.190000e-06	3.945985e-06	3.467300e-09	3.056285e+01	2.269367e+02
1.200000e-06	4.035160e-06	3.512370e-09	3.125354e+01	2.299370e+02
1.210000e-06	4.122742e-06	3.552491e-09	3.193189e+01	2.328048e+02
1.220000e-06	4.208748e-06	3.591834e-09	3.259803e+01	2.355496e+02
1.230000e-06	4.293346e-06	3.632732e-09	3.325327e+01	2.381913e+02
1.240000e-06	4.376586e-06	3.670554e-09	3.389799e+01	2.407444e+02
1.250000e-06	4.458297e-06	3.703592e-09	3.453086e+01	2.431976e+02
1.260000e-06	4.538318e-06	3.735100e-09	3.515065e+01	2.455127e+02
1.270000e-06	4.616711e-06	3.767802e-09	3.575782e+01	2.476522e+02
1.280000e-06	4.693538e-06	3.798763e-09	3.635287e+01	2.496173e+02
1.290000e-06	4.768706e-06	3.825660e-09	3.693508e+01	2.514668e+02
1.300000e-06	4.842128e-06	3.851505e-09	3.750375e+01	2.532929e+02
1.310000e-06	4.913785e-06	3.878005e-09	3.805876e+01	2.551640e+02
1.320000e-06	4.983681e-06	3.904764e-09	3.860012e+01	2.570744e+02
1.330000e-06	5.051720e-06	3.927490e-09	3.912711e+01	2.589384e+02
1.340000e-06	5.117764e-06	3.947737e-09	3.963864e+01	2.606428e+02
1.350000e-06	5.181888e-06	3.967758e-09	4.013530e+01	2.621227e+02
1.360000e-06	5.244260e-06	3.988706e-09	4.061839e+01	2.634098e+02
1.370000e-06	5.304802e-06	4.009561e-09	4.108730e+01	2.646147e+02
1.380000e-06	5.363378e-06	4.027127e-09	4.154099e+01	2.658548e+02
1.390000e-06	5.420090e-06	4.044331e-09	4.198024e+01	2.671765e+02
1.400000e-06	5.475042e-06	4.061951e-09	4.240587e+01	2.685283e+02
1.410000e-06	5.528064e-06	4.077047e-09	4.281653e+01	2.698026e+02
1.420000e-06	5.579026e-06	4.088758e-09	4.321125e+01	2.709153e+02
1.430000e-06	5.627944e-06	4.099159e-09	4.359013e+01	2.718649e+02
1.440000e-06	5.674652e-06	4.110367e-09	4.395191e+01	2.727269e+02
1.450000e-06	5.719043e-06	4.123422e-09	4.429573e+01	2.735915e+02
1.460000e-06	5.761284e-06	4.136737e-09	4.462289e+01	2.744935e+02
1.470000e-06	5.801585e-06	4.148473e-09	4.493504e+01	2.753877e+02
1.480000e-06	5.839846e-06	4.158442e-09	4.523138e+01	2.761891e+02
1.490000e-06	5.875939e-06	4.166951e-09	4.551093e+01	2.768437e+02
1.500000e-06	5.910024e-06	4.174016e-09	4.577493e+01	2.773754e+02
1.510000e-06	5.942151e-06	4.178323e-09	4.602377e+01	2.778711e+02
1.520000e-06	5.972151e-06	4.182222e-09	4.625612e+01	2.784174e+02
1.530000e-06	6.000029e-06	4.188495e-09	4.647204e+01	2.790366e+02
1.540000e-06	6.025900e-06	4.198134e-09	4.667243e+01	2.796720e+02
1.550000e-06	6.049596e-06	4.208079e-09	4.685596e+01	2.802305e+02
1.560000e-06	6.071027e-06	4.213874e-09	4.702195e+01	2.806498e+02
1.570000e-06	6.090402e-06	4.216481e-09	4.717201e+01	2.809368e+02
1.580000e-06	6.107669e-06	4.218331e-09	4.730575e+01	2.811522e+02
1.590000e-06	6.122679e-06	4.219363e-09	4.742201e+01	2.813597e+02
1.600000e-06	6.135443e-06	4.218519e-09	4.752087e+01	2.815827e+02
1.610000e-06	6.145843e-06	4.216289e-09	4.760142e+01	2.818022e+02
1.620000e-06	6.153867e-06	4.216891e-09	4.766356e+01	2.819902e+02
1.630000e-06	6.159709e-06	4.221813e-09	4.770882e+01	2.821413e+02
1.640000e-06	6.163478e-06	4.225398e-09	4.773801e+01	2.822693e+02
1.650000e-06	6.165123e-06	4.224418e-09	4.775075e+01	2.823723e+02
1.660000e-06	6.164624e-06	4.220201e-09	4.774688e+01	2.824044e+02
1.670000e-06	6.162160e-06	4.217119e-09	4.772780e+01	2.822935e+02
1.680000e-06	6.157642e-06	4.218281e-09	4.769281e+01	2.820075e+02
1.690000e-06	6.150989e-06	4.217875e-09	4.764128e+01	2.816158e+02
1.700000e-06	6.142371e-06	4.213085e-09	4.757453e+01	2.812843e+02
1.710000e-06	6.131671e-06	4.209584e-09	4.749166e+01	2.811807e+02
1.720000e-06	6.118815e-06	4.215220e-09	4.739208e+01	2.813389e+02
1.730000e-06	6.104004e-06	4.219048e-09	4.727736e+01	2.815848e+02
1.740000e-06	6.087182e-06	4.218005e-09	4.714707e+01	2.815991e+02
1.750000e-06	6.067693e-06	4.281358e-09	4.699612e+01	2.811055e+02
1.760000e-06	6.045227e-06	4.290774e-09	4.682212e+01	2.800769e+02
1.770000e-06	6.020271e-06	4.239731e-09	4.662882e+01	2.788142e+02
1.780000e-06	5.993366e-06	4.208940e-09	4.642044e+01	2.778221e+02
1.790000e-06	5.965084e-06	4.117699e-09	4.620139e+01	2.775339e+02
1.800000e-06	5.935413e-06	4.101474e-09	4.597158e+01	2.780441e+02
1.810000e-06	5.903626e-06	4.210155e-09	4.572537e+01	2.790194e+02
1.820000e-06	5.869665e-06	4.195531e-09	4.546233e+01	2.798543e+02
1.830000e-06	5.833762e-06	4.242935e-09	4.518426e+01	2.799849e+02
1.840000e-06	5.795844e-06	4.261829e-09	4.489057e+01	2.791765e+02
1.850000e-06	5.755967e-06	4.197128e-09	4.458171e+01	2.776164e+02
1.860000e-06	5.713899e-06	4.270704e-09	4.425588e+01	2.757688e+02
1.870000e-06	5.669729e-06	4.154815e-09	4.391377e+01	2.740955e+02
1.880000e-06	5.623525e-06	4.125978e-09	4.355591e+01	2.728182e+02
1.890000e-06	5.574957e-06	4.151781e-09	4.317973e+01	2.718577e+02
1.900000e-06	5.524275e-06	4.070090e-09	4.278719e+01	2.709580e+02
1.910000e-06	5.471599e-06	4.173433e-09	4.237920e+01	2.698884e+02
1.920000e-06	5.416899e-06	4.093313e-09	4.195553e+01	2.685829e+02
1.930000e-06	5.360211e-06	4.054315e-09	4.151646e+01	2.671371e+02
1.940000e-06	5.301558e-06	4.098841e-09	4.106217e+01	2.656949e+02
1.950000e-06	5.241120e-06	4.006277e-09	4.059407e+01	2.643240e+02
1.960000e-06	5.178616e-06	4.033347e-09	4.010996e+01	2.629726e+02
1.970000e-06	5.114043e-06	3.950021e-09	3.960982e+01	2.615280e+02
1.980000e-06	5.047655e-06	3.971016e-09	3.909562e+01	2.599158e+02
1.990000e-06	4.979281e-06	3.971991e-09	3.856604e+01	2.581587e+02
2.000000e-06	4.908975e-06	3.914075e-09	3.802150e+01	2.563519e+02
2.010000e-06	4.836877e-06	3.930063e-09	3.746308e+01	2.545820e+02
2.020000e-06	4.763152e-06	3.835969e-09	3.689205e+01	2.528569e+02
2.030000e-06	4.687825e-06	3.861380e-09	3.630863e+01	2.511018e+02
2.040000e-06	4.610647e-06	3.820578e-09	3.571086e+01	2.492194e+02
2.050000e-06	4.531724e-06	3.792369e-09	3.509958e+01	2.471628e+02
2.060000e-06	4.451287e-06	3.772629e-09	3.447657e+01	2.449655e+02
2.070000e-06	4.369360e-06	3.716224e-09	3.384202e+01	2.427058e+02
2.080000e-06	4.285854e-06	3.709813e-09	3.319524e+01	2.404413e+02
2.090000e-06	4.200732e-06	3.650721e-09	3.253595e+01	2.381635e+02
2.100000e-06	4.114118e-06	3.623381e-09	3.186510e+01	2.358089e+02
2.110000e-06	4.026143e-06	3.566673e-09	3.118370e+01	2.333119e+02
2.120000e-06	3.936840e-06	3.546375e-09	3.049202e+01	2.306563e+02
2.130000e-06	3.846038e-06	3.507878e-09	2.978873e+01	2.278843e+02
2.140000e-06	3.753678e-06	3.469652e-09	2.907337e+01	2.250599e+02
2.150000e-06	3.659900e-06	3.429659e-09	2.834704e+01	2.222177e+02
2.160000e-06	3.564891e-06	3.370831e-09	2.761116e+01	2.193384e+02
2.170000e-06	3.468713e-06	3.332583e-09	2.686623e+01	2.163686e+02
2.180000e-06	3.371383e-06	3.273159e-09	2.611238e+01	2.132634e+02
2.190000e-06	3.272916e-06	3.231056e-09	2.534973e+01	2.100178e+02
2.200000e-06	3.173293e-06	3.175905e-09	2.457812e+01	2.066615e+02
2.210000e-06	3.072348e-06	3.142798e-09	2.379627e+01	2.032258e+02
2.220000e-06	2.970152e-06	3.095058e-09	2.300473e+01	1.997136e+02
2.230000e-06	2.866940e-06	3.040072e-09	2.220532e+01	1.960968e+02
2.240000e-06	2.762616e-06	2.977733e-09	2.139730e+01	1.923440e+02
2.250000e-06	2.657122e-06	2.910876e-09	2.058022e+01	1.884498e+02
2.260000e-06	2.550546e-06	2.849635e-09	1.975475e+01	1.844399e+02
2.270000e-06	2.443041e-06	2.778263e-09	1.892209e+01	1.803454e+02
2.280000e-06	2.334654e-06	2.717418e-09	1.808261e+01	1.761674e+02
2.290000e-06	2.225468e-06	2.653306e-09	1.723693e+01	1.718643e+02
2.300000e-06	2.115566e-06	2.596024e-09	1.638570e+01	1.673761e+02
2.310000e-06	2.004999e-06	2.530501e-09	1.552933e+01	1.626681e+02
2.320000e-06	1.893715e-06	2.456705e-09	1.466740e+01	1.577615e+02
2.330000e-06	1.781608e-06	2.378724e-09	1.379910e+01	1.527220e+02
2.340000e-06	1.668807e-06	2.298210e-09	1.292541e+01	1.476136e+02
2.350000e-06	1.555406e-06	2.220131e-09	1.204709e+01	1.424483e+02
2.360000e-06	1.441456e-06	2.138203e-09	1.116451e+01	1.371707e+02
2.370000e-06	1.326963e-06	2.051717e-09	1.027773e+01	1.316885e+02
2.380000e-06	1.212003e-06	1.962640e-09	9.387330e+00	1.259277e+02
2.390000e-06	1.096671e-06	1.872563e-09	8.494050e+00	1.198733e+02
2.400000e-06	9.809710e-07	1.779322e-09	7.597918e+00	1.135689e+02
2.410000e-06	8.649474e-07	1.679629e-09	6.699280e+00	1.070781e+02
2.420000e-06	7.486014e-07	1.578724e-09	5.798145e+00	1.004380e+02
2.430000e-06	6.319766e-07	1.477748e-09	4.894850e+00	9.363778e+01
2.440000e-06	5.151999e-07	1.372444e-09	3.990380e+00	8.663158e+01
2.450000e-06	3.982965e-07	1.258272e-09	3.084927e+00	7.937095e+01
2.460000e-06	2.812197e-07	1.139884e-09	2.178132e+00	7.182757e+01
2.470000e-06	1.640507e-07	1.022497e-09	1.270622e+00	6.399149e+01
2.480000e-06	4.687375e-08	9.008409e-10	3.630514e-01	5.585213e+01
2.490000e-06	-7.030977e-08	7.729606e-10	-5.445705e-01	4.738447e+01
2.500000e-06	-1.874638e-07	6.378538e-10	-1.451964e+00	3.855631e+01
2.510000e-06	-3.045658e-07	4.999435e-10	-2.358954e+00	2.935245e+01
2.520000e-06	-4.215891e-07	3.574810e-10	-3.265335e+00	1.979415e+01
2.530000e-06	-5.384300e-07	2.050373e-10	-4.170304e+00	9.934361e+00
2.540000e-06	-6.550634e-07	4.479034e-11	-5.073665e+00	-1.711367e-01
2.550000e-06	-7.715154e-07	-1.172468e-10	-5.975621e+00	-1.049541e+01
2.560000e-06	-8.877315e-07	-2.792744e-10	-6.875750e+00	-2.104817e+01
2.570000e-06	-1.003625e-06	-4.444744e-10	-7.773380e+00	-3.184943e+01
2.580000e-06	-1.119148e-06	-6.144307e-10	-8.668137e+00	-4.288434e+01
2.590000e-06	-1.234276e-06	-7.859949e-10	-9.559839e+00	-5.406986e+01
2.600000e-06	-1.349014e-06	-9.541519e-10	-1.044852e+01	-6.525687e+01
2.610000e-06	-1.463331e-06	-1.119243e-09	-1.133394e+01	-7.626792e+01
2.620000e-06	-1.577118e-06	-1.284692e-09	-1.221526e+01	-8.694763e+01
2.630000e-06	-1.690230e-06	-1.448045e-09	-1.309135e+01	-9.719751e+01
2.640000e-06	-1.802612e-06	-1.601884e-09	-1.396177e+01	-1.069801e+02
2.650000e-06	-1.914330e-06	-1.743148e-09	-1.482707e+01	-1.162994e+02
2.660000e-06	-2.025364e-06	-1.875479e-09	-1.568706e+01	-1.251752e+02
2.670000e-06	-2.135639e-06	-2.005611e-09	-1.654117e+01	-1.336275e+02
2.680000e-06	-2.245089e-06	-2.130593e-09	-1.738890e+01	-1.416720e+02
2.690000e-06	-2.353773e-06	-2.245346e-09	-1.823069e+01	-1.493193e+02
2.700000e-06	-2.461706e-06	-2.353449e-09	-1.906666e+01	-1.565703e+02
2.710000e-06	-2.568723e-06	-2.459438e-09	-1.989554e+01	-1.634122e+02
2.720000e-06	-2.674754e-06	-2.563313e-09	-2.071678e+01	-1.698238e+02
2.730000e-06	-2.779687e-06	-2.659643e-09	-2.152952e+01	-1.757935e+02
2.740000e-06	-2.883506e-06	-2.745900e-09	-2.233363e+01	-1.813420e+02
2.750000e-06	-2.986252e-06	-2.826271e-09	-2.312942e+01	-1.865329e+02
2.760000e-06	-3.087730e-06	-2.905019e-09	-2.391541e+01	-1.914563e+02
2.770000e-06	-3.187862e-06	-2.978812e-09	-2.469096e+01	-1.961934e+02
2.780000e-06	-3.286848e-06	-3.045118e-09	-2.545764e+01	-2.007814e+02
2.790000e-06	-3.384770e-06	-3.108662e-09	-2.621608e+01	-2.052037e+02
2.800000e-06	-3.481605e-06	-3.175168e-09	-2.696609e+01	-2.094115e+02
2.810000e-06	-3.577326e-06	-3.242893e-09	-2.770747e+01	-2.133631e+02
2.820000e-06	-3.671785e-06	-3.304595e-09	-2.843909e+01	-2.170533e+02
2.830000e-06	-3.764923e-06	-3.358070e-09	-2.916047e+01	-2.205144e+02
2.840000e-06	-3.856686e-06	-3.406465e-09	-2.987121e+01	-2.237932e+02
2.850000e-06	-3.946952e-06	-3.455305e-09	-3.057034e+01	-2.269239e+02
2.860000e-06	-4.035809e-06	-3.504684e-09	-3.125857e+01	-2.299195e+02
2.870000e-06	-4.123368e-06	-3.548613e-09	-3.193674e+01	-2.327826e+02
2.880000e-06	-4.209523e-06	-3.587364e-09	-3.260403e+01	-2.355233e+02
2.890000e-06	-4.294105e-06	-3.628598e-09	-3.325915e+01	-2.381617e+02
2.900000e-06	-4.377081e-06	-3.674485e-09	-3.390182e+01	-2.407116e+02
2.910000e-06	-4.458568e-06	-3.718982e-09	-3.453297e+01	-2.431606e+02
2.920000e-06	-4.538560e-06	-3.754804e-09	-3.515252e+01	-2.454700e+02
2.930000e-06	-4.616889e-06	-3.783418e-09	-3.575921e+01	-2.476028e+02
2.940000e-06	-4.693493e-06	-3.813064e-09	-3.635253e+01	-2.495624e+02
2.950000e-06	-4.768386e-06	-3.844922e-09	-3.693259e+01	-2.514094e+02
2.960000e-06	-4.841632e-06	-3.875800e-09	-3.749991e+01	-2.532362e+02
2.970000e-06	-4.913223e-06	-3.904325e-09	-3.805441e+01	-2.551094e+02
2.980000e-06	-4.982946e-06	-3.934268e-09	-3.859443e+01	-2.570199e+02
2.990000e-06	-5.050691e-06	-3.970139e-09	-3.911913e+01	-2.588801e+02
3.000000e-06	-5.116552e-06	-4.004663e-09	-3.962925e+01	-2.605771e+02
3.010000e-06	-5.180578e-06	-4.028675e-09	-4.012515e+01	-2.620490e+02
3.020000e-06	-5.242716e-06	-4.045161e-09	-4.060642e+01	-2.633309e+02
3.030000e-06	-5.302971e-06	-4.062776e-09	-4.107312e+01	-2.645352e+02
3.040000e-06	-5.361426e-06	-4.084774e-09	-4.152587e+01	-2.657780e+02
3.050000e-06	-5.418043e-06	-4.105930e-09	-4.196438e+01	-2.671022e+02
3.060000e-06	-5.472664e-06	-4.125756e-09	-4.238744e+01	-2.684532e+02
3.070000e-06	-5.525247e-06	-4.148453e-09	-4.279471e+01	-2.697227e+02
3.080000e-06	-5.575887e-06	-4.173214e-09	-4.318694e+01	-2.708291e+02
3.090000e-06	-5.624554e-06	-4.195475e-09	-4.356388e+01	-2.717739e+02
3.100000e-06	-5.670997e-06	-4.211955e-09	-4.392359e+01	-2.726345e+02
3.110000e-06	-5.715051e-06	-4.222858e-09	-4.426481e+01	-2.735004e+02
3.120000e-06	-5.756954e-06	-4.234363e-09	-4.458936e+01	-2.744033e+02
3.130000e-06	-5.796967e-06	-4.248067e-09	-4.489927e+01	-2.752957e+02
3.140000e-06	-5.835103e-06	-4.262088e-09	-4.519465e+01	-2.760923e+02
3.150000e-06	-5.871320e-06	-4.273193e-09	-4.547515e+01	-2.767416e+02
3.160000e-06	-5.905456e-06	-4.281876e-09	-4.573955e+01	-2.772702e+02
3.170000e-06	-5.937460e-06	-4.294452e-09	-4.598743e+01	-2.777665e+02
3.180000e-06	-5.967416e-06	-4.311188e-09	-4.621945e+01	-2.783155e+02
3.190000e-06	-5.995238e-06	-4.325553e-09	-4.643494e+01	-2.789367e+02
3.200000e-06	-6.020840e-06	-4.331289e-09	-4.663324e+01	-2.795708e+02
3.210000e-06	-6.044301e-06	-4.335535e-09	-4.681495e+01	-2.801251e+02
3.220000e-06	-6.065685e-06	-4.343354e-09	-4.698057e+01	-2.805391e+02
3.230000e-06	-6.084942e-06	-4.352244e-09	-4.712972e+01	-2.808223e+02
3.240000e-06	-6.102036e-06	-4.356839e-09	-4.726212e+01	-2.810364e+02
3.250000e-06	-6.117055e-06	-4.358184e-09	-4.737844e+01	-2.812444e+02
3.260000e-06	-6.129823e-06	-4.361477e-09	-4.747734e+01	-2.814677e+02
3.270000e-06	-6.140173e-06	-4.369152e-09	-4.755750e+01	-2.816865e+02
3.280000e-06	-6.148339e-06	-4.378075e-09	-4.762075e+01	-2.818731e+02
3.290000e-06	-6.154281e-06	-4.383725e-09	-4.766678e+01	-2.820231e+02
3.300000e-06	-6.157929e-06	-4.385993e-09	-4.769503e+01	-2.821504e+02
3.310000e-06	-6.159525e-06	-4.384900e-09	-4.770739e+01	-2.822520e+02
