# Temperatura_=_20.0
# Concentracion g/m^3_=_10000.0
# C_Vs_to_Am_M_A/Vsm_=_65563218390.804596
# pendiente_HvsI_1/m_=_3716.3
# ordenada_HvsI_A/m_=_1297.0
# frecuencia_Hz_=_301206.162310018

Tiempo_(s)	Campo_(V.s)	Magnetizacion_(V.s)	Campo_(kA/m)	Magnetizacion_(A/m)
0.000000e+00	-6.865372e-06	-1.066745e-08	-4.771703e+01	-7.002451e+02
1.000000e-08	-6.863517e-06	-1.066896e-08	-4.770414e+01	-7.000582e+02
2.000000e-08	-6.859165e-06	-1.066719e-08	-4.767389e+01	-6.998946e+02
3.000000e-08	-6.852693e-06	-1.066836e-08	-4.762891e+01	-6.997604e+02
4.000000e-08	-6.844123e-06	-1.066849e-08	-4.756934e+01	-6.995842e+02
5.000000e-08	-6.833201e-06	-1.065941e-08	-4.749343e+01	-6.992544e+02
6.000000e-08	-6.819810e-06	-1.065028e-08	-4.740036e+01	-6.986905e+02
7.000000e-08	-6.803826e-06	-1.062932e-08	-4.728926e+01	-6.979024e+02
8.000000e-08	-6.785390e-06	-1.061529e-08	-4.716113e+01	-6.969926e+02
9.000000e-08	-6.764769e-06	-1.068498e-08	-4.701780e+01	-6.960958e+02
1.000000e-07	-6.741681e-06	-1.064423e-08	-4.685733e+01	-6.952892e+02
1.100000e-07	-6.715708e-06	-1.056548e-08	-4.667681e+01	-6.945322e+02
1.200000e-07	-6.687014e-06	-1.057867e-08	-4.647738e+01	-6.936771e+02
1.300000e-07	-6.656295e-06	-1.056110e-08	-4.626386e+01	-6.925484e+02
1.400000e-07	-6.624031e-06	-1.044215e-08	-4.603962e+01	-6.910452e+02
1.500000e-07	-6.589818e-06	-1.054321e-08	-4.580183e+01	-6.892026e+02
1.600000e-07	-6.553170e-06	-1.052700e-08	-4.554711e+01	-6.871763e+02
1.700000e-07	-6.514387e-06	-1.036722e-08	-4.527755e+01	-6.851592e+02
1.800000e-07	-6.473326e-06	-1.050572e-08	-4.499216e+01	-6.832820e+02
1.900000e-07	-6.429860e-06	-1.043568e-08	-4.469005e+01	-6.815565e+02
2.000000e-07	-6.384194e-06	-1.041149e-08	-4.437266e+01	-6.798897e+02
2.100000e-07	-6.336185e-06	-1.040443e-08	-4.403897e+01	-6.781543e+02
2.200000e-07	-6.285480e-06	-1.030129e-08	-4.368656e+01	-6.762635e+02
2.300000e-07	-6.232119e-06	-1.033854e-08	-4.331567e+01	-6.742053e+02
2.400000e-07	-6.176455e-06	-1.026659e-08	-4.292879e+01	-6.720190e+02
2.500000e-07	-6.118466e-06	-1.024730e-08	-4.252574e+01	-6.697393e+02
2.600000e-07	-6.058202e-06	-1.024175e-08	-4.210689e+01	-6.673530e+02
2.700000e-07	-5.995816e-06	-1.013768e-08	-4.167328e+01	-6.647996e+02
2.800000e-07	-5.931403e-06	-1.013961e-08	-4.122558e+01	-6.620155e+02
2.900000e-07	-5.864866e-06	-1.007954e-08	-4.076312e+01	-6.589875e+02
3.000000e-07	-5.796053e-06	-1.004573e-08	-4.028484e+01	-6.557749e+02
3.100000e-07	-5.725134e-06	-9.969594e-09	-3.979193e+01	-6.524795e+02
3.200000e-07	-5.652209e-06	-9.919212e-09	-3.928507e+01	-6.491823e+02
3.300000e-07	-5.577026e-06	-9.904234e-09	-3.876252e+01	-6.458868e+02
3.400000e-07	-5.499622e-06	-9.808417e-09	-3.822453e+01	-6.425098e+02
3.500000e-07	-5.419991e-06	-9.785621e-09	-3.767106e+01	-6.389268e+02
3.600000e-07	-5.338156e-06	-9.696866e-09	-3.710228e+01	-6.350471e+02
3.700000e-07	-5.254650e-06	-9.648504e-09	-3.652188e+01	-6.308694e+02
3.800000e-07	-5.169533e-06	-9.593883e-09	-3.593029e+01	-6.264832e+02
3.900000e-07	-5.082682e-06	-9.511742e-09	-3.532664e+01	-6.220124e+02
4.000000e-07	-4.994078e-06	-9.447541e-09	-3.471080e+01	-6.175365e+02
4.100000e-07	-4.903611e-06	-9.365170e-09	-3.408203e+01	-6.130367e+02
4.200000e-07	-4.811357e-06	-9.313537e-09	-3.344082e+01	-6.084031e+02
4.300000e-07	-4.717429e-06	-9.228730e-09	-3.278798e+01	-6.034960e+02
4.400000e-07	-4.621970e-06	-9.144662e-09	-3.212450e+01	-5.982264e+02
4.500000e-07	-4.524769e-06	-9.051206e-09	-3.144892e+01	-5.926051e+02
4.600000e-07	-4.425698e-06	-8.971313e-09	-3.076034e+01	-5.867310e+02
4.700000e-07	-4.325097e-06	-8.891144e-09	-3.006113e+01	-5.807275e+02
4.800000e-07	-4.222967e-06	-8.788657e-09	-2.935128e+01	-5.746652e+02
4.900000e-07	-4.119553e-06	-8.689578e-09	-2.863251e+01	-5.685190e+02
5.000000e-07	-4.014621e-06	-8.586561e-09	-2.790319e+01	-5.621836e+02
5.100000e-07	-3.907899e-06	-8.490223e-09	-2.716144e+01	-5.555362e+02
5.200000e-07	-3.799808e-06	-8.385691e-09	-2.641016e+01	-5.485065e+02
5.300000e-07	-3.690452e-06	-8.270169e-09	-2.565009e+01	-5.411113e+02
5.400000e-07	-3.579837e-06	-8.144438e-09	-2.488128e+01	-5.334334e+02
5.500000e-07	-3.468183e-06	-8.027403e-09	-2.410524e+01	-5.255615e+02
5.600000e-07	-3.355208e-06	-7.911339e-09	-2.332001e+01	-5.175288e+02
5.700000e-07	-3.240600e-06	-7.780944e-09	-2.252344e+01	-5.092902e+02
5.800000e-07	-3.124659e-06	-7.642208e-09	-2.171760e+01	-5.007491e+02
5.900000e-07	-3.007553e-06	-7.505135e-09	-2.090368e+01	-4.918155e+02
6.000000e-07	-2.889303e-06	-7.368001e-09	-2.008179e+01	-4.824584e+02
6.100000e-07	-2.770147e-06	-7.223273e-09	-1.925361e+01	-4.727188e+02
6.200000e-07	-2.650256e-06	-7.066484e-09	-1.842032e+01	-4.626762e+02
6.300000e-07	-2.529364e-06	-6.903836e-09	-1.758008e+01	-4.523922e+02
6.400000e-07	-2.407177e-06	-6.740962e-09	-1.673082e+01	-4.418655e+02
6.500000e-07	-2.284026e-06	-6.576576e-09	-1.587488e+01	-4.310245e+02
6.600000e-07	-2.160302e-06	-6.406354e-09	-1.501495e+01	-4.197623e+02
6.700000e-07	-2.035863e-06	-6.223042e-09	-1.415005e+01	-4.079889e+02
6.800000e-07	-1.910657e-06	-6.032341e-09	-1.327982e+01	-3.956716e+02
6.900000e-07	-1.784736e-06	-5.835596e-09	-1.240462e+01	-3.828404e+02
7.000000e-07	-1.658187e-06	-5.632973e-09	-1.152505e+01	-3.695596e+02
7.100000e-07	-1.531134e-06	-5.420754e-09	-1.064198e+01	-3.558838e+02
7.200000e-07	-1.403683e-06	-5.202856e-09	-9.756148e+00	-3.418228e+02
7.300000e-07	-1.275825e-06	-4.982738e-09	-8.867483e+00	-3.273329e+02
7.400000e-07	-1.147548e-06	-4.758414e-09	-7.975910e+00	-3.123327e+02
7.500000e-07	-1.018802e-06	-4.523369e-09	-7.081074e+00	-2.967328e+02
7.600000e-07	-8.895123e-07	-4.271332e-09	-6.182460e+00	-2.804618e+02
7.700000e-07	-7.597895e-07	-4.008776e-09	-5.280835e+00	-2.634799e+02
7.800000e-07	-6.297229e-07	-3.735823e-09	-4.376821e+00	-2.457784e+02
7.900000e-07	-4.993213e-07	-3.453709e-09	-3.470479e+00	-2.273686e+02
8.000000e-07	-3.686427e-07	-3.160392e-09	-2.562212e+00	-2.082662e+02
8.100000e-07	-2.378065e-07	-2.856585e-09	-1.652848e+00	-1.884754e+02
8.200000e-07	-1.068820e-07	-2.543475e-09	-7.428718e-01	-1.679761e+02
8.300000e-07	2.404946e-08	-2.220600e-09	1.671532e-01	-1.467174e+02
8.400000e-07	1.549379e-07	-1.884804e-09	1.076879e+00	-1.246216e+02
8.500000e-07	2.857607e-07	-1.531394e-09	1.986149e+00	-1.016014e+02
8.600000e-07	4.164426e-07	-1.162833e-09	2.894440e+00	-7.758458e+01
8.700000e-07	5.469143e-07	-7.807028e-10	3.801269e+00	-5.253963e+01
8.800000e-07	6.771048e-07	-3.845175e-10	4.706144e+00	-2.649140e+01
8.900000e-07	8.069648e-07	2.805962e-11	5.608722e+00	4.777911e-01
9.000000e-07	9.364406e-07	4.527120e-10	6.508630e+00	2.823983e+01
9.100000e-07	1.065395e-06	8.870675e-10	7.404916e+00	5.663691e+01
9.200000e-07	1.193753e-06	1.326944e-09	8.297050e+00	8.549356e+01
9.300000e-07	1.321652e-06	1.769606e-09	9.186000e+00	1.146203e+02
9.400000e-07	1.449287e-06	2.214785e-09	1.007311e+01	1.438115e+02
9.500000e-07	1.576646e-06	2.658228e-09	1.095831e+01	1.728426e+02
9.600000e-07	1.703490e-06	3.094670e-09	1.183993e+01	2.014736e+02
9.700000e-07	1.829631e-06	3.519071e-09	1.271665e+01	2.294586e+02
9.800000e-07	1.955134e-06	3.930141e-09	1.358895e+01	2.565611e+02
9.900000e-07	2.079993e-06	4.324276e-09	1.445677e+01	2.825707e+02
1.000000e-06	2.204105e-06	4.703502e-09	1.531940e+01	3.073219e+02
1.010000e-06	2.327585e-06	5.063012e-09	1.617763e+01	3.307101e+02
1.020000e-06	2.450398e-06	5.397264e-09	1.703123e+01	3.527029e+02
1.030000e-06	2.572129e-06	5.710467e-09	1.787730e+01	3.733413e+02
1.040000e-06	2.692560e-06	6.006437e-09	1.871435e+01	3.927228e+02
1.050000e-06	2.812068e-06	6.284768e-09	1.954497e+01	4.109705e+02
1.060000e-06	2.930695e-06	6.545229e-09	2.036948e+01	4.281937e+02
1.070000e-06	3.048293e-06	6.789944e-09	2.118683e+01	4.444591e+02
1.080000e-06	3.164795e-06	7.023386e-09	2.199657e+01	4.597846e+02
1.090000e-06	3.280078e-06	7.242031e-09	2.279783e+01	4.741594e+02
1.100000e-06	3.393853e-06	7.447625e-09	2.358861e+01	4.875794e+02
1.110000e-06	3.506112e-06	7.638335e-09	2.436886e+01	5.000784e+02
1.120000e-06	3.617310e-06	7.815199e-09	2.514173e+01	5.117368e+02
1.130000e-06	3.727366e-06	7.982261e-09	2.590666e+01	5.226645e+02
1.140000e-06	3.836146e-06	8.139222e-09	2.666272e+01	5.329700e+02
1.150000e-06	3.943753e-06	8.286024e-09	2.741063e+01	5.427323e+02
1.160000e-06	4.049809e-06	8.424240e-09	2.814777e+01	5.519934e+02
1.170000e-06	4.154156e-06	8.558742e-09	2.887302e+01	5.607699e+02
1.180000e-06	4.257030e-06	8.689127e-09	2.958803e+01	5.690728e+02
1.190000e-06	4.358451e-06	8.813187e-09	3.029295e+01	5.769212e+02
1.200000e-06	4.458507e-06	8.925523e-09	3.098837e+01	5.843407e+02
1.210000e-06	4.556833e-06	9.031772e-09	3.167178e+01	5.913527e+02
1.220000e-06	4.653275e-06	9.134671e-09	3.234209e+01	5.979662e+02
1.230000e-06	4.748096e-06	9.232207e-09	3.300113e+01	6.041815e+02
1.240000e-06	4.841282e-06	9.318765e-09	3.364881e+01	6.100066e+02
1.250000e-06	4.932975e-06	9.398170e-09	3.428611e+01	6.154739e+02
1.260000e-06	5.022833e-06	9.476356e-09	3.491066e+01	6.206440e+02
1.270000e-06	5.110668e-06	9.555641e-09	3.552115e+01	6.255912e+02
1.280000e-06	5.196834e-06	9.630930e-09	3.612004e+01	6.303762e+02
1.290000e-06	5.281359e-06	9.699713e-09	3.670752e+01	6.350212e+02
1.300000e-06	5.363986e-06	9.765045e-09	3.728181e+01	6.395024e+02
1.310000e-06	5.444625e-06	9.828271e-09	3.784228e+01	6.437650e+02
1.320000e-06	5.523344e-06	9.889827e-09	3.838941e+01	6.477530e+02
1.330000e-06	5.600062e-06	9.942237e-09	3.892263e+01	6.514401e+02
1.340000e-06	5.674488e-06	9.990609e-09	3.943992e+01	6.548468e+02
1.350000e-06	5.746753e-06	1.004039e-08	3.994219e+01	6.580366e+02
1.360000e-06	5.817102e-06	1.009221e-08	4.043114e+01	6.610936e+02
1.370000e-06	5.885485e-06	1.014061e-08	4.090644e+01	6.640904e+02
1.380000e-06	5.951622e-06	1.018219e-08	4.136611e+01	6.670596e+02
1.390000e-06	6.015473e-06	1.022293e-08	4.180990e+01	6.699798e+02
1.400000e-06	6.077397e-06	1.026537e-08	4.224030e+01	6.727833e+02
1.410000e-06	6.137437e-06	1.030683e-08	4.265760e+01	6.753849e+02
1.420000e-06	6.195161e-06	1.033987e-08	4.305880e+01	6.777218e+02
1.430000e-06	6.250506e-06	1.036718e-08	4.344347e+01	6.797863e+02
1.440000e-06	6.303704e-06	1.039568e-08	4.381322e+01	6.816351e+02
1.450000e-06	6.354158e-06	1.042579e-08	4.416389e+01	6.833652e+02
1.460000e-06	6.402003e-06	1.045388e-08	4.449644e+01	6.850681e+02
1.470000e-06	6.447735e-06	1.047852e-08	4.481429e+01	6.867826e+02
1.480000e-06	6.491343e-06	1.050213e-08	4.511739e+01	6.884752e+02
1.490000e-06	6.532549e-06	1.052800e-08	4.540378e+01	6.900601e+02
1.500000e-06	6.571366e-06	1.055232e-08	4.567358e+01	6.914502e+02
1.510000e-06	6.608079e-06	1.056887e-08	4.592874e+01	6.926094e+02
1.520000e-06	6.642340e-06	1.057928e-08	4.616687e+01	6.935746e+02
1.530000e-06	6.674088e-06	1.059083e-08	4.638753e+01	6.944345e+02
1.540000e-06	6.703701e-06	1.060714e-08	4.659336e+01	6.952774e+02
1.550000e-06	6.731074e-06	1.062257e-08	4.678361e+01	6.961418e+02
1.560000e-06	6.755877e-06	1.063512e-08	4.695600e+01	6.970012e+02
1.570000e-06	6.778250e-06	1.064676e-08	4.711150e+01	6.977897e+02
1.580000e-06	6.798521e-06	1.065872e-08	4.725239e+01	6.984508e+02
1.590000e-06	6.816404e-06	1.066825e-08	4.737668e+01	6.989731e+02
1.600000e-06	6.831742e-06	1.067228e-08	4.748329e+01	6.993906e+02
1.610000e-06	6.844551e-06	1.067401e-08	4.757232e+01	6.997479e+02
1.620000e-06	6.854561e-06	1.067835e-08	4.764189e+01	7.000604e+02
1.630000e-06	6.861992e-06	1.068576e-08	4.769354e+01	7.002996e+02
1.640000e-06	6.867254e-06	1.069033e-08	4.773012e+01	7.004171e+02
1.650000e-06	6.870024e-06	1.069040e-08	4.774937e+01	7.003889e+02
1.660000e-06	6.870223e-06	1.069271e-08	4.775075e+01	7.002451e+02
1.670000e-06	6.868214e-06	1.068456e-08	4.773679e+01	7.000582e+02
1.680000e-06	6.864037e-06	1.068367e-08	4.770775e+01	6.998946e+02
1.690000e-06	6.857561e-06	1.067996e-08	4.766274e+01	6.997604e+02
1.700000e-06	6.848882e-06	1.067023e-08	4.760242e+01	6.995842e+02
1.710000e-06	6.838006e-06	1.066533e-08	4.752683e+01	6.992544e+02
1.720000e-06	6.824504e-06	1.066679e-08	4.743299e+01	6.986905e+02
1.730000e-06	6.808627e-06	1.069286e-08	4.732263e+01	6.979024e+02
1.740000e-06	6.790826e-06	1.059385e-08	4.719891e+01	6.969926e+02
1.750000e-06	6.770398e-06	1.055546e-08	4.705693e+01	6.960958e+02
1.760000e-06	6.746492e-06	1.060814e-08	4.689077e+01	6.952892e+02
1.770000e-06	6.719656e-06	1.058272e-08	4.670425e+01	6.945322e+02
1.780000e-06	6.690456e-06	1.057583e-08	4.650130e+01	6.936771e+02
1.790000e-06	6.659427e-06	1.066239e-08	4.628563e+01	6.925484e+02
1.800000e-06	6.627184e-06	1.048247e-08	4.606153e+01	6.910452e+02
1.810000e-06	6.593033e-06	1.051953e-08	4.582417e+01	6.892026e+02
1.820000e-06	6.556009e-06	1.058714e-08	4.556684e+01	6.871763e+02
1.830000e-06	6.516847e-06	1.034174e-08	4.529465e+01	6.851592e+02
1.840000e-06	6.475613e-06	1.045300e-08	4.500806e+01	6.832820e+02
1.850000e-06	6.431948e-06	1.031397e-08	4.470456e+01	6.815565e+02
1.860000e-06	6.386121e-06	1.027449e-08	4.438605e+01	6.798897e+02
1.870000e-06	6.337685e-06	1.041444e-08	4.404940e+01	6.781543e+02
1.880000e-06	6.287178e-06	1.021666e-08	4.369835e+01	6.762635e+02
1.890000e-06	6.234212e-06	1.029764e-08	4.333022e+01	6.742053e+02
1.900000e-06	6.178464e-06	1.018825e-08	4.294275e+01	6.720190e+02
1.910000e-06	6.120692e-06	1.013763e-08	4.254121e+01	6.697393e+02
1.920000e-06	6.060498e-06	1.025092e-08	4.212284e+01	6.673530e+02
1.930000e-06	5.998057e-06	1.003941e-08	4.168885e+01	6.647996e+02
1.940000e-06	5.933512e-06	1.009739e-08	4.124024e+01	6.620155e+02
1.950000e-06	5.866930e-06	9.974429e-09	4.077747e+01	6.589875e+02
1.960000e-06	5.798327e-06	9.989911e-09	4.030065e+01	6.557749e+02
1.970000e-06	5.727182e-06	9.969438e-09	3.980616e+01	6.524795e+02
1.980000e-06	5.654021e-06	9.816395e-09	3.929767e+01	6.491823e+02
1.990000e-06	5.578683e-06	9.870232e-09	3.877404e+01	6.458868e+02
2.000000e-06	5.500978e-06	9.707634e-09	3.823396e+01	6.425098e+02
2.010000e-06	5.421377e-06	9.771299e-09	3.768070e+01	6.389268e+02
2.020000e-06	5.339853e-06	9.660622e-09	3.711408e+01	6.350471e+02
2.030000e-06	5.256716e-06	9.576969e-09	3.653624e+01	6.308694e+02
2.040000e-06	5.171563e-06	9.541349e-09	3.594439e+01	6.264832e+02
2.050000e-06	5.084243e-06	9.426224e-09	3.533748e+01	6.220124e+02
2.060000e-06	4.995222e-06	9.446200e-09	3.471876e+01	6.175365e+02
2.070000e-06	4.904631e-06	9.287973e-09	3.408911e+01	6.130367e+02
2.080000e-06	4.812261e-06	9.264456e-09	3.344711e+01	6.084031e+02
2.090000e-06	4.718010e-06	9.166277e-09	3.279202e+01	6.034960e+02
2.100000e-06	4.622177e-06	9.123719e-09	3.212595e+01	5.982264e+02
2.110000e-06	4.524635e-06	9.033465e-09	3.144799e+01	5.926051e+02
2.120000e-06	4.425723e-06	8.899385e-09	3.076051e+01	5.867310e+02
2.130000e-06	4.325140e-06	8.836271e-09	3.006142e+01	5.807275e+02
2.140000e-06	4.222829e-06	8.728443e-09	2.935032e+01	5.746652e+02
2.150000e-06	4.119081e-06	8.683695e-09	2.862923e+01	5.685190e+02
2.160000e-06	4.013780e-06	8.546602e-09	2.789735e+01	5.621836e+02
2.170000e-06	3.907269e-06	8.452484e-09	2.715706e+01	5.555362e+02
2.180000e-06	3.799502e-06	8.338003e-09	2.640803e+01	5.485065e+02
2.190000e-06	3.690329e-06	8.250963e-09	2.564924e+01	5.411113e+02
2.200000e-06	3.579779e-06	8.133156e-09	2.488087e+01	5.334334e+02
2.210000e-06	3.467904e-06	7.993729e-09	2.410329e+01	5.255615e+02
2.220000e-06	3.354635e-06	7.874451e-09	2.331603e+01	5.175288e+02
2.230000e-06	3.240132e-06	7.752908e-09	2.252019e+01	5.092902e+02
2.240000e-06	3.124330e-06	7.646149e-09	2.171532e+01	5.007491e+02
2.250000e-06	3.006978e-06	7.492881e-09	2.089967e+01	4.918155e+02
2.260000e-06	2.888521e-06	7.344866e-09	2.007636e+01	4.824584e+02
2.270000e-06	2.769151e-06	7.191503e-09	1.924669e+01	4.727188e+02
2.280000e-06	2.648715e-06	7.055549e-09	1.840961e+01	4.626762e+02
2.290000e-06	2.527279e-06	6.901873e-09	1.756558e+01	4.523922e+02
2.300000e-06	2.405025e-06	6.734069e-09	1.671587e+01	4.418655e+02
2.310000e-06	2.282152e-06	6.563385e-09	1.586185e+01	4.310245e+02
2.320000e-06	2.158612e-06	6.400110e-09	1.500320e+01	4.197623e+02
2.330000e-06	2.034080e-06	6.230872e-09	1.413765e+01	4.079889e+02
2.340000e-06	1.908488e-06	6.039070e-09	1.326474e+01	3.956716e+02
2.350000e-06	1.782167e-06	5.835716e-09	1.238676e+01	3.828404e+02
2.360000e-06	1.655348e-06	5.636307e-09	1.150532e+01	3.695596e+02
2.370000e-06	1.528071e-06	5.440770e-09	1.062070e+01	3.558838e+02
2.380000e-06	1.400237e-06	5.230204e-09	9.732196e+00	3.418228e+02
2.390000e-06	1.271866e-06	5.000206e-09	8.839966e+00	3.273329e+02
2.400000e-06	1.143108e-06	4.762354e-09	7.945047e+00	3.123327e+02
2.410000e-06	1.013934e-06	4.528479e-09	7.047239e+00	2.967328e+02
2.420000e-06	8.843539e-07	4.288637e-09	6.146607e+00	2.804618e+02
2.430000e-06	7.544660e-07	4.033219e-09	5.243835e+00	2.634799e+02
2.440000e-06	6.243341e-07	3.757373e-09	4.339367e+00	2.457784e+02
2.450000e-06	4.940633e-07	3.478142e-09	3.433934e+00	2.273686e+02
2.460000e-06	3.636713e-07	3.192897e-09	2.527659e+00	2.082662e+02
2.470000e-06	2.331857e-07	2.897522e-09	1.620732e+00	1.884754e+02
2.480000e-06	1.026434e-07	2.581674e-09	7.134116e-01	1.679761e+02
2.490000e-06	-2.794841e-08	2.251387e-09	-1.942524e-01	1.467174e+02
2.500000e-06	-1.585332e-07	1.915135e-09	-1.101868e+00	1.246216e+02
2.510000e-06	-2.890205e-07	1.570373e-09	-2.008806e+00	1.016014e+02
2.520000e-06	-4.194375e-07	1.207373e-09	-2.915256e+00	7.758458e+01
2.530000e-06	-5.497271e-07	8.187196e-10	-3.820819e+00	5.253963e+01
2.540000e-06	-6.798057e-07	4.196838e-10	-4.724917e+00	2.649140e+01
2.550000e-06	-8.096740e-07	1.455433e-11	-5.627552e+00	-4.777911e-01
2.560000e-06	-9.392810e-07	-4.020052e-10	-6.528372e+00	-2.823983e+01
2.570000e-06	-1.068527e-06	-8.400854e-10	-7.426683e+00	-5.663691e+01
2.580000e-06	-1.197390e-06	-1.288236e-09	-8.322334e+00	-8.549356e+01
2.590000e-06	-1.325898e-06	-1.729945e-09	-9.215512e+00	-1.146203e+02
2.600000e-06	-1.453869e-06	-2.167452e-09	-1.010496e+01	-1.438115e+02
2.610000e-06	-1.581264e-06	-2.608176e-09	-1.099041e+01	-1.728426e+02
2.620000e-06	-1.708194e-06	-3.053133e-09	-1.187262e+01	-2.014736e+02
2.630000e-06	-1.834709e-06	-3.486664e-09	-1.275195e+01	-2.294586e+02
2.640000e-06	-1.960701e-06	-3.898416e-09	-1.362764e+01	-2.565611e+02
2.650000e-06	-2.085842e-06	-4.289902e-09	-1.449742e+01	-2.825707e+02
2.660000e-06	-2.209889e-06	-4.667352e-09	-1.535959e+01	-3.073219e+02
2.670000e-06	-2.333018e-06	-5.029297e-09	-1.621539e+01	-3.307101e+02
2.680000e-06	-2.455453e-06	-5.365984e-09	-1.706636e+01	-3.527029e+02
2.690000e-06	-2.577041e-06	-5.676241e-09	-1.791145e+01	-3.733413e+02
2.700000e-06	-2.697663e-06	-5.969867e-09	-1.874982e+01	-3.927228e+02
2.710000e-06	-2.817305e-06	-6.251953e-09	-1.958138e+01	-4.109705e+02
2.720000e-06	-2.936080e-06	-6.520003e-09	-2.040691e+01	-4.281937e+02
2.730000e-06	-3.053796e-06	-6.769724e-09	-2.122508e+01	-4.444591e+02
2.740000e-06	-3.169964e-06	-7.000265e-09	-2.203249e+01	-4.597846e+02
2.750000e-06	-3.284752e-06	-7.218445e-09	-2.283032e+01	-4.741594e+02
2.760000e-06	-3.398398e-06	-7.427281e-09	-2.362020e+01	-4.875794e+02
2.770000e-06	-3.510698e-06	-7.621089e-09	-2.440073e+01	-5.000784e+02
2.780000e-06	-3.621404e-06	-7.795266e-09	-2.517018e+01	-5.117368e+02
2.790000e-06	-3.730678e-06	-7.957471e-09	-2.592968e+01	-5.226645e+02
2.800000e-06	-3.838786e-06	-8.116866e-09	-2.668107e+01	-5.329700e+02
2.810000e-06	-3.945821e-06	-8.273439e-09	-2.742500e+01	-5.427323e+02
2.820000e-06	-4.051626e-06	-8.417848e-09	-2.816039e+01	-5.519934e+02
2.830000e-06	-4.155925e-06	-8.545072e-09	-2.888531e+01	-5.607699e+02
2.840000e-06	-4.258813e-06	-8.665758e-09	-2.960043e+01	-5.690728e+02
2.850000e-06	-4.360026e-06	-8.787199e-09	-3.030389e+01	-5.769212e+02
2.860000e-06	-4.459502e-06	-8.903719e-09	-3.099529e+01	-5.843407e+02
2.870000e-06	-4.557564e-06	-9.008591e-09	-3.167686e+01	-5.913527e+02
2.880000e-06	-4.654065e-06	-9.102235e-09	-3.234758e+01	-5.979662e+02
2.890000e-06	-4.749091e-06	-9.196106e-09	-3.300805e+01	-6.041815e+02
2.900000e-06	-4.842339e-06	-9.291813e-09	-3.365616e+01	-6.100066e+02
2.910000e-06	-4.933749e-06	-9.379480e-09	-3.429149e+01	-6.154739e+02
2.920000e-06	-5.023605e-06	-9.455623e-09	-3.491603e+01	-6.206440e+02
2.930000e-06	-5.111660e-06	-9.525325e-09	-3.552804e+01	-6.255912e+02
2.940000e-06	-5.197795e-06	-9.598419e-09	-3.612672e+01	-6.303762e+02
2.950000e-06	-5.281928e-06	-9.673754e-09	-3.671148e+01	-6.350212e+02
2.960000e-06	-5.364251e-06	-9.743781e-09	-3.728365e+01	-6.395024e+02
2.970000e-06	-5.444865e-06	-9.807410e-09	-3.784395e+01	-6.437650e+02
2.980000e-06	-5.523516e-06	-9.869108e-09	-3.839061e+01	-6.477530e+02
2.990000e-06	-5.599937e-06	-9.931347e-09	-3.892177e+01	-6.514401e+02
3.000000e-06	-5.674155e-06	-9.987428e-09	-3.943761e+01	-6.548468e+02
3.010000e-06	-5.746420e-06	-1.003183e-08	-3.993988e+01	-6.580366e+02
3.020000e-06	-5.816622e-06	-1.007204e-08	-4.042781e+01	-6.610936e+02
3.030000e-06	-5.884624e-06	-1.011708e-08	-4.090045e+01	-6.640904e+02
3.040000e-06	-5.950558e-06	-1.016841e-08	-4.135872e+01	-6.670596e+02
3.050000e-06	-6.014528e-06	-1.021613e-08	-4.180333e+01	-6.699798e+02
3.060000e-06	-6.076223e-06	-1.025705e-08	-4.223214e+01	-6.727833e+02
3.070000e-06	-6.135581e-06	-1.029479e-08	-4.264470e+01	-6.753849e+02
3.080000e-06	-6.192756e-06	-1.033300e-08	-4.304208e+01	-6.777218e+02
3.090000e-06	-6.247943e-06	-1.037027e-08	-4.342566e+01	-6.797863e+02
3.100000e-06	-6.300812e-06	-1.039793e-08	-4.379312e+01	-6.816351e+02
3.110000e-06	-6.350954e-06	-1.042042e-08	-4.414162e+01	-6.833652e+02
3.120000e-06	-6.398430e-06	-1.044493e-08	-4.447160e+01	-6.850681e+02
3.130000e-06	-6.443526e-06	-1.047175e-08	-4.478504e+01	-6.867826e+02
3.140000e-06	-6.486730e-06	-1.049810e-08	-4.508532e+01	-6.884752e+02
3.150000e-06	-6.527836e-06	-1.052076e-08	-4.537103e+01	-6.900601e+02
3.160000e-06	-6.566757e-06	-1.054182e-08	-4.564154e+01	-6.914502e+02
3.170000e-06	-6.603391e-06	-1.056134e-08	-4.589616e+01	-6.926094e+02
3.180000e-06	-6.637677e-06	-1.057802e-08	-4.613446e+01	-6.935746e+02
3.190000e-06	-6.669816e-06	-1.059099e-08	-4.635784e+01	-6.944345e+02
3.200000e-06	-6.699384e-06	-1.060149e-08	-4.656335e+01	-6.952774e+02
3.210000e-06	-6.726393e-06	-1.061361e-08	-4.675107e+01	-6.961418e+02
3.220000e-06	-6.751290e-06	-1.062780e-08	-4.692412e+01	-6.970012e+02
3.230000e-06	-6.773760e-06	-1.063928e-08	-4.708030e+01	-6.977897e+02
3.240000e-06	-6.793666e-06	-1.064642e-08	-4.721865e+01	-6.984508e+02
3.250000e-06	-6.811273e-06	-1.065443e-08	-4.734103e+01	-6.989731e+02
3.260000e-06	-6.826563e-06	-1.066396e-08	-4.744730e+01	-6.993906e+02
3.270000e-06	-6.839192e-06	-1.067125e-08	-4.753507e+01	-6.997479e+02
3.280000e-06	-6.849107e-06	-1.067437e-08	-4.760398e+01	-7.000604e+02
3.290000e-06	-6.856735e-06	-1.067695e-08	-4.765700e+01	-7.002996e+02
3.300000e-06	-6.862016e-06	-1.067839e-08	-4.769370e+01	-7.004171e+02
3.310000e-06	-6.864786e-06	-1.067524e-08	-4.771296e+01	-7.003889e+02
