# Temperatura_=_20.0
# Concentracion g/m^3_=_10000.0
# C_Vs_to_Am_M_A/Vsm_=_65563218390.804596
# pendiente_HvsI_1/m_=_3716.3
# ordenada_HvsI_A/m_=_1297.0
# frecuencia_Hz_=_302321.70317938196

Tiempo_(s)	Campo_(V.s)	Magnetizacion_(V.s)	Campo_(kA/m)	Magnetizacion_(A/m)
0.000000e+00	-9.797909e-07	-1.431870e-09	-6.493232e+00	-9.300442e+01
1.000000e-08	-9.796054e-07	-1.433023e-09	-6.492003e+00	-9.301016e+01
2.000000e-08	-9.791815e-07	-1.432145e-09	-6.489194e+00	-9.302143e+01
3.000000e-08	-9.785737e-07	-1.435717e-09	-6.485166e+00	-9.304081e+01
4.000000e-08	-9.777493e-07	-1.433630e-09	-6.479702e+00	-9.303993e+01
5.000000e-08	-9.766354e-07	-1.422617e-09	-6.472321e+00	-9.297515e+01
6.000000e-08	-9.751322e-07	-1.414819e-09	-6.462359e+00	-9.281537e+01
7.000000e-08	-9.730693e-07	-1.414546e-09	-6.448687e+00	-9.256485e+01
8.000000e-08	-9.704083e-07	-1.418683e-09	-6.431052e+00	-9.226507e+01
9.000000e-08	-9.672056e-07	-1.420837e-09	-6.409828e+00	-9.197223e+01
1.000000e-07	-9.635444e-07	-1.409579e-09	-6.385565e+00	-9.172287e+01
1.100000e-07	-9.595243e-07	-1.408244e-09	-6.358923e+00	-9.150848e+01
1.200000e-07	-9.551951e-07	-1.416047e-09	-6.330232e+00	-9.127639e+01
1.300000e-07	-9.506099e-07	-1.414175e-09	-6.299845e+00	-9.095854e+01
1.400000e-07	-9.458117e-07	-1.394852e-09	-6.268047e+00	-9.051189e+01
1.500000e-07	-9.407741e-07	-1.367580e-09	-6.234662e+00	-8.994624e+01
1.600000e-07	-9.354162e-07	-1.355163e-09	-6.199154e+00	-8.932134e+01
1.700000e-07	-9.297022e-07	-1.371603e-09	-6.161287e+00	-8.871376e+01
1.800000e-07	-9.236375e-07	-1.373997e-09	-6.121095e+00	-8.817261e+01
1.900000e-07	-9.172690e-07	-1.338321e-09	-6.078890e+00	-8.769082e+01
2.000000e-07	-9.106165e-07	-1.322156e-09	-6.034803e+00	-8.720962e+01
2.100000e-07	-9.036451e-07	-1.336857e-09	-5.988602e+00	-8.665379e+01
2.200000e-07	-8.963366e-07	-1.335414e-09	-5.940168e+00	-8.597634e+01
2.300000e-07	-8.886877e-07	-1.304206e-09	-5.889477e+00	-8.518538e+01
2.400000e-07	-8.807399e-07	-1.285358e-09	-5.836806e+00	-8.433734e+01
2.500000e-07	-8.725813e-07	-1.281496e-09	-5.782737e+00	-8.350114e+01
2.600000e-07	-8.642224e-07	-1.273213e-09	-5.727342e+00	-8.271622e+01
2.700000e-07	-8.556500e-07	-1.260076e-09	-5.670530e+00	-8.197002e+01
2.800000e-07	-8.468735e-07	-1.255687e-09	-5.612367e+00	-8.120834e+01
2.900000e-07	-8.377914e-07	-1.238425e-09	-5.552179e+00	-8.037088e+01
3.000000e-07	-8.283143e-07	-1.206014e-09	-5.489373e+00	-7.942921e+01
3.100000e-07	-8.184888e-07	-1.198050e-09	-5.424257e+00	-7.840361e+01
3.200000e-07	-8.082774e-07	-1.208927e-09	-5.356585e+00	-7.734912e+01
3.300000e-07	-7.975752e-07	-1.185586e-09	-5.285660e+00	-7.632064e+01
3.400000e-07	-7.863850e-07	-1.138507e-09	-5.211501e+00	-7.533927e+01
3.500000e-07	-7.747714e-07	-1.131729e-09	-5.134535e+00	-7.438042e+01
3.600000e-07	-7.628272e-07	-1.149589e-09	-5.055379e+00	-7.338988e+01
3.700000e-07	-7.506040e-07	-1.125895e-09	-4.974374e+00	-7.231662e+01
3.800000e-07	-7.381395e-07	-1.077114e-09	-4.891770e+00	-7.114179e+01
3.900000e-07	-7.254560e-07	-1.062983e-09	-4.807714e+00	-6.988689e+01
4.000000e-07	-7.125283e-07	-1.066917e-09	-4.722040e+00	-6.859793e+01
4.100000e-07	-6.993894e-07	-1.045438e-09	-4.634967e+00	-6.731726e+01
4.200000e-07	-6.860446e-07	-1.012195e-09	-4.546528e+00	-6.606103e+01
4.300000e-07	-6.724090e-07	-9.897096e-10	-4.456163e+00	-6.481526e+01
4.400000e-07	-6.584782e-07	-9.711805e-10	-4.363842e+00	-6.355088e+01
4.500000e-07	-6.442932e-07	-9.558608e-10	-4.269835e+00	-6.224596e+01
4.600000e-07	-6.298656e-07	-9.428377e-10	-4.174221e+00	-6.090008e+01
4.700000e-07	-6.151605e-07	-9.157174e-10	-4.076768e+00	-5.953200e+01
4.800000e-07	-6.001882e-07	-8.814679e-10	-3.977544e+00	-5.816328e+01
4.900000e-07	-5.850192e-07	-8.677503e-10	-3.877017e+00	-5.680013e+01
5.000000e-07	-5.695423e-07	-8.647959e-10	-3.774449e+00	-5.542645e+01
5.100000e-07	-5.536563e-07	-8.368305e-10	-3.669170e+00	-5.401361e+01
5.200000e-07	-5.374418e-07	-7.941605e-10	-3.561714e+00	-5.254093e+01
5.300000e-07	-5.209660e-07	-7.737583e-10	-3.452526e+00	-5.101340e+01
5.400000e-07	-5.042839e-07	-7.676571e-10	-3.341971e+00	-4.946413e+01
5.500000e-07	-4.873979e-07	-7.460296e-10	-3.230064e+00	-4.793829e+01
5.600000e-07	-4.702956e-07	-7.116752e-10	-3.116725e+00	-4.646681e+01
5.700000e-07	-4.530119e-07	-6.859425e-10	-3.002183e+00	-4.504561e+01
5.800000e-07	-4.355062e-07	-6.708931e-10	-2.886170e+00	-4.363349e+01
5.900000e-07	-4.178472e-07	-6.558570e-10	-2.769141e+00	-4.217170e+01
6.000000e-07	-4.000600e-07	-6.310161e-10	-2.651262e+00	-4.061490e+01
6.100000e-07	-3.821988e-07	-5.962251e-10	-2.532893e+00	-3.895667e+01
6.200000e-07	-3.642814e-07	-5.654559e-10	-2.414151e+00	-3.723444e+01
6.300000e-07	-3.462198e-07	-5.467803e-10	-2.294454e+00	-3.551086e+01
6.400000e-07	-3.280753e-07	-5.272578e-10	-2.174208e+00	-3.384163e+01
6.500000e-07	-3.098780e-07	-4.944964e-10	-2.053611e+00	-3.224770e+01
6.600000e-07	-2.916328e-07	-4.611467e-10	-1.932697e+00	-3.070697e+01
6.700000e-07	-2.733598e-07	-4.420988e-10	-1.811599e+00	-2.916945e+01
6.800000e-07	-2.550628e-07	-4.282140e-10	-1.690342e+00	-2.758599e+01
6.900000e-07	-2.366956e-07	-4.025508e-10	-1.568620e+00	-2.593391e+01
7.000000e-07	-2.182416e-07	-3.683564e-10	-1.446323e+00	-2.422556e+01
7.100000e-07	-1.997319e-07	-3.386312e-10	-1.323655e+00	-2.249672e+01
7.200000e-07	-1.811773e-07	-3.169421e-10	-1.200691e+00	-2.078385e+01
7.300000e-07	-1.625714e-07	-2.945808e-10	-1.077387e+00	-1.910492e+01
7.400000e-07	-1.439323e-07	-2.643005e-10	-9.538627e-01	-1.745436e+01
7.500000e-07	-1.252535e-07	-2.328893e-10	-8.300753e-01	-1.581303e+01
7.600000e-07	-1.065101e-07	-2.105183e-10	-7.058598e-01	-1.416405e+01
7.700000e-07	-8.773076e-08	-1.933129e-10	-5.814059e-01	-1.250312e+01
7.800000e-07	-6.892706e-08	-1.691860e-10	-4.567908e-01	-1.083685e+01
7.900000e-07	-5.009599e-08	-1.381351e-10	-3.319942e-01	-9.172277e+00
8.000000e-07	-3.126785e-08	-1.094457e-10	-2.072171e-01	-7.506980e+00
8.100000e-07	-1.244563e-08	-8.583194e-11	-8.247923e-02	-5.828456e+00
8.200000e-07	6.377618e-09	-6.131041e-11	4.226551e-02	-4.123973e+00
8.300000e-07	2.523188e-08	-3.016362e-11	1.672157e-01	-2.393715e+00
8.400000e-07	4.406872e-08	2.860597e-12	2.920505e-01	-6.566742e-01
8.500000e-07	6.284101e-08	2.873868e-11	4.164575e-01	1.056861e+00
8.600000e-07	8.156260e-08	4.815931e-11	5.405285e-01	2.723049e+00
8.700000e-07	1.002692e-07	6.992229e-11	6.644999e-01	4.341465e+00
8.800000e-07	1.189633e-07	9.889641e-11	7.883887e-01	5.939547e+00
8.900000e-07	1.376137e-07	1.280999e-10	9.119880e-01	7.559957e+00
9.000000e-07	1.562156e-07	1.528149e-10	1.035266e+00	9.237073e+00
9.100000e-07	1.747670e-07	1.775831e-10	1.158209e+00	1.097619e+01
9.200000e-07	1.932589e-07	2.070333e-10	1.280758e+00	1.274816e+01
9.300000e-07	2.117034e-07	2.395492e-10	1.402993e+00	1.450357e+01
9.400000e-07	2.301214e-07	2.673050e-10	1.525052e+00	1.619881e+01
9.500000e-07	2.484849e-07	2.881661e-10	1.646750e+00	1.781987e+01
9.600000e-07	2.667932e-07	3.083354e-10	1.768082e+00	1.939019e+01
9.700000e-07	2.850262e-07	3.335338e-10	1.888915e+00	2.095852e+01
9.800000e-07	3.032282e-07	3.619427e-10	2.009542e+00	2.257349e+01
9.900000e-07	3.213668e-07	3.880545e-10	2.129750e+00	2.425870e+01
1.000000e-06	3.394024e-07	4.117591e-10	2.249274e+00	2.600162e+01
1.010000e-06	3.573472e-07	4.382912e-10	2.368197e+00	2.776144e+01
1.020000e-06	3.752432e-07	4.687895e-10	2.486797e+00	2.949100e+01
1.030000e-06	3.930738e-07	4.964742e-10	2.604964e+00	3.116050e+01
1.040000e-06	4.107317e-07	5.186004e-10	2.721985e+00	3.277074e+01
1.050000e-06	4.282475e-07	5.385742e-10	2.838065e+00	3.434941e+01
1.060000e-06	4.456616e-07	5.618550e-10	2.953472e+00	3.593358e+01
1.070000e-06	4.628609e-07	5.894833e-10	3.067454e+00	3.754851e+01
1.080000e-06	4.798455e-07	6.144956e-10	3.180014e+00	3.919426e+01
1.090000e-06	4.966972e-07	6.365218e-10	3.291692e+00	4.084708e+01
1.100000e-06	5.133699e-07	6.600998e-10	3.402185e+00	4.247400e+01
1.110000e-06	5.297049e-07	6.870110e-10	3.510440e+00	4.405170e+01
1.120000e-06	5.456638e-07	7.132140e-10	3.616202e+00	4.557888e+01
1.130000e-06	5.613883e-07	7.339405e-10	3.720411e+00	4.707513e+01
1.140000e-06	5.767198e-07	7.509711e-10	3.822015e+00	4.856757e+01
1.150000e-06	5.917014e-07	7.713197e-10	3.921301e+00	5.007381e+01
1.160000e-06	6.065745e-07	7.982316e-10	4.019867e+00	5.159192e+01
1.170000e-06	6.212786e-07	8.239062e-10	4.117314e+00	5.310351e+01
1.180000e-06	6.357852e-07	8.430623e-10	4.213451e+00	5.458768e+01
1.190000e-06	6.500865e-07	8.620699e-10	4.308228e+00	5.603632e+01
1.200000e-06	6.641665e-07	8.864768e-10	4.401538e+00	5.746030e+01
1.210000e-06	6.779840e-07	9.111837e-10	4.493110e+00	5.888160e+01
1.220000e-06	6.914725e-07	9.312211e-10	4.582500e+00	6.031624e+01
1.230000e-06	7.046891e-07	9.490805e-10	4.670089e+00	6.175936e+01
1.240000e-06	7.177083e-07	9.698882e-10	4.756369e+00	6.318322e+01
1.250000e-06	7.305135e-07	9.943163e-10	4.841231e+00	6.455093e+01
1.260000e-06	7.430548e-07	1.015536e-09	4.924344e+00	6.583835e+01
1.270000e-06	7.553475e-07	1.030448e-09	5.005810e+00	6.705019e+01
1.280000e-06	7.674003e-07	1.045163e-09	5.085686e+00	6.821940e+01
1.290000e-06	7.791041e-07	1.063664e-09	5.163248e+00	6.938890e+01
1.300000e-06	7.904069e-07	1.084021e-09	5.238154e+00	7.058625e+01
1.310000e-06	8.012754e-07	1.101911e-09	5.310182e+00	7.180682e+01
1.320000e-06	8.116589e-07	1.116813e-09	5.378995e+00	7.301624e+01
1.330000e-06	8.215774e-07	1.133280e-09	5.444726e+00	7.417101e+01
1.340000e-06	8.311179e-07	1.152133e-09	5.507953e+00	7.524475e+01
1.350000e-06	8.403356e-07	1.168173e-09	5.569040e+00	7.624377e+01
1.360000e-06	8.492234e-07	1.179464e-09	5.627941e+00	7.720240e+01
1.370000e-06	8.578981e-07	1.190990e-09	5.685429e+00	7.816106e+01
1.380000e-06	8.664067e-07	1.206530e-09	5.741817e+00	7.914104e+01
1.390000e-06	8.747104e-07	1.223167e-09	5.796847e+00	8.013155e+01
1.400000e-06	8.827975e-07	1.237062e-09	5.850442e+00	8.109687e+01
1.410000e-06	8.905741e-07	1.248388e-09	5.901978e+00	8.199859e+01
1.420000e-06	8.979907e-07	1.260536e-09	5.951130e+00	8.281868e+01
1.430000e-06	9.050785e-07	1.274691e-09	5.998101e+00	8.356935e+01
1.440000e-06	9.118866e-07	1.286641e-09	6.043220e+00	8.428406e+01
1.450000e-06	9.184130e-07	1.294820e-09	6.086471e+00	8.499642e+01
1.460000e-06	9.246165e-07	1.302380e-09	6.127583e+00	8.572043e+01
1.470000e-06	9.305365e-07	1.311908e-09	6.166816e+00	8.644431e+01
1.480000e-06	9.361129e-07	1.323375e-09	6.203771e+00	8.714052e+01
1.490000e-06	9.413179e-07	1.334606e-09	6.238266e+00	8.778457e+01
1.500000e-06	9.462567e-07	1.343647e-09	6.270996e+00	8.836982e+01
1.510000e-06	9.509948e-07	1.350811e-09	6.302396e+00	8.890908e+01
1.520000e-06	9.555382e-07	1.358100e-09	6.332506e+00	8.942294e+01
1.530000e-06	9.598433e-07	1.366133e-09	6.361037e+00	8.992344e+01
1.540000e-06	9.638659e-07	1.372130e-09	6.387695e+00	9.040465e+01
1.550000e-06	9.675490e-07	1.375411e-09	6.412103e+00	9.084660e+01
1.560000e-06	9.708140e-07	1.379987e-09	6.433741e+00	9.122973e+01
1.570000e-06	9.735469e-07	1.387489e-09	6.451853e+00	9.154987e+01
1.580000e-06	9.756929e-07	1.394038e-09	6.466075e+00	9.182314e+01
1.590000e-06	9.773313e-07	1.397522e-09	6.476933e+00	9.207679e+01
1.600000e-06	9.785470e-07	1.400412e-09	6.484989e+00	9.233149e+01
1.610000e-06	9.794594e-07	1.404338e-09	6.491035e+00	9.258695e+01
1.620000e-06	9.801372e-07	1.407967e-09	6.495528e+00	9.282071e+01
1.630000e-06	9.805904e-07	1.410451e-09	6.498531e+00	9.300193e+01
1.640000e-06	9.807849e-07	1.411080e-09	6.499820e+00	9.311179e+01
1.650000e-06	9.806655e-07	1.408121e-09	6.499029e+00	9.315703e+01
1.660000e-06	9.802260e-07	1.406908e-09	6.496116e+00	9.316689e+01
1.670000e-06	9.794016e-07	1.409771e-09	6.490653e+00	9.317427e+01
1.680000e-06	9.782562e-07	1.406384e-09	6.483062e+00	9.319257e+01
1.690000e-06	9.768223e-07	1.406366e-09	6.473559e+00	9.320371e+01
1.700000e-06	9.750064e-07	1.412279e-09	6.461525e+00	9.316662e+01
1.710000e-06	9.728546e-07	1.419948e-09	6.447265e+00	9.304244e+01
1.720000e-06	9.703990e-07	1.419434e-09	6.430991e+00	9.282128e+01
1.730000e-06	9.676144e-07	1.394526e-09	6.412537e+00	9.253273e+01
1.740000e-06	9.645492e-07	1.392946e-09	6.392224e+00	9.223149e+01
1.750000e-06	9.612785e-07	1.402902e-09	6.370548e+00	9.196498e+01
1.760000e-06	9.578569e-07	1.383945e-09	6.347872e+00	9.174225e+01
1.770000e-06	9.542663e-07	1.364036e-09	6.324077e+00	9.152437e+01
1.780000e-06	9.503634e-07	1.365961e-09	6.298212e+00	9.124425e+01
1.790000e-06	9.459455e-07	1.375050e-09	6.268933e+00	9.084554e+01
1.800000e-06	9.410369e-07	1.381847e-09	6.236403e+00	9.031770e+01
1.810000e-06	9.357606e-07	1.367584e-09	6.201437e+00	8.970512e+01
1.820000e-06	9.299309e-07	1.333936e-09	6.162802e+00	8.908344e+01
1.830000e-06	9.235025e-07	1.332097e-09	6.120200e+00	8.851621e+01
1.840000e-06	9.166391e-07	1.347078e-09	6.074715e+00	8.801782e+01
1.850000e-06	9.095081e-07	1.338535e-09	6.027457e+00	8.754520e+01
1.860000e-06	9.022271e-07	1.307983e-09	5.979205e+00	8.702377e+01
1.870000e-06	8.947224e-07	1.296042e-09	5.929470e+00	8.639193e+01
1.880000e-06	8.869660e-07	1.301143e-09	5.878067e+00	8.563703e+01
1.890000e-06	8.789820e-07	1.292920e-09	5.825156e+00	8.480119e+01
1.900000e-06	8.707421e-07	1.270960e-09	5.770549e+00	8.395396e+01
1.910000e-06	8.621211e-07	1.256994e-09	5.713416e+00	8.314937e+01
1.920000e-06	8.531026e-07	1.245664e-09	5.653649e+00	8.239401e+01
1.930000e-06	8.438616e-07	1.229006e-09	5.592407e+00	8.164540e+01
1.940000e-06	8.344139e-07	1.229278e-09	5.529795e+00	8.084061e+01
1.950000e-06	8.246798e-07	1.228715e-09	5.465286e+00	7.993640e+01
1.960000e-06	8.146579e-07	1.196028e-09	5.398869e+00	7.893567e+01
1.970000e-06	8.043628e-07	1.158111e-09	5.330642e+00	7.788437e+01
1.980000e-06	7.937438e-07	1.164687e-09	5.260268e+00	7.684191e+01
1.990000e-06	7.827896e-07	1.173299e-09	5.187673e+00	7.584428e+01
2.000000e-06	7.715638e-07	1.133170e-09	5.113278e+00	7.488272e+01
2.010000e-06	7.600658e-07	1.093021e-09	5.037079e+00	7.391030e+01
2.020000e-06	7.482708e-07	1.107005e-09	4.958912e+00	7.287088e+01
2.030000e-06	7.361634e-07	1.117671e-09	4.878674e+00	7.173186e+01
2.040000e-06	7.238161e-07	1.072516e-09	4.796846e+00	7.050102e+01
2.050000e-06	7.111963e-07	1.029653e-09	4.713213e+00	6.921858e+01
2.060000e-06	6.980948e-07	1.027712e-09	4.626387e+00	6.793147e+01
2.070000e-06	6.845084e-07	1.022912e-09	4.536348e+00	6.666673e+01
2.080000e-06	6.705179e-07	9.930153e-10	4.443630e+00	6.542029e+01
2.090000e-06	6.560856e-07	9.708574e-10	4.347985e+00	6.416592e+01
2.100000e-06	6.412755e-07	9.538748e-10	4.249836e+00	6.287680e+01
2.110000e-06	6.262755e-07	9.283214e-10	4.150429e+00	6.154417e+01
2.120000e-06	6.111441e-07	9.137280e-10	4.050150e+00	6.018128e+01
2.130000e-06	5.958596e-07	9.057585e-10	3.948858e+00	5.881100e+01
2.140000e-06	5.804808e-07	8.740654e-10	3.846940e+00	5.744662e+01
2.150000e-06	5.649935e-07	8.375470e-10	3.744303e+00	5.607975e+01
2.160000e-06	5.493975e-07	8.317533e-10	3.640946e+00	5.468418e+01
2.170000e-06	5.336943e-07	8.249011e-10	3.536878e+00	5.323391e+01
2.180000e-06	5.177860e-07	7.846097e-10	3.431451e+00	5.172348e+01
2.190000e-06	5.016417e-07	7.452472e-10	3.324460e+00	5.017693e+01
2.200000e-06	4.852881e-07	7.341312e-10	3.216083e+00	4.863789e+01
2.210000e-06	4.687450e-07	7.235692e-10	3.106449e+00	4.714540e+01
2.220000e-06	4.520108e-07	6.954948e-10	2.995549e+00	4.570929e+01
2.230000e-06	4.351276e-07	6.658940e-10	2.883661e+00	4.430041e+01
2.240000e-06	4.181393e-07	6.436706e-10	2.771077e+00	4.286297e+01
2.250000e-06	4.010191e-07	6.270432e-10	2.657619e+00	4.134324e+01
2.260000e-06	3.838074e-07	6.094478e-10	2.543553e+00	3.971907e+01
2.270000e-06	3.665185e-07	5.796539e-10	2.428977e+00	3.801322e+01
2.280000e-06	3.491242e-07	5.419954e-10	2.313703e+00	3.628267e+01
2.290000e-06	3.316160e-07	5.177469e-10	2.197673e+00	3.458944e+01
2.300000e-06	3.140144e-07	5.063882e-10	2.081024e+00	3.296904e+01
2.310000e-06	2.963726e-07	4.860156e-10	1.964109e+00	3.141418e+01
2.320000e-06	2.786798e-07	4.533702e-10	1.846856e+00	2.988189e+01
2.330000e-06	2.608723e-07	4.254378e-10	1.728843e+00	2.831923e+01
2.340000e-06	2.429831e-07	4.071708e-10	1.610288e+00	2.669203e+01
2.350000e-06	2.249736e-07	3.873542e-10	1.490936e+00	2.500048e+01
2.360000e-06	2.067926e-07	3.591175e-10	1.370448e+00	2.327432e+01
2.370000e-06	1.885070e-07	3.258910e-10	1.249266e+00	2.155248e+01
2.380000e-06	1.701868e-07	2.989464e-10	1.127855e+00	1.986096e+01
2.390000e-06	1.518155e-07	2.821566e-10	1.006106e+00	1.820212e+01
2.400000e-06	1.333581e-07	2.626091e-10	8.837857e-01	1.655990e+01
2.410000e-06	1.148857e-07	2.314105e-10	7.613659e-01	1.491492e+01
2.420000e-06	9.639770e-08	1.989512e-10	6.388431e-01	1.325793e+01
2.430000e-06	7.778312e-08	1.768789e-10	5.154813e-01	1.159254e+01
2.440000e-06	5.907994e-08	1.582171e-10	3.915323e-01	9.927045e+00
2.450000e-06	4.040379e-08	1.326834e-10	2.677624e-01	8.263067e+00
2.460000e-06	2.175768e-08	1.027007e-10	1.441917e-01	6.591040e+00
2.470000e-06	3.100513e-09	7.699125e-11	2.054760e-02	4.896749e+00
2.480000e-06	-1.559706e-08	5.673395e-11	-1.033642e-01	3.174504e+00
2.490000e-06	-3.427417e-08	3.465724e-11	-2.271405e-01	1.436711e+00
2.500000e-06	-5.288446e-08	5.646615e-12	-3.504739e-01	-2.886904e-01
2.510000e-06	-7.146612e-08	-2.557738e-11	-4.736175e-01	-1.973287e+00
2.520000e-06	-9.005890e-08	-4.979129e-11	-5.968349e-01	-3.606931e+00
2.530000e-06	-1.086578e-07	-6.821355e-11	-7.200930e-01	-5.207696e+00
2.540000e-06	-1.271681e-07	-8.940337e-11	-8.427638e-01	-6.815188e+00
2.550000e-06	-1.455789e-07	-1.171502e-10	-9.647747e-01	-8.469593e+00
2.560000e-06	-1.639648e-07	-1.452694e-10	-1.086621e+00	-1.018821e+01
2.570000e-06	-1.822867e-07	-1.677446e-10	-1.208043e+00	-1.195353e+01
2.580000e-06	-2.004921e-07	-1.894634e-10	-1.328693e+00	-1.372073e+01
2.590000e-06	-2.185476e-07	-2.170324e-10	-1.448350e+00	-1.544095e+01
2.600000e-06	-2.365308e-07	-2.466910e-10	-1.567528e+00	-1.708767e+01
2.610000e-06	-2.544835e-07	-2.708266e-10	-1.686503e+00	-1.867133e+01
2.620000e-06	-2.723415e-07	-2.896695e-10	-1.804851e+00	-2.023415e+01
2.630000e-06	-2.900597e-07	-3.110810e-10	-1.922272e+00	-2.182801e+01
2.640000e-06	-3.076788e-07	-3.389497e-10	-2.039037e+00	-2.348765e+01
2.650000e-06	-3.252621e-07	-3.677154e-10	-2.155565e+00	-2.521351e+01
2.660000e-06	-3.427675e-07	-3.919772e-10	-2.271576e+00	-2.697290e+01
2.670000e-06	-3.601576e-07	-4.149435e-10	-2.386822e+00	-2.871799e+01
2.680000e-06	-3.774675e-07	-4.415743e-10	-2.501538e+00	-3.041051e+01
2.690000e-06	-3.946903e-07	-4.714010e-10	-2.615676e+00	-3.203984e+01
2.700000e-06	-4.117941e-07	-4.973938e-10	-2.729026e+00	-3.362551e+01
2.710000e-06	-4.287805e-07	-5.169556e-10	-2.841598e+00	-3.520377e+01
2.720000e-06	-4.455818e-07	-5.376468e-10	-2.952942e+00	-3.680624e+01
2.730000e-06	-4.621977e-07	-5.655276e-10	-3.063059e+00	-3.844265e+01
2.740000e-06	-4.786511e-07	-5.965538e-10	-3.172098e+00	-4.009663e+01
2.750000e-06	-4.949744e-07	-6.207068e-10	-3.280275e+00	-4.173632e+01
2.760000e-06	-5.110971e-07	-6.394731e-10	-3.387123e+00	-4.333298e+01
2.770000e-06	-5.269417e-07	-6.624724e-10	-3.492128e+00	-4.487683e+01
2.780000e-06	-5.426490e-07	-6.908908e-10	-3.596222e+00	-4.638100e+01
2.790000e-06	-5.582476e-07	-7.182661e-10	-3.699597e+00	-4.787193e+01
2.800000e-06	-5.737257e-07	-7.398036e-10	-3.802173e+00	-4.937234e+01
2.810000e-06	-5.891270e-07	-7.591402e-10	-3.904240e+00	-5.088766e+01
2.820000e-06	-6.044198e-07	-7.838935e-10	-4.005588e+00	-5.240419e+01
2.830000e-06	-6.195444e-07	-8.117374e-10	-4.105821e+00	-5.389997e+01
2.840000e-06	-6.344695e-07	-8.342940e-10	-4.204732e+00	-5.536099e+01
2.850000e-06	-6.491313e-07	-8.508649e-10	-4.301898e+00	-5.679149e+01
2.860000e-06	-6.634357e-07	-8.698440e-10	-4.396695e+00	-5.821117e+01
2.870000e-06	-6.773484e-07	-8.959274e-10	-4.488897e+00	-5.964028e+01
2.880000e-06	-6.908235e-07	-9.224896e-10	-4.578199e+00	-6.108249e+01
2.890000e-06	-7.038929e-07	-9.435081e-10	-4.664812e+00	-6.251740e+01
2.900000e-06	-7.165469e-07	-9.613003e-10	-4.748672e+00	-6.390903e+01
2.910000e-06	-7.287872e-07	-9.816469e-10	-4.829791e+00	-6.522624e+01
2.920000e-06	-7.407515e-07	-1.004331e-09	-4.909080e+00	-6.646250e+01
2.930000e-06	-7.525076e-07	-1.023957e-09	-4.986989e+00	-6.764196e+01
2.940000e-06	-7.640310e-07	-1.040482e-09	-5.063357e+00	-6.880685e+01
2.950000e-06	-7.753052e-07	-1.058830e-09	-5.138073e+00	-6.999291e+01
2.960000e-06	-7.863258e-07	-1.080593e-09	-5.211108e+00	-7.120786e+01
2.970000e-06	-7.970406e-07	-1.102041e-09	-5.282117e+00	-7.242633e+01
2.980000e-06	-8.074307e-07	-1.119534e-09	-5.350974e+00	-7.360501e+01
2.990000e-06	-8.175335e-07	-1.133463e-09	-5.417927e+00	-7.470875e+01
3.000000e-06	-8.273403e-07	-1.150429e-09	-5.482917e+00	-7.573160e+01
3.010000e-06	-8.368619e-07	-1.169852e-09	-5.546019e+00	-7.669973e+01
3.020000e-06	-8.461539e-07	-1.185698e-09	-5.607599e+00	-7.765445e+01
3.030000e-06	-8.552095e-07	-1.198558e-09	-5.667611e+00	-7.862630e+01
3.040000e-06	-8.639920e-07	-1.212384e-09	-5.725815e+00	-7.961620e+01
3.050000e-06	-8.724044e-07	-1.229830e-09	-5.781565e+00	-8.059532e+01
3.060000e-06	-8.804764e-07	-1.245965e-09	-5.835059e+00	-8.152325e+01
3.070000e-06	-8.883141e-07	-1.258018e-09	-5.887001e+00	-8.237262e+01
3.080000e-06	-8.959259e-07	-1.268320e-09	-5.937445e+00	-8.314494e+01
3.090000e-06	-9.033479e-07	-1.281136e-09	-5.986632e+00	-8.386811e+01
3.100000e-06	-9.105767e-07	-1.296420e-09	-6.034539e+00	-8.457835e+01
3.110000e-06	-9.175625e-07	-1.310717e-09	-6.080835e+00	-8.529825e+01
3.120000e-06	-9.242220e-07	-1.320060e-09	-6.124968e+00	-8.602486e+01
3.130000e-06	-9.304444e-07	-1.329235e-09	-6.166205e+00	-8.673430e+01
3.140000e-06	-9.362027e-07	-1.341871e-09	-6.204366e+00	-8.739883e+01
3.150000e-06	-9.413843e-07	-1.352651e-09	-6.238706e+00	-8.800445e+01
3.160000e-06	-9.460002e-07	-1.358143e-09	-6.269296e+00	-8.855779e+01
3.170000e-06	-9.502282e-07	-1.362227e-09	-6.297316e+00	-8.907856e+01
3.180000e-06	-9.541481e-07	-1.372319e-09	-6.323294e+00	-8.958349e+01
3.190000e-06	-9.577904e-07	-1.384685e-09	-6.347431e+00	-9.007336e+01
3.200000e-06	-9.612038e-07	-1.393460e-09	-6.370053e+00	-9.053194e+01
3.210000e-06	-9.644481e-07	-1.397375e-09	-6.391553e+00	-9.093756e+01
3.220000e-06	-9.674474e-07	-1.400866e-09	-6.411430e+00	-9.127931e+01
3.230000e-06	-9.701149e-07	-1.406702e-09	-6.429108e+00	-9.156641e+01
3.240000e-06	-9.724366e-07	-1.411326e-09	-6.444494e+00	-9.182392e+01
3.250000e-06	-9.744177e-07	-1.412848e-09	-6.457624e+00	-9.207697e+01
3.260000e-06	-9.760897e-07	-1.414537e-09	-6.468704e+00	-9.233373e+01
3.270000e-06	-9.775092e-07	-1.419463e-09	-6.478111e+00	-9.257874e+01
3.280000e-06	-9.786503e-07	-1.426370e-09	-6.485674e+00	-9.278189e+01
3.290000e-06	-9.794038e-07	-1.431319e-09	-6.490667e+00	-9.291789e+01
3.300000e-06	-9.797429e-07	-1.431770e-09	-6.492914e+00	-9.298372e+01
