# Temperatura_=_20.0
# Concentracion g/m^3_=_10000.0
# C_Vs_to_Am_M_A/Vsm_=_65563218390.804596
# pendiente_HvsI_1/m_=_3716.3
# ordenada_HvsI_A/m_=_1297.0
# frecuencia_Hz_=_302322.27326512197

Tiempo_(s)	Campo_(V.s)	Magnetizacion_(V.s)	Campo_(kA/m)	Magnetizacion_(A/m)
0.000000e+00	-9.796526e-07	-1.425665e-09	-6.496371e+00	-9.327077e+01
1.000000e-08	-9.796561e-07	-1.427971e-09	-6.496394e+00	-9.319505e+01
2.000000e-08	-9.793748e-07	-1.428135e-09	-6.494528e+00	-9.317654e+01
3.000000e-08	-9.788529e-07	-1.426043e-09	-6.491067e+00	-9.324285e+01
4.000000e-08	-9.781238e-07	-1.431591e-09	-6.486233e+00	-9.334460e+01
5.000000e-08	-9.770979e-07	-1.425653e-09	-6.479430e+00	-9.338081e+01
6.000000e-08	-9.757158e-07	-1.413732e-09	-6.470265e+00	-9.326114e+01
7.000000e-08	-9.739660e-07	-1.403225e-09	-6.458661e+00	-9.296620e+01
8.000000e-08	-9.716861e-07	-1.393874e-09	-6.443543e+00	-9.256578e+01
9.000000e-08	-9.687909e-07	-1.405048e-09	-6.424344e+00	-9.218031e+01
1.000000e-07	-9.653754e-07	-1.417298e-09	-6.401695e+00	-9.190800e+01
1.100000e-07	-9.615268e-07	-1.417866e-09	-6.376173e+00	-9.176308e+01
1.200000e-07	-9.573517e-07	-1.421258e-09	-6.348487e+00	-9.166530e+01
1.300000e-07	-9.529255e-07	-1.407134e-09	-6.319135e+00	-9.148812e+01
1.400000e-07	-9.482756e-07	-1.391997e-09	-6.288300e+00	-9.113547e+01
1.500000e-07	-9.434072e-07	-1.382982e-09	-6.256017e+00	-9.059878e+01
1.600000e-07	-9.382561e-07	-1.361502e-09	-6.221858e+00	-8.995906e+01
1.700000e-07	-9.327871e-07	-1.355986e-09	-6.185591e+00	-8.933417e+01
1.800000e-07	-9.269621e-07	-1.363154e-09	-6.146964e+00	-8.880630e+01
1.900000e-07	-9.207801e-07	-1.356467e-09	-6.105969e+00	-8.837525e+01
2.000000e-07	-9.142982e-07	-1.340041e-09	-6.062986e+00	-8.796494e+01
2.100000e-07	-9.075429e-07	-1.343307e-09	-6.018189e+00	-8.747536e+01
2.200000e-07	-9.004497e-07	-1.340011e-09	-5.971153e+00	-8.684451e+01
2.300000e-07	-8.929894e-07	-1.314585e-09	-5.921681e+00	-8.608128e+01
2.400000e-07	-8.852196e-07	-1.295107e-09	-5.870158e+00	-8.525178e+01
2.500000e-07	-8.771815e-07	-1.294695e-09	-5.816854e+00	-8.443224e+01
2.600000e-07	-8.689631e-07	-1.289227e-09	-5.762356e+00	-8.366116e+01
2.700000e-07	-8.605743e-07	-1.268401e-09	-5.706727e+00	-8.292046e+01
2.800000e-07	-8.519928e-07	-1.256655e-09	-5.649820e+00	-8.215390e+01
2.900000e-07	-8.431716e-07	-1.253773e-09	-5.591325e+00	-8.130707e+01
3.000000e-07	-8.339543e-07	-1.233944e-09	-5.530201e+00	-8.036160e+01
3.100000e-07	-8.243020e-07	-1.204379e-09	-5.466194e+00	-7.934353e+01
3.200000e-07	-8.142931e-07	-1.199201e-09	-5.399823e+00	-7.830406e+01
3.300000e-07	-8.038017e-07	-1.198827e-09	-5.330251e+00	-7.728771e+01
3.400000e-07	-7.926952e-07	-1.174538e-09	-5.256600e+00	-7.630818e+01
3.500000e-07	-7.812004e-07	-1.149301e-09	-5.180375e+00	-7.534416e+01
3.600000e-07	-7.694686e-07	-1.147691e-09	-5.102577e+00	-7.435409e+01
3.700000e-07	-7.574521e-07	-1.137795e-09	-5.022893e+00	-7.329846e+01
3.800000e-07	-7.452164e-07	-1.103646e-09	-4.941754e+00	-7.215698e+01
3.900000e-07	-7.327451e-07	-1.080291e-09	-4.859053e+00	-7.093369e+01
4.000000e-07	-7.200101e-07	-1.076191e-09	-4.774604e+00	-6.965080e+01
4.100000e-07	-7.070547e-07	-1.058007e-09	-4.688692e+00	-6.833714e+01
4.200000e-07	-6.938368e-07	-1.027842e-09	-4.601041e+00	-6.701711e+01
4.300000e-07	-6.802652e-07	-1.012189e-09	-4.511043e+00	-6.570381e+01
4.400000e-07	-6.663974e-07	-9.971787e-10	-4.419081e+00	-6.439743e+01
4.500000e-07	-6.523039e-07	-9.696544e-10	-4.325623e+00	-6.308810e+01
4.600000e-07	-6.379562e-07	-9.482577e-10	-4.230479e+00	-6.176190e+01
4.700000e-07	-6.233989e-07	-9.349539e-10	-4.133946e+00	-6.040763e+01
4.800000e-07	-6.086368e-07	-9.101473e-10	-4.036054e+00	-5.902157e+01
4.900000e-07	-5.936251e-07	-8.828796e-10	-3.936507e+00	-5.760789e+01
5.000000e-07	-5.783619e-07	-8.688747e-10	-3.835291e+00	-5.617462e+01
5.100000e-07	-5.627652e-07	-8.521728e-10	-3.731865e+00	-5.472781e+01
5.200000e-07	-5.467952e-07	-8.209026e-10	-3.625963e+00	-5.326779e+01
5.300000e-07	-5.305999e-07	-7.936910e-10	-3.518568e+00	-5.179020e+01
5.400000e-07	-5.141919e-07	-7.785787e-10	-3.409761e+00	-5.029101e+01
5.500000e-07	-4.974877e-07	-7.579697e-10	-3.298991e+00	-4.877177e+01
5.600000e-07	-4.804650e-07	-7.295886e-10	-3.186108e+00	-4.724064e+01
5.700000e-07	-4.632287e-07	-7.060825e-10	-3.071808e+00	-4.570812e+01
5.800000e-07	-4.458355e-07	-6.852308e-10	-2.956469e+00	-4.418001e+01
5.900000e-07	-4.282289e-07	-6.605173e-10	-2.839715e+00	-4.265260e+01
6.000000e-07	-4.105196e-07	-6.369714e-10	-2.722279e+00	-4.111362e+01
6.100000e-07	-3.927533e-07	-6.143045e-10	-2.604465e+00	-3.954875e+01
6.200000e-07	-3.748812e-07	-5.875977e-10	-2.485950e+00	-3.794956e+01
6.300000e-07	-3.569163e-07	-5.613590e-10	-2.366819e+00	-3.631842e+01
6.400000e-07	-3.389168e-07	-5.392263e-10	-2.247459e+00	-3.466759e+01
6.500000e-07	-3.208795e-07	-5.155476e-10	-2.127848e+00	-3.301396e+01
6.600000e-07	-3.027448e-07	-4.882174e-10	-2.007592e+00	-3.137256e+01
6.700000e-07	-2.845291e-07	-4.622179e-10	-1.886798e+00	-2.975170e+01
6.800000e-07	-2.662382e-07	-4.391063e-10	-1.765505e+00	-2.815096e+01
6.900000e-07	-2.478967e-07	-4.155854e-10	-1.643877e+00	-2.656141e+01
7.000000e-07	-2.295105e-07	-3.898162e-10	-1.521953e+00	-2.496764e+01
7.100000e-07	-2.110657e-07	-3.633780e-10	-1.399640e+00	-2.335183e+01
7.200000e-07	-1.925717e-07	-3.371456e-10	-1.277001e+00	-2.170006e+01
7.300000e-07	-1.740048e-07	-3.108530e-10	-1.153878e+00	-2.000936e+01
7.400000e-07	-1.553674e-07	-2.852849e-10	-1.030288e+00	-1.829177e+01
7.500000e-07	-1.367125e-07	-2.593379e-10	-9.065813e-01	-1.657167e+01
7.600000e-07	-1.180708e-07	-2.327144e-10	-7.829627e-01	-1.487547e+01
7.700000e-07	-9.939366e-08	-2.073672e-10	-6.591093e-01	-1.321789e+01
7.800000e-07	-8.062419e-08	-1.814998e-10	-5.346432e-01	-1.159270e+01
7.900000e-07	-6.177990e-08	-1.548668e-10	-4.096811e-01	-9.974250e+00
8.000000e-07	-4.289675e-08	-1.284915e-10	-2.844612e-01	-8.330685e+00
8.100000e-07	-2.405543e-08	-1.011117e-10	-1.595188e-01	-6.641857e+00
8.200000e-07	-5.249010e-09	-7.320500e-11	-3.480776e-02	-4.911526e+00
8.300000e-07	1.357532e-08	-4.559186e-11	9.002206e-02	-3.166098e+00
8.400000e-07	3.238981e-08	-1.867809e-11	2.147866e-01	-1.440198e+00
8.500000e-07	5.122497e-08	8.257505e-12	3.396882e-01	2.425415e-01
8.600000e-07	7.006183e-08	3.493915e-11	4.646011e-01	1.882198e+00
8.700000e-07	8.886424e-08	6.023973e-11	5.892855e-01	3.501631e+00
8.800000e-07	1.076441e-07	8.535138e-11	7.138203e-01	5.133147e+00
8.900000e-07	1.263642e-07	1.120852e-10	8.379589e-01	6.801086e+00
9.000000e-07	1.450099e-07	1.397427e-10	9.616042e-01	8.510232e+00
9.100000e-07	1.636029e-07	1.665415e-10	1.084900e+00	1.024550e+01
9.200000e-07	1.821512e-07	1.922928e-10	1.207899e+00	1.198146e+01
9.300000e-07	2.006517e-07	2.196253e-10	1.330582e+00	1.369524e+01
9.400000e-07	2.190899e-07	2.486110e-10	1.452851e+00	1.537608e+01
9.500000e-07	2.374290e-07	2.758817e-10	1.574463e+00	1.702791e+01
9.600000e-07	2.556669e-07	3.005353e-10	1.695404e+00	1.866551e+01
9.700000e-07	2.738838e-07	3.251473e-10	1.816206e+00	2.030733e+01
9.800000e-07	2.920856e-07	3.509764e-10	1.936908e+00	2.196796e+01
9.900000e-07	3.102452e-07	3.768762e-10	2.057329e+00	2.365276e+01
1.000000e-06	3.283232e-07	4.021832e-10	2.177210e+00	2.535596e+01
1.010000e-06	3.463072e-07	4.274584e-10	2.296467e+00	2.706318e+01
1.020000e-06	3.642324e-07	4.537368e-10	2.415334e+00	2.875799e+01
1.030000e-06	3.820440e-07	4.802493e-10	2.533448e+00	3.043009e+01
1.040000e-06	3.997361e-07	5.049243e-10	2.650770e+00	3.208092e+01
1.050000e-06	4.173646e-07	5.288988e-10	2.767670e+00	3.372257e+01
1.060000e-06	4.349014e-07	5.546529e-10	2.883962e+00	3.536966e+01
1.070000e-06	4.522686e-07	5.803144e-10	2.999129e+00	3.702845e+01
1.080000e-06	4.694494e-07	6.053676e-10	3.113060e+00	3.869034e+01
1.090000e-06	4.863452e-07	6.276725e-10	3.225101e+00	4.033534e+01
1.100000e-06	5.029353e-07	6.501776e-10	3.335115e+00	4.194439e+01
1.110000e-06	5.193667e-07	6.752258e-10	3.444077e+00	4.351300e+01
1.120000e-06	5.355381e-07	7.006517e-10	3.551314e+00	4.505649e+01
1.130000e-06	5.513864e-07	7.243296e-10	3.656409e+00	4.660177e+01
1.140000e-06	5.669465e-07	7.463996e-10	3.759593e+00	4.816986e+01
1.150000e-06	5.821816e-07	7.686150e-10	3.860621e+00	4.976039e+01
1.160000e-06	5.971207e-07	7.926840e-10	3.959686e+00	5.134913e+01
1.170000e-06	6.118675e-07	8.178887e-10	4.057477e+00	5.290146e+01
1.180000e-06	6.264686e-07	8.390726e-10	4.154301e+00	5.439387e+01
1.190000e-06	6.408566e-07	8.583363e-10	4.249713e+00	5.582951e+01
1.200000e-06	6.550418e-07	8.789950e-10	4.343779e+00	5.723706e+01
1.210000e-06	6.690344e-07	9.016894e-10	4.436568e+00	5.865289e+01
1.220000e-06	6.827492e-07	9.240108e-10	4.527515e+00	6.009781e+01
1.230000e-06	6.961501e-07	9.454589e-10	4.616381e+00	6.156304e+01
1.240000e-06	7.092668e-07	9.673583e-10	4.703361e+00	6.301468e+01
1.250000e-06	7.221427e-07	9.896844e-10	4.788745e+00	6.441362e+01
1.260000e-06	7.347977e-07	1.009908e-09	4.872665e+00	6.573821e+01
1.270000e-06	7.472575e-07	1.025766e-09	4.955289e+00	6.699588e+01
1.280000e-06	7.595303e-07	1.041960e-09	5.036673e+00	6.821700e+01
1.290000e-06	7.714872e-07	1.061522e-09	5.115964e+00	6.943593e+01
1.300000e-06	7.830927e-07	1.081737e-09	5.192923e+00	7.067109e+01
1.310000e-06	7.943079e-07	1.100183e-09	5.267294e+00	7.191561e+01
1.320000e-06	8.049950e-07	1.117097e-09	5.338163e+00	7.314281e+01
1.330000e-06	8.152026e-07	1.134184e-09	5.405853e+00	7.432168e+01
1.340000e-06	8.250215e-07	1.151738e-09	5.470966e+00	7.543288e+01
1.350000e-06	8.344418e-07	1.167706e-09	5.533434e+00	7.647682e+01
1.360000e-06	8.434783e-07	1.181291e-09	5.593358e+00	7.747101e+01
1.370000e-06	8.522425e-07	1.194262e-09	5.651476e+00	7.843964e+01
1.380000e-06	8.607959e-07	1.209197e-09	5.708196e+00	7.940163e+01
1.390000e-06	8.691532e-07	1.225881e-09	5.763616e+00	8.036270e+01
1.400000e-06	8.773272e-07	1.241505e-09	5.817820e+00	8.131443e+01
1.410000e-06	8.852617e-07	1.255213e-09	5.870436e+00	8.223955e+01
1.420000e-06	8.928903e-07	1.269031e-09	5.921024e+00	8.312059e+01
1.430000e-06	9.001795e-07	1.282702e-09	5.969361e+00	8.394744e+01
1.440000e-06	9.071379e-07	1.294246e-09	6.015504e+00	8.472041e+01
1.450000e-06	9.138175e-07	1.303269e-09	6.059798e+00	8.544735e+01
1.460000e-06	9.202302e-07	1.310543e-09	6.102323e+00	8.613711e+01
1.470000e-06	9.263281e-07	1.319395e-09	6.142760e+00	8.679359e+01
1.480000e-06	9.321148e-07	1.330900e-09	6.181133e+00	8.741484e+01
1.490000e-06	9.375454e-07	1.341822e-09	6.217145e+00	8.799813e+01
1.500000e-06	9.426578e-07	1.349740e-09	6.251047e+00	8.854696e+01
1.510000e-06	9.475233e-07	1.356749e-09	6.283312e+00	8.907356e+01
1.520000e-06	9.521311e-07	1.364889e-09	6.313868e+00	8.959280e+01
1.530000e-06	9.565410e-07	1.372576e-09	6.343111e+00	9.011010e+01
1.540000e-06	9.607453e-07	1.379476e-09	6.370991e+00	9.061205e+01
1.550000e-06	9.646621e-07	1.385141e-09	6.396964e+00	9.106901e+01
1.560000e-06	9.681962e-07	1.390048e-09	6.420400e+00	9.145174e+01
1.570000e-06	9.712893e-07	1.396858e-09	6.440911e+00	9.175294e+01
1.580000e-06	9.738304e-07	1.402412e-09	6.457762e+00	9.199838e+01
1.590000e-06	9.757719e-07	1.405416e-09	6.470637e+00	9.223624e+01
1.600000e-06	9.772249e-07	1.408770e-09	6.480272e+00	9.250777e+01
1.610000e-06	9.783034e-07	1.413198e-09	6.487424e+00	9.281660e+01
1.620000e-06	9.791121e-07	1.418266e-09	6.492787e+00	9.311913e+01
1.630000e-06	9.797194e-07	1.421708e-09	6.496814e+00	9.334651e+01
1.640000e-06	9.800939e-07	1.422572e-09	6.499297e+00	9.344800e+01
1.650000e-06	9.801727e-07	1.421514e-09	6.499820e+00	9.342809e+01
1.660000e-06	9.799516e-07	1.417667e-09	6.498354e+00	9.335056e+01
1.670000e-06	9.793906e-07	1.417166e-09	6.494634e+00	9.330225e+01
1.680000e-06	9.784286e-07	1.418865e-09	6.488254e+00	9.333679e+01
1.690000e-06	9.770970e-07	1.413709e-09	6.479424e+00	9.343483e+01
1.700000e-06	9.755115e-07	1.420151e-09	6.468910e+00	9.350963e+01
1.710000e-06	9.736885e-07	1.427530e-09	6.456821e+00	9.345835e+01
1.720000e-06	9.715234e-07	1.438904e-09	6.442463e+00	9.322851e+01
1.730000e-06	9.690046e-07	1.437802e-09	6.425761e+00	9.285643e+01
1.740000e-06	9.661648e-07	1.400221e-09	6.406929e+00	9.245033e+01
1.750000e-06	9.630266e-07	1.400541e-09	6.386119e+00	9.212622e+01
1.760000e-06	9.596432e-07	1.389337e-09	6.363682e+00	9.193600e+01
1.770000e-06	9.560611e-07	1.372136e-09	6.339928e+00	9.183375e+01
1.780000e-06	9.522880e-07	1.387597e-09	6.314908e+00	9.170252e+01
1.790000e-06	9.481908e-07	1.382561e-09	6.287738e+00	9.142529e+01
1.800000e-06	9.436433e-07	1.384872e-09	6.257582e+00	9.095542e+01
1.810000e-06	9.386695e-07	1.385129e-09	6.224600e+00	9.034244e+01
1.820000e-06	9.332167e-07	1.374012e-09	6.188440e+00	8.969834e+01
1.830000e-06	9.272120e-07	1.357169e-09	6.148621e+00	8.912725e+01
1.840000e-06	9.206727e-07	1.351488e-09	6.105258e+00	8.866373e+01
1.850000e-06	9.137303e-07	1.344985e-09	6.059220e+00	8.825725e+01
1.860000e-06	9.065391e-07	1.326608e-09	6.011533e+00	8.780941e+01
1.870000e-06	8.990961e-07	1.315896e-09	5.962177e+00	8.723702e+01
1.880000e-06	8.914187e-07	1.317763e-09	5.911265e+00	8.652016e+01
1.890000e-06	8.835594e-07	1.312944e-09	5.859148e+00	8.570685e+01
1.900000e-06	8.754524e-07	1.289751e-09	5.805388e+00	8.487579e+01
1.910000e-06	8.670198e-07	1.272505e-09	5.749469e+00	8.408464e+01
1.920000e-06	8.583117e-07	1.268182e-09	5.691723e+00	8.333728e+01
1.930000e-06	8.493243e-07	1.254977e-09	5.632125e+00	8.258832e+01
1.940000e-06	8.400057e-07	1.235367e-09	5.570330e+00	8.177764e+01
1.950000e-06	8.303969e-07	1.232807e-09	5.506612e+00	8.087000e+01
1.960000e-06	8.205109e-07	1.224858e-09	5.441054e+00	7.987496e+01
1.970000e-06	8.103644e-07	1.194674e-09	5.373770e+00	7.883742e+01
1.980000e-06	7.999627e-07	1.170982e-09	5.304793e+00	7.780822e+01
1.990000e-06	7.892193e-07	1.171996e-09	5.233550e+00	7.681490e+01
2.000000e-06	7.781453e-07	1.158626e-09	5.160115e+00	7.584900e+01
2.010000e-06	7.668150e-07	1.125236e-09	5.084981e+00	7.487438e+01
2.020000e-06	7.552422e-07	1.113360e-09	5.008238e+00	7.384815e+01
2.030000e-06	7.433830e-07	1.120894e-09	4.929596e+00	7.274113e+01
2.040000e-06	7.312445e-07	1.098692e-09	4.849102e+00	7.154801e+01
2.050000e-06	7.188299e-07	1.056238e-09	4.766777e+00	7.028509e+01
2.060000e-06	7.059866e-07	1.041751e-09	4.681609e+00	6.898006e+01
2.070000e-06	6.926594e-07	1.035639e-09	4.593233e+00	6.766015e+01
2.080000e-06	6.789191e-07	1.006316e-09	4.502117e+00	6.634339e+01
2.090000e-06	6.648866e-07	9.778841e-10	4.409063e+00	6.503493e+01
2.100000e-06	6.505278e-07	9.693543e-10	4.313846e+00	6.372825e+01
2.110000e-06	6.357664e-07	9.504903e-10	4.215958e+00	6.241021e+01
2.120000e-06	6.207364e-07	9.220614e-10	4.116290e+00	6.106779e+01
2.130000e-06	6.055539e-07	9.084679e-10	4.015610e+00	5.969402e+01
2.140000e-06	5.902224e-07	8.910669e-10	3.913942e+00	5.829021e+01
2.150000e-06	5.747495e-07	8.561563e-10	3.811337e+00	5.686359e+01
2.160000e-06	5.592166e-07	8.323421e-10	3.708334e+00	5.542161e+01
2.170000e-06	5.436042e-07	8.248281e-10	3.604803e+00	5.396703e+01
2.180000e-06	5.277728e-07	8.005686e-10	3.499820e+00	5.249688e+01
2.190000e-06	5.117893e-07	7.646583e-10	3.393829e+00	5.100629e+01
2.200000e-06	4.956758e-07	7.450524e-10	3.286975e+00	4.949418e+01
2.210000e-06	4.792962e-07	7.311283e-10	3.178357e+00	4.796635e+01
2.220000e-06	4.626566e-07	7.035126e-10	3.068015e+00	4.643318e+01
2.230000e-06	4.458873e-07	6.747956e-10	2.956813e+00	4.490310e+01
2.240000e-06	4.290281e-07	6.539019e-10	2.845014e+00	4.337641e+01
2.250000e-06	4.119707e-07	6.305872e-10	2.731902e+00	4.184366e+01
2.260000e-06	3.947742e-07	6.070234e-10	2.617866e+00	4.029035e+01
2.270000e-06	3.774685e-07	5.861734e-10	2.503107e+00	3.870491e+01
2.280000e-06	3.600863e-07	5.599607e-10	2.387841e+00	3.708523e+01
2.290000e-06	3.426409e-07	5.298204e-10	2.272155e+00	3.544012e+01
2.300000e-06	3.250807e-07	5.069615e-10	2.155708e+00	3.378547e+01
2.310000e-06	3.074485e-07	4.869784e-10	2.038783e+00	3.213773e+01
2.320000e-06	2.897437e-07	4.596511e-10	1.921378e+00	3.050826e+01
2.330000e-06	2.719633e-07	4.312928e-10	1.803470e+00	2.890013e+01
2.340000e-06	2.541108e-07	4.083155e-10	1.685085e+00	2.730764e+01
2.350000e-06	2.361446e-07	3.868509e-10	1.565946e+00	2.571754e+01
2.360000e-06	2.180516e-07	3.625766e-10	1.445966e+00	2.411233e+01
2.370000e-06	1.999084e-07	3.370167e-10	1.325653e+00	2.247569e+01
2.380000e-06	1.817193e-07	3.108389e-10	1.205036e+00	2.079961e+01
2.390000e-06	1.633992e-07	2.864140e-10	1.083549e+00	1.909010e+01
2.400000e-06	1.449473e-07	2.628954e-10	9.611890e-01	1.736756e+01
2.410000e-06	1.264413e-07	2.354908e-10	8.384700e-01	1.565918e+01
2.420000e-06	1.079289e-07	2.075553e-10	7.157088e-01	1.398581e+01
2.430000e-06	8.935942e-08	1.837711e-10	5.925692e-01	1.234997e+01
2.440000e-06	7.068989e-08	1.622696e-10	4.687659e-01	1.073262e+01
2.450000e-06	5.203708e-08	1.383485e-10	3.450735e-01	9.102261e+00
2.460000e-06	3.338801e-08	1.124261e-10	2.214059e-01	7.432129e+00
2.470000e-06	1.468822e-08	8.740985e-11	9.740198e-02	5.715906e+00
2.480000e-06	-4.007483e-09	6.245179e-11	-2.657482e-02	3.972208e+00
2.490000e-06	-2.271903e-08	3.606119e-11	-1.506567e-01	2.234712e+00
2.500000e-06	-4.138522e-08	9.119014e-12	-2.744378e-01	5.334769e-01
2.510000e-06	-5.998243e-08	-1.643669e-11	-3.977615e-01	-1.121545e+00
2.520000e-06	-7.856779e-08	-4.041183e-11	-5.210066e-01	-2.745297e+00
2.530000e-06	-9.711655e-08	-6.287140e-11	-6.440090e-01	-4.368459e+00
2.540000e-06	-1.155887e-07	-8.484011e-11	-7.665037e-01	-6.020397e+00
2.550000e-06	-1.339951e-07	-1.095995e-10	-8.885620e-01	-7.714279e+00
2.560000e-06	-1.523645e-07	-1.369394e-10	-1.010375e+00	-9.442130e+00
2.570000e-06	-1.706928e-07	-1.642415e-10	-1.131915e+00	-1.118106e+01
2.580000e-06	-1.889836e-07	-1.885943e-10	-1.253207e+00	-1.290573e+01
2.590000e-06	-2.071472e-07	-2.119080e-10	-1.373655e+00	-1.459993e+01
2.600000e-06	-2.251422e-07	-2.366737e-10	-1.492986e+00	-1.626195e+01
2.610000e-06	-2.430739e-07	-2.616533e-10	-1.611896e+00	-1.790307e+01
2.620000e-06	-2.609533e-07	-2.860079e-10	-1.730460e+00	-1.954122e+01
2.630000e-06	-2.787279e-07	-3.102067e-10	-1.848329e+00	-2.119332e+01
2.640000e-06	-2.964180e-07	-3.352428e-10	-1.965637e+00	-2.286880e+01
2.650000e-06	-3.140611e-07	-3.619478e-10	-2.082634e+00	-2.456622e+01
2.660000e-06	-3.316113e-07	-3.892627e-10	-2.199014e+00	-2.627399e+01
2.670000e-06	-3.490754e-07	-4.147144e-10	-2.314824e+00	-2.797551e+01
2.680000e-06	-3.664601e-07	-4.387998e-10	-2.430107e+00	-2.965717e+01
2.690000e-06	-3.837510e-07	-4.638021e-10	-2.544768e+00	-3.131548e+01
2.700000e-06	-4.009593e-07	-4.906148e-10	-2.658881e+00	-3.295898e+01
2.710000e-06	-4.180584e-07	-5.160030e-10	-2.772271e+00	-3.460260e+01
2.720000e-06	-4.349774e-07	-5.383943e-10	-2.884466e+00	-3.625706e+01
2.730000e-06	-4.517318e-07	-5.623139e-10	-2.995569e+00	-3.791978e+01
2.740000e-06	-4.683430e-07	-5.891566e-10	-3.105723e+00	-3.957417e+01
2.750000e-06	-4.847648e-07	-6.158658e-10	-3.214621e+00	-4.119903e+01
2.760000e-06	-5.009636e-07	-6.397926e-10	-3.322041e+00	-4.278285e+01
2.770000e-06	-5.169383e-07	-6.627566e-10	-3.427973e+00	-4.433341e+01
2.780000e-06	-5.327787e-07	-6.875374e-10	-3.533015e+00	-4.587483e+01
2.790000e-06	-5.484910e-07	-7.131580e-10	-3.637209e+00	-4.743268e+01
2.800000e-06	-5.640573e-07	-7.374803e-10	-3.740434e+00	-4.901620e+01
2.810000e-06	-5.795374e-07	-7.593210e-10	-3.843087e+00	-5.060974e+01
2.820000e-06	-5.949276e-07	-7.812588e-10	-3.945143e+00	-5.218037e+01
2.830000e-06	-6.101700e-07	-8.061192e-10	-4.046221e+00	-5.369770e+01
2.840000e-06	-6.252697e-07	-8.316661e-10	-4.146351e+00	-5.515349e+01
2.850000e-06	-6.401728e-07	-8.537150e-10	-4.245178e+00	-5.656772e+01
2.860000e-06	-6.547143e-07	-8.731989e-10	-4.341608e+00	-5.797658e+01
2.870000e-06	-6.688435e-07	-8.942598e-10	-4.435302e+00	-5.940947e+01
2.880000e-06	-6.825431e-07	-9.179506e-10	-4.526148e+00	-6.086978e+01
2.890000e-06	-6.958810e-07	-9.411792e-10	-4.614596e+00	-6.233178e+01
2.900000e-06	-7.088361e-07	-9.620527e-10	-4.700505e+00	-6.375550e+01
2.910000e-06	-7.213529e-07	-9.810991e-10	-4.783508e+00	-6.511018e+01
2.920000e-06	-7.335004e-07	-1.001397e-09	-4.864062e+00	-6.639155e+01
2.930000e-06	-7.453654e-07	-1.022978e-09	-4.942742e+00	-6.762275e+01
2.940000e-06	-7.570532e-07	-1.043167e-09	-5.020247e+00	-6.883921e+01
2.950000e-06	-7.685177e-07	-1.061909e-09	-5.096272e+00	-7.006747e+01
2.960000e-06	-7.796850e-07	-1.081170e-09	-5.170326e+00	-7.131078e+01
2.970000e-06	-7.905639e-07	-1.101253e-09	-5.242467e+00	-7.254873e+01
2.980000e-06	-8.011634e-07	-1.120045e-09	-5.312755e+00	-7.374993e+01
2.990000e-06	-8.114397e-07	-1.137736e-09	-5.380901e+00	-7.488891e+01
3.000000e-06	-8.213944e-07	-1.153386e-09	-5.446913e+00	-7.595805e+01
3.010000e-06	-8.310770e-07	-1.171293e-09	-5.511121e+00	-7.696909e+01
3.020000e-06	-8.405264e-07	-1.188904e-09	-5.573783e+00	-7.794507e+01
3.030000e-06	-8.497547e-07	-1.202477e-09	-5.634979e+00	-7.890825e+01
3.040000e-06	-8.587306e-07	-1.215817e-09	-5.694501e+00	-7.987006e+01
3.050000e-06	-8.673754e-07	-1.229878e-09	-5.751827e+00	-8.082730e+01
3.060000e-06	-8.756666e-07	-1.245005e-09	-5.806808e+00	-8.176524e+01
3.070000e-06	-8.836778e-07	-1.258970e-09	-5.859933e+00	-8.266544e+01
3.080000e-06	-8.914425e-07	-1.271588e-09	-5.911423e+00	-8.351422e+01
3.090000e-06	-8.989877e-07	-1.283100e-09	-5.961457e+00	-8.430780e+01
3.100000e-06	-9.063618e-07	-1.297217e-09	-6.010358e+00	-8.505176e+01
3.110000e-06	-9.135515e-07	-1.311488e-09	-6.058035e+00	-8.575540e+01
3.120000e-06	-9.204687e-07	-1.322828e-09	-6.103904e+00	-8.642502e+01
3.130000e-06	-9.269651e-07	-1.331246e-09	-6.146984e+00	-8.706065e+01
3.140000e-06	-9.330001e-07	-1.338771e-09	-6.187004e+00	-8.765901e+01
3.150000e-06	-9.385459e-07	-1.348236e-09	-6.223780e+00	-8.822046e+01
3.160000e-06	-9.435386e-07	-1.356845e-09	-6.256888e+00	-8.875402e+01
3.170000e-06	-9.480458e-07	-1.363535e-09	-6.286777e+00	-8.927479e+01
3.180000e-06	-9.521835e-07	-1.370378e-09	-6.314215e+00	-8.979341e+01
3.190000e-06	-9.559713e-07	-1.379441e-09	-6.339333e+00	-9.030436e+01
3.200000e-06	-9.594741e-07	-1.387608e-09	-6.362561e+00	-9.078309e+01
3.210000e-06	-9.628061e-07	-1.393054e-09	-6.384657e+00	-9.119760e+01
3.220000e-06	-9.659163e-07	-1.395726e-09	-6.405281e+00	-9.152971e+01
3.230000e-06	-9.687112e-07	-1.398819e-09	-6.423815e+00	-9.179213e+01
3.240000e-06	-9.712030e-07	-1.403284e-09	-6.440339e+00	-9.202699e+01
3.250000e-06	-9.733818e-07	-1.407251e-09	-6.454787e+00	-9.228234e+01
3.260000e-06	-9.752160e-07	-1.410765e-09	-6.466950e+00	-9.257935e+01
3.270000e-06	-9.767397e-07	-1.415235e-09	-6.477055e+00	-9.289211e+01
3.280000e-06	-9.779577e-07	-1.421039e-09	-6.485132e+00	-9.315720e+01
3.290000e-06	-9.788584e-07	-1.425364e-09	-6.491104e+00	-9.331130e+01
3.300000e-06	-9.794042e-07	-1.426339e-09	-6.494723e+00	-9.333444e+01
