# Temperatura_=_20.0
# Concentracion g/m^3_=_10000.0
# C_Vs_to_Am_M_A/Vsm_=_65563218390.804596
# pendiente_HvsI_1/m_=_3716.3
# ordenada_HvsI_A/m_=_1297.0
# frecuencia_Hz_=_301270.4144662169

Tiempo_(s)	Campo_(V.s)	Magnetizacion_(V.s)	Campo_(kA/m)	Magnetizacion_(A/m)
0.000000e+00	-7.101293e-06	-4.269665e-10	-4.955504e+01	-2.847582e+01
1.000000e-08	-7.098684e-06	-4.367761e-10	-4.953683e+01	-2.869192e+01
2.000000e-08	-7.093677e-06	-4.428173e-10	-4.950189e+01	-2.892536e+01
3.000000e-08	-7.086487e-06	-4.463065e-10	-4.945172e+01	-2.906163e+01
4.000000e-08	-7.076943e-06	-4.456556e-10	-4.938512e+01	-2.902647e+01
5.000000e-08	-7.064838e-06	-4.373255e-10	-4.930065e+01	-2.882683e+01
6.000000e-08	-7.050159e-06	-4.267053e-10	-4.919821e+01	-2.855015e+01
7.000000e-08	-7.032950e-06	-4.185823e-10	-4.907812e+01	-2.832102e+01
8.000000e-08	-7.013427e-06	-4.291212e-10	-4.894188e+01	-2.823673e+01
9.000000e-08	-6.991486e-06	-4.670150e-10	-4.878877e+01	-2.831538e+01
1.000000e-07	-6.966718e-06	-4.523713e-10	-4.861593e+01	-2.848438e+01
1.100000e-07	-6.939105e-06	-4.228917e-10	-4.842324e+01	-2.861642e+01
1.200000e-07	-6.909074e-06	-4.351209e-10	-4.821368e+01	-2.859480e+01
1.300000e-07	-6.876975e-06	-4.351024e-10	-4.798968e+01	-2.837428e+01
1.400000e-07	-6.842855e-06	-3.935661e-10	-4.775158e+01	-2.800500e+01
1.500000e-07	-6.806665e-06	-4.266534e-10	-4.749903e+01	-2.760621e+01
1.600000e-07	-6.768272e-06	-4.281926e-10	-4.723112e+01	-2.730310e+01
1.700000e-07	-6.727631e-06	-3.718664e-10	-4.694751e+01	-2.716008e+01
1.800000e-07	-6.684540e-06	-4.439613e-10	-4.664681e+01	-2.714659e+01
1.900000e-07	-6.638895e-06	-4.327761e-10	-4.632828e+01	-2.715456e+01
2.000000e-07	-6.590835e-06	-4.160611e-10	-4.599291e+01	-2.705872e+01
2.100000e-07	-6.540133e-06	-4.252061e-10	-4.563909e+01	-2.678688e+01
2.200000e-07	-6.486762e-06	-3.854539e-10	-4.526665e+01	-2.636100e+01
2.300000e-07	-6.430909e-06	-4.015954e-10	-4.487689e+01	-2.588496e+01
2.400000e-07	-6.372552e-06	-3.904489e-10	-4.446966e+01	-2.548470e+01
2.500000e-07	-6.311903e-06	-3.910502e-10	-4.404643e+01	-2.523421e+01
2.600000e-07	-6.249099e-06	-4.045880e-10	-4.360816e+01	-2.511006e+01
2.700000e-07	-6.184038e-06	-3.903181e-10	-4.315415e+01	-2.500245e+01
2.800000e-07	-6.116685e-06	-3.904573e-10	-4.268414e+01	-2.477836e+01
2.900000e-07	-6.047087e-06	-3.738376e-10	-4.219846e+01	-2.436130e+01
3.000000e-07	-5.975308e-06	-3.635450e-10	-4.169757e+01	-2.378084e+01
3.100000e-07	-5.901232e-06	-3.415609e-10	-4.118064e+01	-2.316108e+01
3.200000e-07	-5.824782e-06	-3.462694e-10	-4.064715e+01	-2.265276e+01
3.300000e-07	-5.745962e-06	-3.637813e-10	-4.009712e+01	-2.234715e+01
3.400000e-07	-5.665008e-06	-3.495772e-10	-3.953220e+01	-2.222244e+01
3.500000e-07	-5.582174e-06	-3.540205e-10	-3.895416e+01	-2.215468e+01
3.600000e-07	-5.497527e-06	-3.401983e-10	-3.836346e+01	-2.198777e+01
3.700000e-07	-5.411079e-06	-3.275983e-10	-3.776020e+01	-2.162183e+01
3.800000e-07	-5.322708e-06	-3.139362e-10	-3.714352e+01	-2.106796e+01
3.900000e-07	-5.232338e-06	-3.032713e-10	-3.651289e+01	-2.043810e+01
4.000000e-07	-5.140077e-06	-3.010720e-10	-3.586906e+01	-1.987733e+01
4.100000e-07	-5.046105e-06	-3.031900e-10	-3.521330e+01	-1.948008e+01
4.200000e-07	-4.950408e-06	-3.117389e-10	-3.454550e+01	-1.923993e+01
4.300000e-07	-4.852821e-06	-3.050642e-10	-3.386450e+01	-1.906047e+01
4.400000e-07	-4.753343e-06	-2.948202e-10	-3.317031e+01	-1.881709e+01
4.500000e-07	-4.652148e-06	-2.774536e-10	-3.246414e+01	-1.842980e+01
4.600000e-07	-4.549395e-06	-2.665097e-10	-3.174710e+01	-1.790343e+01
4.700000e-07	-4.445069e-06	-2.608559e-10	-3.101908e+01	-1.731479e+01
4.800000e-07	-4.339126e-06	-2.552932e-10	-3.027978e+01	-1.675999e+01
4.900000e-07	-4.231512e-06	-2.530087e-10	-2.952881e+01	-1.629794e+01
5.000000e-07	-4.122332e-06	-2.510416e-10	-2.876692e+01	-1.592433e+01
5.100000e-07	-4.011790e-06	-2.477443e-10	-2.799553e+01	-1.558742e+01
5.200000e-07	-3.899819e-06	-2.382163e-10	-2.721416e+01	-1.522930e+01
5.300000e-07	-3.786345e-06	-2.279482e-10	-2.642230e+01	-1.482258e+01
5.400000e-07	-3.671298e-06	-2.158763e-10	-2.561946e+01	-1.437958e+01
5.500000e-07	-3.554712e-06	-2.083930e-10	-2.480589e+01	-1.393251e+01
5.600000e-07	-3.436796e-06	-2.046696e-10	-2.398304e+01	-1.350335e+01
5.700000e-07	-3.317736e-06	-1.998580e-10	-2.315220e+01	-1.308648e+01
5.800000e-07	-3.197505e-06	-1.923837e-10	-2.231319e+01	-1.265573e+01
5.900000e-07	-3.076008e-06	-1.837450e-10	-2.146534e+01	-1.218856e+01
6.000000e-07	-2.953380e-06	-1.762378e-10	-2.060961e+01	-1.168772e+01
6.100000e-07	-2.829699e-06	-1.706042e-10	-1.974653e+01	-1.118394e+01
6.200000e-07	-2.705012e-06	-1.663640e-10	-1.887642e+01	-1.071708e+01
6.300000e-07	-2.579434e-06	-1.598182e-10	-1.800010e+01	-1.030906e+01
6.400000e-07	-2.452997e-06	-1.540240e-10	-1.711778e+01	-9.946986e+00
6.500000e-07	-2.325740e-06	-1.485148e-10	-1.622974e+01	-9.587839e+00
6.600000e-07	-2.197658e-06	-1.395132e-10	-1.533594e+01	-9.181663e+00
6.700000e-07	-2.068703e-06	-1.268667e-10	-1.443605e+01	-8.698677e+00
6.800000e-07	-1.938987e-06	-1.152645e-10	-1.353086e+01	-8.144507e+00
6.900000e-07	-1.808627e-06	-1.076315e-10	-1.262116e+01	-7.556059e+00
7.000000e-07	-1.677595e-06	-1.033649e-10	-1.170679e+01	-6.982173e+00
7.100000e-07	-1.545897e-06	-9.983262e-11	-1.078775e+01	-6.460639e+00
7.200000e-07	-1.413644e-06	-9.555229e-11	-9.864853e+00	-6.002834e+00
7.300000e-07	-1.280859e-06	-9.025047e-11	-8.938236e+00	-5.591223e+00
7.400000e-07	-1.147605e-06	-8.328195e-11	-8.008346e+00	-5.188160e+00
7.500000e-07	-1.013983e-06	-7.476413e-11	-7.075888e+00	-4.750586e+00
7.600000e-07	-8.800659e-07	-6.359374e-11	-6.141375e+00	-4.245085e+00
7.700000e-07	-7.459405e-07	-5.180219e-11	-5.205406e+00	-3.659236e+00
7.800000e-07	-6.115732e-07	-4.129958e-11	-4.267748e+00	-3.006474e+00
7.900000e-07	-4.770597e-07	-3.317912e-11	-3.329071e+00	-2.322596e+00
8.000000e-07	-3.424605e-07	-2.708401e-11	-2.389796e+00	-1.653816e+00
8.100000e-07	-2.077114e-07	-1.877848e-11	-1.449475e+00	-1.039593e+00
8.200000e-07	-7.280696e-08	-8.417998e-12	-5.080697e-01	-4.968198e-01
8.300000e-07	6.213940e-08	3.650617e-13	4.336281e-01	-1.286480e-02
8.400000e-07	1.970314e-07	7.921863e-12	1.374947e+00	4.484925e-01
8.500000e-07	3.318061e-07	1.622102e-11	2.315447e+00	9.306251e-01
8.600000e-07	4.664165e-07	2.633380e-11	3.254800e+00	1.465226e+00
8.700000e-07	6.008736e-07	3.679388e-11	4.193083e+00	2.060352e+00
8.800000e-07	7.351659e-07	4.513872e-11	5.130217e+00	2.700353e+00
8.900000e-07	8.692674e-07	5.138240e-11	6.066019e+00	3.355839e+00
9.000000e-07	1.003165e-06	5.882739e-11	7.000400e+00	3.996974e+00
9.100000e-07	1.136738e-06	6.989479e-11	7.932516e+00	4.603360e+00
9.200000e-07	1.269886e-06	7.998073e-11	8.861660e+00	5.167811e+00
9.300000e-07	1.402582e-06	8.634928e-11	9.787656e+00	5.695695e+00
9.400000e-07	1.534704e-06	9.371284e-11	1.070964e+01	6.202849e+00
9.500000e-07	1.666255e-06	1.057327e-10	1.162765e+01	6.712985e+00
9.600000e-07	1.797291e-06	1.195001e-10	1.254205e+01	7.252837e+00
9.700000e-07	1.927709e-06	1.289135e-10	1.345216e+01	7.843365e+00
9.800000e-07	2.057415e-06	1.329987e-10	1.435728e+01	8.489006e+00
9.900000e-07	2.186360e-06	1.376563e-10	1.525710e+01	9.171039e+00
1.000000e-06	2.314451e-06	1.488600e-10	1.615096e+01	9.851570e+00
1.010000e-06	2.441616e-06	1.624041e-10	1.703836e+01	1.048933e+01
1.020000e-06	2.567944e-06	1.710203e-10	1.791991e+01	1.106035e+01
1.030000e-06	2.693474e-06	1.771007e-10	1.879590e+01	1.157143e+01
1.040000e-06	2.818109e-06	1.860539e-10	1.966564e+01	1.205710e+01
1.050000e-06	2.941744e-06	1.990745e-10	2.052841e+01	1.256026e+01
1.060000e-06	3.064323e-06	2.110157e-10	2.138380e+01	1.310758e+01
1.070000e-06	3.185806e-06	2.153863e-10	2.223155e+01	1.369495e+01
1.080000e-06	3.306067e-06	2.194321e-10	2.307076e+01	1.429188e+01
1.090000e-06	3.425061e-06	2.282248e-10	2.390114e+01	1.486180e+01
1.100000e-06	3.542813e-06	2.401794e-10	2.472286e+01	1.538434e+01
1.110000e-06	3.659253e-06	2.508243e-10	2.553541e+01	1.586484e+01
1.120000e-06	3.774280e-06	2.573964e-10	2.633811e+01	1.632567e+01
1.130000e-06	3.887789e-06	2.627752e-10	2.713020e+01	1.678656e+01
1.140000e-06	3.999726e-06	2.712302e-10	2.791134e+01	1.724912e+01
1.150000e-06	4.110248e-06	2.797830e-10	2.868259e+01	1.769660e+01
1.160000e-06	4.219429e-06	2.820181e-10	2.944449e+01	1.810859e+01
1.170000e-06	4.327171e-06	2.829542e-10	3.019635e+01	1.847871e+01
1.180000e-06	4.433407e-06	2.891900e-10	3.093770e+01	1.882141e+01
1.190000e-06	4.537952e-06	2.994967e-10	3.166724e+01	1.916192e+01
1.200000e-06	4.640788e-06	3.059193e-10	3.238487e+01	1.951696e+01
1.210000e-06	4.742050e-06	3.085128e-10	3.309151e+01	1.988104e+01
1.220000e-06	4.841620e-06	3.103991e-10	3.378634e+01	2.022984e+01
1.230000e-06	4.939326e-06	3.157477e-10	3.446816e+01	2.053951e+01
1.240000e-06	5.035137e-06	3.221470e-10	3.513676e+01	2.080811e+01
1.250000e-06	5.129213e-06	3.245922e-10	3.579325e+01	2.106263e+01
1.260000e-06	5.221603e-06	3.256784e-10	3.643797e+01	2.134465e+01
1.270000e-06	5.312234e-06	3.318709e-10	3.707043e+01	2.168257e+01
1.280000e-06	5.400934e-06	3.421272e-10	3.768941e+01	2.206939e+01
1.290000e-06	5.487648e-06	3.488211e-10	3.829452e+01	2.246194e+01
1.300000e-06	5.572486e-06	3.501609e-10	3.888655e+01	2.280430e+01
1.310000e-06	5.655380e-06	3.505599e-10	3.946501e+01	2.306116e+01
1.320000e-06	5.736188e-06	3.534176e-10	4.002891e+01	2.323989e+01
1.330000e-06	5.814966e-06	3.571111e-10	4.057865e+01	2.338685e+01
1.340000e-06	5.891718e-06	3.581072e-10	4.111424e+01	2.355989e+01
1.350000e-06	5.966188e-06	3.584432e-10	4.163393e+01	2.379433e+01
1.360000e-06	6.038358e-06	3.645985e-10	4.213755e+01	2.408389e+01
1.370000e-06	6.108401e-06	3.738782e-10	4.262633e+01	2.438757e+01
1.380000e-06	6.176322e-06	3.775143e-10	4.310030e+01	2.465725e+01
1.390000e-06	6.241953e-06	3.747959e-10	4.355830e+01	2.486735e+01
1.400000e-06	6.305338e-06	3.750669e-10	4.400062e+01	2.502803e+01
1.410000e-06	6.366673e-06	3.789478e-10	4.442863e+01	2.517491e+01
1.420000e-06	6.425814e-06	3.820319e-10	4.484134e+01	2.534371e+01
1.430000e-06	6.482609e-06	3.821838e-10	4.523767e+01	2.554757e+01
1.440000e-06	6.537069e-06	3.817947e-10	4.561771e+01	2.577171e+01
1.450000e-06	6.588971e-06	3.877321e-10	4.597990e+01	2.598755e+01
1.460000e-06	6.638111e-06	3.970897e-10	4.632281e+01	2.617538e+01
1.470000e-06	6.684726e-06	4.005800e-10	4.664811e+01	2.633906e+01
1.480000e-06	6.729100e-06	3.980342e-10	4.695776e+01	2.650248e+01
1.490000e-06	6.771043e-06	3.970087e-10	4.725045e+01	2.669005e+01
1.500000e-06	6.810484e-06	4.019744e-10	4.752569e+01	2.690529e+01
1.510000e-06	6.847672e-06	4.086966e-10	4.778520e+01	2.712279e+01
1.520000e-06	6.882508e-06	4.102061e-10	4.802829e+01	2.730106e+01
1.530000e-06	6.914823e-06	4.086792e-10	4.825380e+01	2.740956e+01
1.540000e-06	6.944807e-06	4.113208e-10	4.846303e+01	2.745304e+01
1.550000e-06	6.972476e-06	4.167178e-10	4.865612e+01	2.747671e+01
1.560000e-06	6.997563e-06	4.193818e-10	4.883118e+01	2.754607e+01
1.570000e-06	7.020107e-06	4.179315e-10	4.898850e+01	2.771071e+01
1.580000e-06	7.040367e-06	4.185179e-10	4.912988e+01	2.797222e+01
1.590000e-06	7.058150e-06	4.255428e-10	4.925398e+01	2.827582e+01
1.600000e-06	7.073228e-06	4.319101e-10	4.935920e+01	2.853323e+01
1.610000e-06	7.085654e-06	4.324186e-10	4.944590e+01	2.866685e+01
1.620000e-06	7.095301e-06	4.291174e-10	4.951322e+01	2.865229e+01
1.630000e-06	7.102319e-06	4.289722e-10	4.956220e+01	2.853533e+01
1.640000e-06	7.106940e-06	4.331713e-10	4.959445e+01	2.841219e+01
1.650000e-06	7.109011e-06	4.357973e-10	4.960890e+01	2.838114e+01
1.660000e-06	7.108567e-06	4.342401e-10	4.960580e+01	2.849018e+01
1.670000e-06	7.105881e-06	4.276707e-10	4.958706e+01	2.870886e+01
1.680000e-06	7.100865e-06	4.286322e-10	4.955205e+01	2.894078e+01
1.690000e-06	7.093407e-06	4.336197e-10	4.950001e+01	2.907185e+01
1.700000e-06	7.083639e-06	4.346325e-10	4.943185e+01	2.903022e+01
1.710000e-06	7.071527e-06	4.331323e-10	4.934732e+01	2.882597e+01
1.720000e-06	7.056926e-06	4.361572e-10	4.924544e+01	2.854887e+01
1.730000e-06	7.040016e-06	4.433890e-10	4.912743e+01	2.832364e+01
1.740000e-06	7.020884e-06	4.081748e-10	4.899392e+01	2.824547e+01
1.750000e-06	6.998780e-06	3.989697e-10	4.883967e+01	2.832912e+01
1.760000e-06	6.973227e-06	4.292652e-10	4.866135e+01	2.849920e+01
1.770000e-06	6.944678e-06	4.280028e-10	4.846213e+01	2.862753e+01
1.780000e-06	6.913857e-06	4.268757e-10	4.824705e+01	2.859908e+01
1.790000e-06	6.881445e-06	4.646089e-10	4.802088e+01	2.837189e+01
1.800000e-06	6.847547e-06	3.975927e-10	4.778432e+01	2.799930e+01
1.810000e-06	6.811316e-06	4.082817e-10	4.753149e+01	2.760200e+01
1.820000e-06	6.772478e-06	4.599684e-10	4.726046e+01	2.730407e+01
1.830000e-06	6.731540e-06	3.803458e-10	4.697479e+01	2.716683e+01
1.840000e-06	6.688194e-06	4.272538e-10	4.667231e+01	2.715633e+01
1.850000e-06	6.642306e-06	3.855985e-10	4.635208e+01	2.716268e+01
1.860000e-06	6.594043e-06	3.739478e-10	4.601529e+01	2.706135e+01
1.870000e-06	6.543306e-06	4.444676e-10	4.566124e+01	2.678308e+01
1.880000e-06	6.490117e-06	3.797362e-10	4.529006e+01	2.635333e+01
1.890000e-06	6.434284e-06	4.137409e-10	4.490044e+01	2.587797e+01
1.900000e-06	6.376065e-06	3.738452e-10	4.449418e+01	2.548235e+01
1.910000e-06	6.315643e-06	3.548825e-10	4.407253e+01	2.523745e+01
1.920000e-06	6.252718e-06	4.034203e-10	4.363342e+01	2.511619e+01
1.930000e-06	6.187553e-06	3.462230e-10	4.317868e+01	2.500665e+01
1.940000e-06	6.120232e-06	3.765941e-10	4.270889e+01	2.477648e+01
1.950000e-06	6.050587e-06	3.511304e-10	4.222288e+01	2.435246e+01
1.960000e-06	5.978630e-06	3.754719e-10	4.172075e+01	2.376809e+01
1.970000e-06	5.904412e-06	3.721337e-10	4.120283e+01	2.314989e+01
1.980000e-06	5.827887e-06	3.194142e-10	4.066882e+01	2.264786e+01
1.990000e-06	5.748959e-06	3.401887e-10	4.011803e+01	2.234986e+01
2.000000e-06	5.668030e-06	3.046132e-10	3.955329e+01	2.222982e+01
2.010000e-06	5.585294e-06	3.415504e-10	3.897592e+01	2.216116e+01
2.020000e-06	5.500550e-06	3.242810e-10	3.838456e+01	2.198835e+01
2.030000e-06	5.413692e-06	3.233617e-10	3.777843e+01	2.161484e+01
2.040000e-06	5.324825e-06	3.276333e-10	3.715829e+01	2.105593e+01
2.050000e-06	5.234233e-06	3.115463e-10	3.652611e+01	2.042617e+01
2.060000e-06	5.141912e-06	3.214307e-10	3.588186e+01	1.987017e+01
2.070000e-06	5.047661e-06	2.736500e-10	3.522415e+01	1.947934e+01
2.080000e-06	4.951515e-06	2.785092e-10	3.455322e+01	1.924345e+01
2.090000e-06	4.853714e-06	2.689446e-10	3.387073e+01	1.906383e+01
2.100000e-06	4.754255e-06	2.866183e-10	3.317668e+01	1.881630e+01
2.110000e-06	4.653016e-06	2.827769e-10	3.247020e+01	1.842348e+01
2.120000e-06	4.549970e-06	2.669584e-10	3.175111e+01	1.789331e+01
2.130000e-06	4.445257e-06	2.667724e-10	3.102039e+01	1.730436e+01
2.140000e-06	4.339100e-06	2.502279e-10	3.027960e+01	1.675225e+01
2.150000e-06	4.231489e-06	2.501797e-10	2.952865e+01	1.629385e+01
2.160000e-06	4.122354e-06	2.275794e-10	2.876707e+01	1.592267e+01
2.170000e-06	4.011648e-06	2.237709e-10	2.799453e+01	1.558595e+01
2.180000e-06	3.899455e-06	2.215952e-10	2.721161e+01	1.522636e+01
2.190000e-06	3.785880e-06	2.269840e-10	2.641906e+01	1.481799e+01
2.200000e-06	3.670863e-06	2.241124e-10	2.561643e+01	1.437431e+01
2.210000e-06	3.554310e-06	2.101909e-10	2.480308e+01	1.392769e+01
2.220000e-06	3.436278e-06	2.012269e-10	2.397942e+01	1.349929e+01
2.230000e-06	3.316912e-06	1.960656e-10	2.314645e+01	1.308247e+01
2.240000e-06	3.196289e-06	1.930205e-10	2.230470e+01	1.265076e+01
2.250000e-06	3.074605e-06	1.835715e-10	2.145556e+01	1.218220e+01
2.260000e-06	2.951956e-06	1.731247e-10	2.059967e+01	1.168065e+01
2.270000e-06	2.828206e-06	1.641654e-10	1.973611e+01	1.117758e+01
2.280000e-06	2.703351e-06	1.589935e-10	1.886483e+01	1.071267e+01
2.290000e-06	2.577541e-06	1.525018e-10	1.798689e+01	1.030679e+01
2.300000e-06	2.450814e-06	1.442215e-10	1.710254e+01	9.945732e+00
2.310000e-06	2.323161e-06	1.392400e-10	1.621174e+01	9.585768e+00
2.320000e-06	2.194675e-06	1.408195e-10	1.531513e+01	9.177223e+00
2.330000e-06	2.065442e-06	1.389731e-10	1.441330e+01	8.691426e+00
2.340000e-06	1.935610e-06	1.323105e-10	1.350729e+01	8.135307e+00
2.350000e-06	1.805209e-06	1.177789e-10	1.259732e+01	7.546589e+00
2.360000e-06	1.674159e-06	1.078826e-10	1.168280e+01	6.974098e+00
2.370000e-06	1.542464e-06	1.006996e-10	1.076379e+01	6.454874e+00
2.380000e-06	1.410163e-06	9.226293e-11	9.840556e+00	5.999225e+00
2.390000e-06	1.277400e-06	8.390309e-11	8.914093e+00	5.588695e+00
2.400000e-06	1.144203e-06	7.557482e-11	7.984609e+00	5.185175e+00
2.410000e-06	1.010599e-06	7.457559e-11	7.052273e+00	4.745702e+00
2.420000e-06	8.766293e-07	7.178508e-11	6.117393e+00	4.237446e+00
2.430000e-06	7.422795e-07	6.371928e-11	5.179858e+00	3.648871e+00
2.440000e-06	6.077210e-07	4.985059e-11	4.240867e+00	2.994325e+00
2.450000e-06	4.729978e-07	3.803511e-11	3.300727e+00	2.310226e+00
2.460000e-06	3.380435e-07	2.942413e-11	2.358973e+00	1.642859e+00
2.470000e-06	2.028890e-07	1.974661e-11	1.415823e+00	1.031116e+00
2.480000e-06	6.771219e-08	1.016160e-11	4.725168e-01	4.908834e-01
2.490000e-06	-6.740475e-08	2.443489e-12	-4.703714e-01	8.507557e-03
2.500000e-06	-2.025310e-07	-2.429149e-13	-1.413325e+00	-4.528133e-01
2.510000e-06	-3.376453e-07	-3.130177e-12	-2.356194e+00	-9.363432e-01
2.520000e-06	-4.726568e-07	-9.929611e-12	-3.298347e+00	-1.473073e+00
2.530000e-06	-6.073902e-07	-2.030928e-11	-4.238558e+00	-2.070142e+00
2.540000e-06	-7.418459e-07	-3.248775e-11	-5.176832e+00	-2.711193e+00
2.550000e-06	-8.760890e-07	-4.415021e-11	-6.113623e+00	-3.366597e+00
2.560000e-06	-1.010050e-06	-5.492333e-11	-7.048444e+00	-4.006718e+00
2.570000e-06	-1.143583e-06	-6.604093e-11	-7.980276e+00	-4.611601e+00
2.580000e-06	-1.276644e-06	-7.523515e-11	-8.908823e+00	-5.174536e+00
2.590000e-06	-1.409279e-06	-7.972339e-11	-9.834391e+00	-5.701302e+00
2.600000e-06	-1.541462e-06	-8.142687e-11	-1.075680e+01	-6.208068e+00
2.610000e-06	-1.673120e-06	-8.638930e-11	-1.167555e+01	-6.718760e+00
2.620000e-06	-1.804027e-06	-9.736292e-11	-1.258906e+01	-7.260078e+00
2.630000e-06	-1.934165e-06	-1.099244e-10	-1.349721e+01	-7.852577e+00
2.640000e-06	-2.063697e-06	-1.197212e-10	-1.440112e+01	-8.499932e+00
2.650000e-06	-2.192677e-06	-1.303221e-10	-1.530118e+01	-9.182592e+00
2.660000e-06	-2.320964e-06	-1.447415e-10	-1.619641e+01	-9.862214e+00
2.670000e-06	-2.448355e-06	-1.586347e-10	-1.708538e+01	-1.049780e+01
2.680000e-06	-2.574834e-06	-1.668462e-10	-1.796800e+01	-1.106631e+01
2.690000e-06	-2.700437e-06	-1.686888e-10	-1.884450e+01	-1.157572e+01
2.700000e-06	-2.825104e-06	-1.709437e-10	-1.971446e+01	-1.206126e+01
2.710000e-06	-2.948653e-06	-1.793423e-10	-2.057662e+01	-1.256564e+01
2.720000e-06	-3.071025e-06	-1.925279e-10	-2.143057e+01	-1.311461e+01
2.730000e-06	-3.192315e-06	-2.049357e-10	-2.227697e+01	-1.370290e+01
2.740000e-06	-3.312574e-06	-2.135876e-10	-2.311618e+01	-1.429941e+01
2.750000e-06	-3.431623e-06	-2.214502e-10	-2.394693e+01	-1.486779e+01
2.760000e-06	-3.549259e-06	-2.303810e-10	-2.476784e+01	-1.538854e+01
2.770000e-06	-3.665451e-06	-2.366836e-10	-2.557866e+01	-1.586786e+01
2.780000e-06	-3.780100e-06	-2.390520e-10	-2.637872e+01	-1.632838e+01
2.790000e-06	-3.893321e-06	-2.419526e-10	-2.716881e+01	-1.678938e+01
2.800000e-06	-4.005049e-06	-2.504746e-10	-2.794849e+01	-1.725172e+01
2.810000e-06	-4.115112e-06	-2.626361e-10	-2.871654e+01	-1.769820e+01
2.820000e-06	-4.223697e-06	-2.709440e-10	-2.947428e+01	-1.810863e+01
2.830000e-06	-4.330942e-06	-2.749877e-10	-3.022267e+01	-1.847736e+01
2.840000e-06	-4.436847e-06	-2.798989e-10	-3.096170e+01	-1.881949e+01
2.850000e-06	-4.541154e-06	-2.869352e-10	-3.168959e+01	-1.916029e+01
2.860000e-06	-4.643737e-06	-2.933325e-10	-3.240545e+01	-1.951585e+01
2.870000e-06	-4.744590e-06	-2.967659e-10	-3.310923e+01	-1.987981e+01
2.880000e-06	-4.843722e-06	-3.003269e-10	-3.380101e+01	-2.022750e+01
2.890000e-06	-4.941244e-06	-3.078764e-10	-3.448154e+01	-2.053551e+01
2.900000e-06	-5.037098e-06	-3.148887e-10	-3.515044e+01	-2.080294e+01
2.910000e-06	-5.131196e-06	-3.175190e-10	-3.580709e+01	-2.105767e+01
2.920000e-06	-5.223455e-06	-3.183866e-10	-3.645090e+01	-2.134131e+01
2.930000e-06	-5.313921e-06	-3.227702e-10	-3.708220e+01	-2.168130e+01
2.940000e-06	-5.402543e-06	-3.317422e-10	-3.770063e+01	-2.206918e+01
2.950000e-06	-5.489120e-06	-3.395063e-10	-3.830479e+01	-2.246082e+01
2.960000e-06	-5.573613e-06	-3.434239e-10	-3.889441e+01	-2.280048e+01
2.970000e-06	-5.656219e-06	-3.471332e-10	-3.947087e+01	-2.305409e+01
2.980000e-06	-5.736960e-06	-3.519030e-10	-4.003430e+01	-2.323067e+01
2.990000e-06	-5.815579e-06	-3.551425e-10	-4.058293e+01	-2.337756e+01
3.000000e-06	-5.891862e-06	-3.560590e-10	-4.111525e+01	-2.355235e+01
3.010000e-06	-5.965868e-06	-3.559706e-10	-4.163169e+01	-2.378908e+01
3.020000e-06	-6.037842e-06	-3.597073e-10	-4.213395e+01	-2.407993e+01
3.030000e-06	-6.107662e-06	-3.676506e-10	-4.262117e+01	-2.438312e+01
3.040000e-06	-6.175213e-06	-3.740203e-10	-4.309257e+01	-2.465087e+01
3.050000e-06	-6.240582e-06	-3.760887e-10	-4.354873e+01	-2.485877e+01
3.060000e-06	-6.303798e-06	-3.778132e-10	-4.398987e+01	-2.501821e+01
3.070000e-06	-6.364733e-06	-3.835306e-10	-4.441510e+01	-2.516529e+01
3.080000e-06	-6.423348e-06	-3.890558e-10	-4.482413e+01	-2.533524e+01
3.090000e-06	-6.479746e-06	-3.910039e-10	-4.521769e+01	-2.554018e+01
3.100000e-06	-6.533766e-06	-3.902660e-10	-4.559466e+01	-2.576447e+01
3.110000e-06	-6.585175e-06	-3.897074e-10	-4.595341e+01	-2.597949e+01
3.120000e-06	-6.633847e-06	-3.916507e-10	-4.629306e+01	-2.616619e+01
3.130000e-06	-6.679976e-06	-3.959287e-10	-4.661496e+01	-2.632933e+01
3.140000e-06	-6.723943e-06	-3.997094e-10	-4.692178e+01	-2.649320e+01
3.150000e-06	-6.765742e-06	-4.042130e-10	-4.721346e+01	-2.668183e+01
3.160000e-06	-6.805265e-06	-4.114084e-10	-4.748927e+01	-2.689770e+01
3.170000e-06	-6.842434e-06	-4.165986e-10	-4.774864e+01	-2.711448e+01
3.180000e-06	-6.877171e-06	-4.189122e-10	-4.799105e+01	-2.729059e+01
3.190000e-06	-6.909508e-06	-4.175115e-10	-4.821670e+01	-2.739637e+01
3.200000e-06	-6.939326e-06	-4.141391e-10	-4.842478e+01	-2.743811e+01
3.210000e-06	-6.966612e-06	-4.137856e-10	-4.861519e+01	-2.746222e+01
3.220000e-06	-6.991509e-06	-4.166398e-10	-4.878893e+01	-2.753429e+01
3.230000e-06	-7.013942e-06	-4.215194e-10	-4.894547e+01	-2.770266e+01
3.240000e-06	-7.033836e-06	-4.260772e-10	-4.908430e+01	-2.796686e+01
3.250000e-06	-7.051316e-06	-4.320730e-10	-4.920628e+01	-2.827036e+01
3.260000e-06	-7.066231e-06	-4.399430e-10	-4.931037e+01	-2.852443e+01
3.270000e-06	-7.078321e-06	-4.411910e-10	-4.939474e+01	-2.865272e+01
3.280000e-06	-7.087794e-06	-4.352071e-10	-4.946084e+01	-2.863326e+01
3.290000e-06	-7.094829e-06	-4.281908e-10	-4.950993e+01	-2.851420e+01
3.300000e-06	-7.099352e-06	-4.239645e-10	-4.954149e+01	-2.839277e+01
3.310000e-06	-7.101471e-06	-4.236544e-10	-4.955628e+01	-2.836627e+01
