# Temperatura_=_20.0
# Concentracion g/m^3_=_10000.0
# C_Vs_to_Am_M_A/Vsm_=_65563218390.804596
# pendiente_HvsI_1/m_=_3716.3
# ordenada_HvsI_A/m_=_1297.0
# frecuencia_Hz_=_301261.9863057471

Tiempo_(s)	Campo_(V.s)	Magnetizacion_(V.s)	Campo_(kA/m)	Magnetizacion_(A/m)
0.000000e+00	-7.102867e-06	-1.088180e-08	-4.955278e+01	-7.135818e+02
1.000000e-08	-7.099170e-06	-1.088611e-08	-4.952699e+01	-7.135365e+02
2.000000e-08	-7.093198e-06	-1.088374e-08	-4.948532e+01	-7.134647e+02
3.000000e-08	-7.085044e-06	-1.088261e-08	-4.942844e+01	-7.132414e+02
4.000000e-08	-7.074471e-06	-1.087365e-08	-4.935468e+01	-7.127520e+02
5.000000e-08	-7.061333e-06	-1.085619e-08	-4.926302e+01	-7.119726e+02
6.000000e-08	-7.045567e-06	-1.082030e-08	-4.915303e+01	-7.110070e+02
7.000000e-08	-7.027370e-06	-1.078009e-08	-4.902608e+01	-7.100459e+02
8.000000e-08	-7.006927e-06	-1.086776e-08	-4.888346e+01	-7.092590e+02
9.000000e-08	-6.983872e-06	-1.092454e-08	-4.872262e+01	-7.086829e+02
1.000000e-07	-6.957888e-06	-1.082110e-08	-4.854134e+01	-7.081771e+02
1.100000e-07	-6.929203e-06	-1.077556e-08	-4.834122e+01	-7.074862e+02
1.200000e-07	-6.898258e-06	-1.080500e-08	-4.812534e+01	-7.063814e+02
1.300000e-07	-6.865330e-06	-1.066433e-08	-4.789562e+01	-7.047972e+02
1.400000e-07	-6.830392e-06	-1.064236e-08	-4.765188e+01	-7.028804e+02
1.500000e-07	-6.793301e-06	-1.082549e-08	-4.739311e+01	-7.009134e+02
1.600000e-07	-6.754008e-06	-1.057516e-08	-4.711899e+01	-6.991555e+02
1.700000e-07	-6.712373e-06	-1.060645e-08	-4.682852e+01	-6.976962e+02
1.800000e-07	-6.668179e-06	-1.074272e-08	-4.652020e+01	-6.964089e+02
1.900000e-07	-6.621554e-06	-1.056955e-08	-4.619492e+01	-6.950313e+02
2.000000e-07	-6.572463e-06	-1.063475e-08	-4.585244e+01	-6.933212e+02
2.100000e-07	-6.520587e-06	-1.052217e-08	-4.549054e+01	-6.911906e+02
2.200000e-07	-6.466146e-06	-1.045689e-08	-4.511073e+01	-6.887388e+02
2.300000e-07	-6.409324e-06	-1.049786e-08	-4.471432e+01	-6.861714e+02
2.400000e-07	-6.350095e-06	-1.043588e-08	-4.430110e+01	-6.836631e+02
2.500000e-07	-6.288575e-06	-1.043635e-08	-4.387191e+01	-6.812529e+02
2.600000e-07	-6.224816e-06	-1.035784e-08	-4.342711e+01	-6.788342e+02
2.700000e-07	-6.158756e-06	-1.032024e-08	-4.296624e+01	-6.762371e+02
2.800000e-07	-6.090441e-06	-1.027586e-08	-4.248964e+01	-6.733429e+02
2.900000e-07	-6.019976e-06	-1.023021e-08	-4.199805e+01	-6.701541e+02
3.000000e-07	-5.947301e-06	-1.019005e-08	-4.149104e+01	-6.667804e+02
3.100000e-07	-5.872266e-06	-1.007775e-08	-4.096756e+01	-6.633571e+02
3.200000e-07	-5.794846e-06	-1.011134e-08	-4.042744e+01	-6.599538e+02
3.300000e-07	-5.715110e-06	-1.005623e-08	-3.987117e+01	-6.565336e+02
3.400000e-07	-5.633249e-06	-9.972904e-09	-3.930007e+01	-6.529841e+02
3.500000e-07	-5.549521e-06	-9.912691e-09	-3.871595e+01	-6.491943e+02
3.600000e-07	-5.464036e-06	-9.818166e-09	-3.811956e+01	-6.451235e+02
3.700000e-07	-5.376754e-06	-9.784218e-09	-3.751064e+01	-6.408192e+02
3.800000e-07	-5.287517e-06	-9.719601e-09	-3.688809e+01	-6.363763e+02
3.900000e-07	-5.196279e-06	-9.658966e-09	-3.625157e+01	-6.318684e+02
4.000000e-07	-5.103206e-06	-9.574728e-09	-3.560225e+01	-6.272969e+02
4.100000e-07	-5.008457e-06	-9.521280e-09	-3.494124e+01	-6.225882e+02
4.200000e-07	-4.911953e-06	-9.457808e-09	-3.426798e+01	-6.176383e+02
4.300000e-07	-4.813592e-06	-9.354563e-09	-3.358178e+01	-6.123758e+02
4.400000e-07	-4.713420e-06	-9.252551e-09	-3.288293e+01	-6.068023e+02
4.500000e-07	-4.611533e-06	-9.149244e-09	-3.217212e+01	-6.009891e+02
4.600000e-07	-4.508044e-06	-9.087075e-09	-3.145014e+01	-5.950322e+02
4.700000e-07	-4.402947e-06	-9.011721e-09	-3.071693e+01	-5.889925e+02
4.800000e-07	-4.296284e-06	-8.918870e-09	-2.997280e+01	-5.828560e+02
4.900000e-07	-4.188032e-06	-8.812570e-09	-2.921759e+01	-5.765355e+02
5.000000e-07	-4.078207e-06	-8.709508e-09	-2.845140e+01	-5.699125e+02
5.100000e-07	-3.966999e-06	-8.606316e-09	-2.767556e+01	-5.628980e+02
5.200000e-07	-3.854349e-06	-8.484874e-09	-2.688967e+01	-5.554777e+02
5.300000e-07	-3.740189e-06	-8.353652e-09	-2.609324e+01	-5.477166e+02
5.400000e-07	-3.624528e-06	-8.225239e-09	-2.528633e+01	-5.397203e+02
5.500000e-07	-3.507406e-06	-8.119943e-09	-2.446924e+01	-5.315712e+02
5.600000e-07	-3.389014e-06	-8.007987e-09	-2.364328e+01	-5.232756e+02
5.700000e-07	-3.269432e-06	-7.871199e-09	-2.280902e+01	-5.147511e+02
5.800000e-07	-3.148578e-06	-7.716403e-09	-2.196589e+01	-5.058643e+02
5.900000e-07	-3.026534e-06	-7.569564e-09	-2.111446e+01	-4.964989e+02
6.000000e-07	-2.903510e-06	-7.427326e-09	-2.025618e+01	-4.866166e+02
6.100000e-07	-2.779480e-06	-7.270840e-09	-1.939090e+01	-4.762745e+02
6.200000e-07	-2.654352e-06	-7.101752e-09	-1.851795e+01	-4.655882e+02
6.300000e-07	-2.528314e-06	-6.932235e-09	-1.763865e+01	-4.546598e+02
6.400000e-07	-2.401563e-06	-6.771781e-09	-1.675438e+01	-4.435131e+02
6.500000e-07	-2.274083e-06	-6.604093e-09	-1.586502e+01	-4.320729e+02
6.600000e-07	-2.145728e-06	-6.414436e-09	-1.496956e+01	-4.202007e+02
6.700000e-07	-2.016372e-06	-6.209982e-09	-1.406711e+01	-4.077661e+02
6.800000e-07	-1.886202e-06	-6.006978e-09	-1.315899e+01	-3.947099e+02
6.900000e-07	-1.755505e-06	-5.806617e-09	-1.224719e+01	-3.810638e+02
7.000000e-07	-1.624292e-06	-5.598233e-09	-1.133179e+01	-3.669162e+02
7.100000e-07	-1.492451e-06	-5.373256e-09	-1.041201e+01	-3.523472e+02
7.200000e-07	-1.360021e-06	-5.139162e-09	-9.488117e+00	-3.373722e+02
7.300000e-07	-1.227066e-06	-4.905317e-09	-8.560562e+00	-3.219250e+02
7.400000e-07	-1.093594e-06	-4.665672e-09	-7.629403e+00	-3.058867e+02
7.500000e-07	-9.597180e-07	-4.406569e-09	-6.695423e+00	-2.891392e+02
7.600000e-07	-8.255708e-07	-4.130063e-09	-5.759552e+00	-2.716094e+02
7.700000e-07	-6.912092e-07	-3.849148e-09	-4.822185e+00	-2.532819e+02
7.800000e-07	-5.567000e-07	-3.564978e-09	-3.883789e+00	-2.341768e+02
7.900000e-07	-4.221005e-07	-3.268513e-09	-2.944762e+00	-2.143129e+02
8.000000e-07	-2.873623e-07	-2.949905e-09	-2.004768e+00	-1.936780e+02
8.100000e-07	-1.525254e-07	-2.614310e-09	-1.064086e+00	-1.722217e+02
8.200000e-07	-1.763912e-08	-2.269761e-09	-1.230584e-01	-1.498696e+02
8.300000e-07	1.172966e-07	-1.915032e-09	8.183134e-01	-1.265467e+02
8.400000e-07	2.521757e-07	-1.542774e-09	1.759290e+00	-1.021959e+02
8.500000e-07	3.869398e-07	-1.149117e-09	2.699465e+00	-7.678567e+01
8.600000e-07	5.215946e-07	-7.424151e-10	3.638878e+00	-5.031153e+01
8.700000e-07	6.561213e-07	-3.264505e-10	4.577396e+00	-2.279617e+01
8.800000e-07	7.905028e-07	1.036391e-10	5.514901e+00	5.704535e+00
8.900000e-07	9.246730e-07	5.537067e-10	6.450933e+00	3.509129e+01
9.000000e-07	1.058496e-06	1.019736e-09	7.384539e+00	6.521126e+01
9.100000e-07	1.191873e-06	1.488076e-09	8.315043e+00	9.585385e+01
9.200000e-07	1.324792e-06	1.955549e-09	9.242344e+00	1.267556e+02
9.300000e-07	1.457219e-06	2.425488e-09	1.016621e+01	1.576143e+02
9.400000e-07	1.589068e-06	2.894295e-09	1.108605e+01	1.881108e+02
9.500000e-07	1.720327e-06	3.350328e-09	1.200177e+01	2.179340e+02
9.600000e-07	1.851078e-06	3.786262e-09	1.291395e+01	2.468060e+02
9.700000e-07	1.981265e-06	4.203043e-09	1.382219e+01	2.745030e+02
9.800000e-07	2.110726e-06	4.602440e-09	1.472537e+01	3.008666e+02
9.900000e-07	2.239316e-06	4.983281e-09	1.562247e+01	3.258053e+02
1.000000e-06	2.366974e-06	5.341085e-09	1.651307e+01	3.492877e+02
1.010000e-06	2.493836e-06	5.674790e-09	1.739812e+01	3.713305e+02
1.020000e-06	2.619928e-06	5.989021e-09	1.827779e+01	3.919855e+02
1.030000e-06	2.745113e-06	6.287166e-09	1.915114e+01	4.113276e+02
1.040000e-06	2.869274e-06	6.565734e-09	2.001734e+01	4.294424e+02
1.050000e-06	2.992455e-06	6.822357e-09	2.087671e+01	4.464140e+02
1.060000e-06	3.114708e-06	7.061107e-09	2.172960e+01	4.623149e+02
1.070000e-06	3.235804e-06	7.287269e-09	2.257442e+01	4.772029e+02
1.080000e-06	3.355570e-06	7.500718e-09	2.340996e+01	4.911260e+02
1.090000e-06	3.474101e-06	7.699807e-09	2.423689e+01	5.041367e+02
1.100000e-06	3.591422e-06	7.884036e-09	2.505537e+01	5.163035e+02
1.110000e-06	3.707374e-06	8.057295e-09	2.586430e+01	5.277137e+02
1.120000e-06	3.821847e-06	8.222619e-09	2.666292e+01	5.384603e+02
1.130000e-06	3.934775e-06	8.380651e-09	2.745075e+01	5.486210e+02
1.140000e-06	4.046214e-06	8.526961e-09	2.822820e+01	5.582404e+02
1.150000e-06	4.156341e-06	8.662076e-09	2.899650e+01	5.673291e+02
1.160000e-06	4.265060e-06	8.791614e-09	2.975497e+01	5.758813e+02
1.170000e-06	4.372297e-06	8.916892e-09	3.050310e+01	5.839015e+02
1.180000e-06	4.477924e-06	9.034819e-09	3.124000e+01	5.914233e+02
1.190000e-06	4.581756e-06	9.140327e-09	3.196439e+01	5.985074e+02
1.200000e-06	4.683988e-06	9.239274e-09	3.267760e+01	6.052214e+02
1.210000e-06	4.784562e-06	9.337678e-09	3.337925e+01	6.116151e+02
1.220000e-06	4.883393e-06	9.433853e-09	3.406874e+01	6.177074e+02
1.230000e-06	4.980383e-06	9.521944e-09	3.474538e+01	6.234947e+02
1.240000e-06	5.075522e-06	9.603126e-09	3.540912e+01	6.289727e+02
1.250000e-06	5.169040e-06	9.681571e-09	3.606154e+01	6.341556e+02
1.260000e-06	5.260867e-06	9.758203e-09	3.670216e+01	6.390800e+02
1.270000e-06	5.350790e-06	9.830154e-09	3.732951e+01	6.437883e+02
1.280000e-06	5.438672e-06	9.896186e-09	3.794261e+01	6.483081e+02
1.290000e-06	5.524590e-06	9.958600e-09	3.854202e+01	6.526395e+02
1.300000e-06	5.608658e-06	1.002029e-08	3.912851e+01	6.567620e+02
1.310000e-06	5.690772e-06	1.008028e-08	3.970138e+01	6.606559e+02
1.320000e-06	5.770780e-06	1.013443e-08	4.025955e+01	6.643214e+02
1.330000e-06	5.848676e-06	1.018523e-08	4.080298e+01	6.677846e+02
1.340000e-06	5.924407e-06	1.023675e-08	4.133132e+01	6.710854e+02
1.350000e-06	5.997876e-06	1.028781e-08	4.184387e+01	6.742568e+02
1.360000e-06	6.069156e-06	1.033585e-08	4.234115e+01	6.773106e+02
1.370000e-06	6.138347e-06	1.037792e-08	4.282386e+01	6.802369e+02
1.380000e-06	6.205362e-06	1.041594e-08	4.329138e+01	6.830152e+02
1.390000e-06	6.270110e-06	1.045423e-08	4.374310e+01	6.856298e+02
1.400000e-06	6.332700e-06	1.049163e-08	4.417975e+01	6.880779e+02
1.410000e-06	6.393227e-06	1.052437e-08	4.460202e+01	6.903694e+02
1.420000e-06	6.451455e-06	1.055384e-08	4.500824e+01	6.925216e+02
1.430000e-06	6.507274e-06	1.058510e-08	4.539766e+01	6.945540e+02
1.440000e-06	6.560706e-06	1.061894e-08	4.577042e+01	6.964853e+02
1.450000e-06	6.611466e-06	1.065165e-08	4.612455e+01	6.983305e+02
1.460000e-06	6.659566e-06	1.067788e-08	4.646012e+01	7.000952e+02
1.470000e-06	6.705339e-06	1.069923e-08	4.677945e+01	7.017699e+02
1.480000e-06	6.748798e-06	1.072004e-08	4.708264e+01	7.033299e+02
1.490000e-06	6.789749e-06	1.074106e-08	4.736833e+01	7.047446e+02
1.500000e-06	6.828268e-06	1.075989e-08	4.763705e+01	7.059952e+02
1.510000e-06	6.864548e-06	1.077504e-08	4.789016e+01	7.070891e+02
1.520000e-06	6.898387e-06	1.079007e-08	4.812624e+01	7.080620e+02
1.530000e-06	6.929702e-06	1.080689e-08	4.834471e+01	7.089626e+02
1.540000e-06	6.958718e-06	1.082311e-08	4.854714e+01	7.098292e+02
1.550000e-06	6.985241e-06	1.083625e-08	4.873217e+01	7.106724e+02
1.560000e-06	7.009122e-06	1.084701e-08	4.889878e+01	7.114751e+02
1.570000e-06	7.030649e-06	1.085651e-08	4.904896e+01	7.122065e+02
1.580000e-06	7.049878e-06	1.086566e-08	4.918311e+01	7.128407e+02
1.590000e-06	7.066546e-06	1.087244e-08	4.929939e+01	7.133630e+02
1.600000e-06	7.080566e-06	1.087502e-08	4.939720e+01	7.137655e+02
1.610000e-06	7.091840e-06	1.087719e-08	4.947585e+01	7.140388e+02
1.620000e-06	7.100349e-06	1.088198e-08	4.953521e+01	7.141742e+02
1.630000e-06	7.106363e-06	1.088795e-08	4.957717e+01	7.141787e+02
1.640000e-06	7.109909e-06	1.089244e-08	4.960191e+01	7.140903e+02
1.650000e-06	7.110911e-06	1.089933e-08	4.960890e+01	7.139742e+02
1.660000e-06	7.109527e-06	1.089127e-08	4.959925e+01	7.138898e+02
1.670000e-06	7.105939e-06	1.087864e-08	4.957421e+01	7.138452e+02
1.680000e-06	7.099974e-06	1.087441e-08	4.953260e+01	7.137703e+02
1.690000e-06	7.091606e-06	1.086833e-08	4.947422e+01	7.135391e+02
1.700000e-06	7.080928e-06	1.086185e-08	4.939972e+01	7.130390e+02
1.710000e-06	7.067741e-06	1.086314e-08	4.930773e+01	7.122503e+02
1.720000e-06	7.052134e-06	1.090487e-08	4.919885e+01	7.112814e+02
1.730000e-06	7.034379e-06	1.086211e-08	4.907498e+01	7.103240e+02
1.740000e-06	7.014160e-06	1.071660e-08	4.893392e+01	7.095450e+02
1.750000e-06	6.990578e-06	1.075194e-08	4.876941e+01	7.089748e+02
1.760000e-06	6.963618e-06	1.078533e-08	4.858132e+01	7.084670e+02
1.770000e-06	6.934023e-06	1.072403e-08	4.837485e+01	7.077647e+02
1.780000e-06	6.902368e-06	1.088465e-08	4.815401e+01	7.066425e+02
1.790000e-06	6.869235e-06	1.080444e-08	4.792286e+01	7.050428e+02
1.800000e-06	6.834459e-06	1.058310e-08	4.768025e+01	7.031189e+02
1.810000e-06	6.797105e-06	1.081883e-08	4.741965e+01	7.011555e+02
1.820000e-06	6.757377e-06	1.064379e-08	4.714249e+01	6.994080e+02
1.830000e-06	6.715560e-06	1.058953e-08	4.685076e+01	6.979582e+02
1.840000e-06	6.671140e-06	1.069876e-08	4.654086e+01	6.966725e+02
1.850000e-06	6.624295e-06	1.040673e-08	4.621405e+01	6.952866e+02
1.860000e-06	6.574978e-06	1.061454e-08	4.586999e+01	6.935618e+02
1.870000e-06	6.523183e-06	1.059116e-08	4.550865e+01	6.914169e+02
1.880000e-06	6.468928e-06	1.047820e-08	4.513014e+01	6.889572e+02
1.890000e-06	6.412027e-06	1.050243e-08	4.473317e+01	6.863895e+02
1.900000e-06	6.352912e-06	1.030024e-08	4.432076e+01	6.838849e+02
1.910000e-06	6.291486e-06	1.043098e-08	4.389222e+01	6.814769e+02
1.920000e-06	6.227647e-06	1.034223e-08	4.344686e+01	6.790547e+02
1.930000e-06	6.161626e-06	1.027850e-08	4.298626e+01	6.764485e+02
1.940000e-06	6.093310e-06	1.025703e-08	4.250966e+01	6.735429e+02
1.950000e-06	6.022748e-06	1.015455e-08	4.201739e+01	6.703451e+02
1.960000e-06	5.949855e-06	1.027801e-08	4.150885e+01	6.669674e+02
1.970000e-06	5.874730e-06	1.005714e-08	4.098475e+01	6.635442e+02
1.980000e-06	5.797294e-06	1.002639e-08	4.044452e+01	6.601415e+02
1.990000e-06	5.717551e-06	9.961700e-09	3.988819e+01	6.567188e+02
2.000000e-06	5.635940e-06	9.915667e-09	3.931885e+01	6.531623e+02
2.010000e-06	5.552399e-06	9.958364e-09	3.873602e+01	6.493626e+02
2.020000e-06	5.466771e-06	9.792659e-09	3.813865e+01	6.452822e+02
2.030000e-06	5.379070e-06	9.771313e-09	3.752680e+01	6.409712e+02
2.040000e-06	5.289470e-06	9.654313e-09	3.690171e+01	6.365249e+02
2.050000e-06	5.198168e-06	9.655682e-09	3.626475e+01	6.320152e+02
2.060000e-06	5.105025e-06	9.554182e-09	3.561494e+01	6.274404e+02
2.070000e-06	5.009928e-06	9.436909e-09	3.495150e+01	6.227248e+02
2.080000e-06	4.913021e-06	9.383771e-09	3.427544e+01	6.177646e+02
2.090000e-06	4.814557e-06	9.310338e-09	3.358850e+01	6.124905e+02
2.100000e-06	4.714454e-06	9.294994e-09	3.289015e+01	6.069068e+02
2.110000e-06	4.612507e-06	9.145775e-09	3.217892e+01	6.010868e+02
2.120000e-06	4.508797e-06	9.049468e-09	3.145539e+01	5.951262e+02
2.130000e-06	4.403540e-06	8.941513e-09	3.072107e+01	5.890838e+02
2.140000e-06	4.296814e-06	8.881509e-09	2.997650e+01	5.829426e+02
2.150000e-06	4.188485e-06	8.780899e-09	2.922075e+01	5.766132e+02
2.160000e-06	4.078615e-06	8.652827e-09	2.845425e+01	5.699774e+02
2.170000e-06	3.967243e-06	8.552310e-09	2.767726e+01	5.629482e+02
2.180000e-06	3.854411e-06	8.458987e-09	2.689010e+01	5.555141e+02
2.190000e-06	3.740187e-06	8.375586e-09	2.609322e+01	5.477427e+02
2.200000e-06	3.624500e-06	8.222975e-09	2.528614e+01	5.397398e+02
2.210000e-06	3.507286e-06	8.076962e-09	2.446839e+01	5.315859e+02
2.220000e-06	3.388698e-06	7.944426e-09	2.364107e+01	5.232840e+02
2.230000e-06	3.268826e-06	7.845855e-09	2.280480e+01	5.147489e+02
2.240000e-06	3.147736e-06	7.715489e-09	2.196002e+01	5.058466e+02
2.250000e-06	3.025658e-06	7.558770e-09	2.110834e+01	4.964628e+02
2.260000e-06	2.902619e-06	7.401297e-09	2.024997e+01	4.865626e+02
2.270000e-06	2.778442e-06	7.257136e-09	1.938366e+01	4.762060e+02
2.280000e-06	2.653115e-06	7.110119e-09	1.850932e+01	4.655095e+02
2.290000e-06	2.526876e-06	6.928420e-09	1.762862e+01	4.545735e+02
2.300000e-06	2.399818e-06	6.738510e-09	1.674221e+01	4.434181e+02
2.310000e-06	2.271879e-06	6.566063e-09	1.584965e+01	4.319650e+02
2.320000e-06	2.143061e-06	6.411656e-09	1.495095e+01	4.200746e+02
2.330000e-06	2.013550e-06	6.235438e-09	1.404743e+01	4.076183e+02
2.340000e-06	1.883441e-06	6.023644e-09	1.313972e+01	3.945399e+02
2.350000e-06	1.752744e-06	5.801742e-09	1.222793e+01	3.808742e+02
2.360000e-06	1.621400e-06	5.594362e-09	1.131161e+01	3.667104e+02
2.370000e-06	1.489368e-06	5.385658e-09	1.039050e+01	3.521271e+02
2.380000e-06	1.356699e-06	5.152580e-09	9.464940e+00	3.371368e+02
2.390000e-06	1.223472e-06	4.901829e-09	8.535489e+00	3.216706e+02
2.400000e-06	1.089862e-06	4.658206e-09	7.603363e+00	3.056088e+02
2.410000e-06	9.559470e-07	4.419316e-09	6.669115e+00	2.888342e+02
2.420000e-06	8.217396e-07	4.161716e-09	5.732824e+00	2.712759e+02
2.430000e-06	6.873015e-07	3.869680e-09	4.794923e+00	2.529201e+02
2.440000e-06	5.526614e-07	3.564885e-09	3.855613e+00	2.337876e+02
2.450000e-06	4.178816e-07	3.265258e-09	2.915329e+00	2.138967e+02
2.460000e-06	2.829603e-07	2.963339e-09	1.974058e+00	1.932335e+02
2.470000e-06	1.478758e-07	2.639486e-09	1.031648e+00	1.717465e+02
2.480000e-06	1.272439e-08	2.289798e-09	8.877107e-02	1.493609e+02
2.490000e-06	-1.224068e-07	1.932328e-09	-8.539648e-01	1.260021e+02
2.500000e-06	-2.574282e-07	1.572134e-09	-1.795934e+00	1.016138e+02
2.510000e-06	-3.923709e-07	1.195924e-09	-2.737355e+00	7.616547e+01
2.520000e-06	-5.271985e-07	7.863451e-10	-3.677973e+00	4.965354e+01
2.530000e-06	-6.617954e-07	3.545236e-10	-4.616981e+00	2.210177e+01
2.540000e-06	-7.961225e-07	-8.034693e-11	-5.554107e+00	-6.432623e+00
2.550000e-06	-9.302013e-07	-5.175608e-10	-6.489501e+00	-3.584858e+01
2.560000e-06	-1.064053e-06	-9.726742e-10	-7.423308e+00	-6.599121e+01
2.570000e-06	-1.197598e-06	-1.450494e-09	-8.354981e+00	-9.664791e+01
2.580000e-06	-1.330698e-06	-1.928823e-09	-9.283548e+00	-1.275535e+02
2.590000e-06	-1.463242e-06	-2.392082e-09	-1.020823e+01	-1.584049e+02
2.600000e-06	-1.595108e-06	-2.847631e-09	-1.112819e+01	-1.888826e+02
2.610000e-06	-1.726247e-06	-3.305850e-09	-1.204307e+01	-2.186764e+02
2.620000e-06	-1.856782e-06	-3.757024e-09	-1.295374e+01	-2.475100e+02
2.630000e-06	-1.986823e-06	-4.182947e-09	-1.386097e+01	-2.751617e+02
2.640000e-06	-2.116283e-06	-4.579264e-09	-1.476414e+01	-3.014756e+02
2.650000e-06	-2.245014e-06	-4.956989e-09	-1.566222e+01	-3.263625e+02
2.660000e-06	-2.372967e-06	-5.322260e-09	-1.655488e+01	-3.497930e+02
2.670000e-06	-2.500070e-06	-5.664191e-09	-1.744161e+01	-3.717852e+02
2.680000e-06	-2.626312e-06	-5.974483e-09	-1.832233e+01	-3.923920e+02
2.690000e-06	-2.751665e-06	-6.261067e-09	-1.919685e+01	-4.116888e+02
2.700000e-06	-2.875989e-06	-6.537131e-09	-2.006419e+01	-4.297614e+02
2.710000e-06	-2.999203e-06	-6.803893e-09	-2.092378e+01	-4.466936e+02
2.720000e-06	-3.121359e-06	-7.050409e-09	-2.177600e+01	-4.625576e+02
2.730000e-06	-3.242371e-06	-7.272798e-09	-2.262023e+01	-4.774102e+02
2.740000e-06	-3.362083e-06	-7.480720e-09	-2.345540e+01	-4.912999e+02
2.750000e-06	-3.480569e-06	-7.681793e-09	-2.428201e+01	-5.042791e+02
2.760000e-06	-3.597835e-06	-7.872594e-09	-2.510011e+01	-5.164174e+02
2.770000e-06	-3.713542e-06	-8.044727e-09	-2.590733e+01	-5.278023e+02
2.780000e-06	-3.827669e-06	-8.202245e-09	-2.670353e+01	-5.385269e+02
2.790000e-06	-3.940395e-06	-8.356198e-09	-2.748996e+01	-5.486678e+02
2.800000e-06	-4.051528e-06	-8.508173e-09	-2.826527e+01	-5.582682e+02
2.810000e-06	-4.161035e-06	-8.649329e-09	-2.902924e+01	-5.673379e+02
2.820000e-06	-4.269097e-06	-8.772157e-09	-2.978314e+01	-5.758709e+02
2.830000e-06	-4.375816e-06	-8.886157e-09	-3.052765e+01	-5.838726e+02
2.840000e-06	-4.481148e-06	-9.001932e-09	-3.126250e+01	-5.913777e+02
2.850000e-06	-4.584903e-06	-9.116447e-09	-3.198634e+01	-5.984474e+02
2.860000e-06	-4.686946e-06	-9.220498e-09	-3.269824e+01	-6.051494e+02
2.870000e-06	-4.787135e-06	-9.313395e-09	-3.339720e+01	-6.115322e+02
2.880000e-06	-4.885585e-06	-9.403762e-09	-3.408403e+01	-6.176138e+02
2.890000e-06	-4.982472e-06	-9.495591e-09	-3.475996e+01	-6.233901e+02
2.900000e-06	-5.077630e-06	-9.582363e-09	-3.542382e+01	-6.288571e+02
2.910000e-06	-5.170952e-06	-9.657401e-09	-3.607488e+01	-6.340302e+02
2.920000e-06	-5.262422e-06	-9.727524e-09	-3.671301e+01	-6.389461e+02
2.930000e-06	-5.352105e-06	-9.800340e-09	-3.733868e+01	-6.436475e+02
2.940000e-06	-5.439952e-06	-9.875267e-09	-3.795154e+01	-6.481607e+02
2.950000e-06	-5.525804e-06	-9.944649e-09	-3.855049e+01	-6.524850e+02
2.960000e-06	-5.609598e-06	-1.000521e-08	-3.913507e+01	-6.565997e+02
2.970000e-06	-5.691482e-06	-1.006382e-08	-3.970633e+01	-6.604853e+02
2.980000e-06	-5.771515e-06	-1.012277e-08	-4.026467e+01	-6.641431e+02
2.990000e-06	-5.849405e-06	-1.017778e-08	-4.080807e+01	-6.675998e+02
3.000000e-06	-5.924869e-06	-1.022403e-08	-4.133454e+01	-6.708955e+02
3.010000e-06	-5.998029e-06	-1.026571e-08	-4.184494e+01	-6.740627e+02
3.020000e-06	-6.069112e-06	-1.031320e-08	-4.234085e+01	-6.771123e+02
3.030000e-06	-6.137987e-06	-1.036514e-08	-4.282135e+01	-6.800337e+02
3.040000e-06	-6.204622e-06	-1.041226e-08	-4.328622e+01	-6.828064e+02
3.050000e-06	-6.269165e-06	-1.045016e-08	-4.373651e+01	-6.854150e+02
3.060000e-06	-6.331497e-06	-1.048692e-08	-4.417136e+01	-6.878573e+02
3.070000e-06	-6.391490e-06	-1.052598e-08	-4.458990e+01	-6.901436e+02
3.080000e-06	-6.449157e-06	-1.056444e-08	-4.499221e+01	-6.922912e+02
3.090000e-06	-6.504591e-06	-1.059342e-08	-4.537894e+01	-6.943197e+02
3.100000e-06	-6.557579e-06	-1.061452e-08	-4.574861e+01	-6.962478e+02
3.110000e-06	-6.607845e-06	-1.063911e-08	-4.609929e+01	-6.980901e+02
3.120000e-06	-6.655403e-06	-1.067017e-08	-4.643107e+01	-6.998519e+02
3.130000e-06	-6.700526e-06	-1.069923e-08	-4.674587e+01	-7.015231e+02
3.140000e-06	-6.743575e-06	-1.072130e-08	-4.704620e+01	-7.030784e+02
3.150000e-06	-6.784471e-06	-1.074284e-08	-4.733151e+01	-7.044875e+02
3.160000e-06	-6.823041e-06	-1.076607e-08	-4.760059e+01	-7.057322e+02
3.170000e-06	-6.859209e-06	-1.078785e-08	-4.785292e+01	-7.068211e+02
3.180000e-06	-6.892965e-06	-1.080160e-08	-4.808841e+01	-7.077906e+02
3.190000e-06	-6.924262e-06	-1.080972e-08	-4.830675e+01	-7.086895e+02
3.200000e-06	-6.952997e-06	-1.081837e-08	-4.850722e+01	-7.095553e+02
3.210000e-06	-6.979203e-06	-1.083225e-08	-4.869005e+01	-7.103976e+02
3.220000e-06	-7.003057e-06	-1.084736e-08	-4.885647e+01	-7.111982e+02
3.230000e-06	-7.024475e-06	-1.085925e-08	-4.900589e+01	-7.119266e+02
3.240000e-06	-7.043389e-06	-1.086951e-08	-4.913784e+01	-7.125570e+02
3.250000e-06	-7.059913e-06	-1.088201e-08	-4.925311e+01	-7.130752e+02
3.260000e-06	-7.073768e-06	-1.089212e-08	-4.934978e+01	-7.134733e+02
3.270000e-06	-7.084835e-06	-1.089397e-08	-4.942698e+01	-7.137419e+02
3.280000e-06	-7.093420e-06	-1.088862e-08	-4.948688e+01	-7.138724e+02
3.290000e-06	-7.099507e-06	-1.088278e-08	-4.952934e+01	-7.138727e+02
3.300000e-06	-7.102997e-06	-1.087926e-08	-4.955369e+01	-7.137821e+02
3.310000e-06	-7.104109e-06	-1.087419e-08	-4.956144e+01	-7.136663e+02
