# Temperatura_=_20.0
# Concentracion g/m^3_=_10000.0
# C_Vs_to_Am_M_A/Vsm_=_65563218390.804596
# pendiente_HvsI_1/m_=_3716.3
# ordenada_HvsI_A/m_=_1297.0
# frecuencia_Hz_=_301254.116609614

Tiempo_(s)	Campo_(V.s)	Magnetizacion_(V.s)	Campo_(kA/m)	Magnetizacion_(A/m)
0.000000e+00	-7.114296e-06	-1.077847e-08	-4.955676e+01	-7.059453e+02
1.000000e-08	-7.110730e-06	-1.077893e-08	-4.953193e+01	-7.058141e+02
2.000000e-08	-7.104877e-06	-1.077411e-08	-4.949116e+01	-7.056785e+02
3.000000e-08	-7.096836e-06	-1.077082e-08	-4.943514e+01	-7.054690e+02
4.000000e-08	-7.086362e-06	-1.076399e-08	-4.936218e+01	-7.051183e+02
5.000000e-08	-7.073274e-06	-1.075261e-08	-4.927101e+01	-7.046051e+02
6.000000e-08	-7.057576e-06	-1.072878e-08	-4.916166e+01	-7.039656e+02
7.000000e-08	-7.039406e-06	-1.070679e-08	-4.903510e+01	-7.032652e+02
8.000000e-08	-7.018949e-06	-1.076988e-08	-4.889259e+01	-7.025491e+02
9.000000e-08	-6.995983e-06	-1.079242e-08	-4.873262e+01	-7.018066e+02
1.000000e-07	-6.970167e-06	-1.071189e-08	-4.855279e+01	-7.009794e+02
1.100000e-07	-6.941547e-06	-1.067862e-08	-4.835343e+01	-7.000085e+02
1.200000e-07	-6.910597e-06	-1.069234e-08	-4.813784e+01	-6.988884e+02
1.300000e-07	-6.877618e-06	-1.059514e-08	-4.790811e+01	-6.976872e+02
1.400000e-07	-6.842600e-06	-1.058490e-08	-4.766418e+01	-6.965105e+02
1.500000e-07	-6.805495e-06	-1.068734e-08	-4.740572e+01	-6.954303e+02
1.600000e-07	-6.766219e-06	-1.052980e-08	-4.713213e+01	-6.944232e+02
1.700000e-07	-6.724599e-06	-1.055010e-08	-4.684221e+01	-6.933643e+02
1.800000e-07	-6.680415e-06	-1.060855e-08	-4.653443e+01	-6.920859e+02
1.900000e-07	-6.633792e-06	-1.050246e-08	-4.620967e+01	-6.904681e+02
2.000000e-07	-6.584652e-06	-1.051949e-08	-4.586737e+01	-6.885067e+02
2.100000e-07	-6.532742e-06	-1.043688e-08	-4.550578e+01	-6.863128e+02
2.200000e-07	-6.478289e-06	-1.040743e-08	-4.512646e+01	-6.840462e+02
2.300000e-07	-6.421449e-06	-1.040861e-08	-4.473053e+01	-6.818213e+02
2.400000e-07	-6.362227e-06	-1.035072e-08	-4.431800e+01	-6.796438e+02
2.500000e-07	-6.300706e-06	-1.034554e-08	-4.388946e+01	-6.774146e+02
2.600000e-07	-6.237015e-06	-1.028466e-08	-4.344580e+01	-6.749944e+02
2.700000e-07	-6.171110e-06	-1.024397e-08	-4.298672e+01	-6.722863e+02
2.800000e-07	-6.102873e-06	-1.020022e-08	-4.251139e+01	-6.692876e+02
2.900000e-07	-6.032369e-06	-1.016325e-08	-4.202028e+01	-6.660843e+02
3.000000e-07	-5.959577e-06	-1.011121e-08	-4.151322e+01	-6.627969e+02
3.100000e-07	-5.884439e-06	-1.002856e-08	-4.098982e+01	-6.595143e+02
3.200000e-07	-5.806973e-06	-1.002992e-08	-4.045021e+01	-6.562529e+02
3.300000e-07	-5.727183e-06	-9.965230e-09	-3.989441e+01	-6.529561e+02
3.400000e-07	-5.645287e-06	-9.903876e-09	-3.932394e+01	-6.495270e+02
3.500000e-07	-5.561515e-06	-9.850791e-09	-3.874040e+01	-6.458732e+02
3.600000e-07	-5.475924e-06	-9.778465e-09	-3.814419e+01	-6.419400e+02
3.700000e-07	-5.388543e-06	-9.730396e-09	-3.753551e+01	-6.377249e+02
3.800000e-07	-5.299244e-06	-9.658859e-09	-3.691347e+01	-6.332725e+02
3.900000e-07	-5.207979e-06	-9.590655e-09	-3.627774e+01	-6.286554e+02
4.000000e-07	-5.114854e-06	-9.510460e-09	-3.562905e+01	-6.239461e+02
4.100000e-07	-5.020004e-06	-9.450211e-09	-3.496834e+01	-6.191866e+02
4.200000e-07	-4.923402e-06	-9.382794e-09	-3.429544e+01	-6.143656e+02
4.300000e-07	-4.824922e-06	-9.302164e-09	-3.360944e+01	-6.094161e+02
4.400000e-07	-4.724649e-06	-9.217757e-09	-3.291096e+01	-6.042386e+02
4.500000e-07	-4.622662e-06	-9.124880e-09	-3.220054e+01	-5.987453e+02
4.600000e-07	-4.519048e-06	-9.044994e-09	-3.147879e+01	-5.929034e+02
4.700000e-07	-4.413841e-06	-8.952999e-09	-3.074593e+01	-5.867523e+02
4.800000e-07	-4.307001e-06	-8.857648e-09	-3.000171e+01	-5.803822e+02
4.900000e-07	-4.198555e-06	-8.757632e-09	-2.924630e+01	-5.738831e+02
5.000000e-07	-4.088592e-06	-8.658019e-09	-2.848032e+01	-5.672918e+02
5.100000e-07	-3.977249e-06	-8.555962e-09	-2.770472e+01	-5.605689e+02
5.200000e-07	-3.864511e-06	-8.446088e-09	-2.691941e+01	-5.536197e+02
5.300000e-07	-3.750228e-06	-8.329124e-09	-2.612334e+01	-5.463436e+02
5.400000e-07	-3.634373e-06	-8.208137e-09	-2.531632e+01	-5.386846e+02
5.500000e-07	-3.517053e-06	-8.092336e-09	-2.449909e+01	-5.306503e+02
5.600000e-07	-3.398495e-06	-7.968491e-09	-2.367323e+01	-5.222933e+02
5.700000e-07	-3.278791e-06	-7.834258e-09	-2.283940e+01	-5.136680e+02
5.800000e-07	-3.157874e-06	-7.694224e-09	-2.199712e+01	-5.047943e+02
5.900000e-07	-3.035814e-06	-7.554133e-09	-2.114687e+01	-4.956465e+02
6.000000e-07	-2.912685e-06	-7.411620e-09	-2.028918e+01	-4.861726e+02
6.100000e-07	-2.788484e-06	-7.262246e-09	-1.942402e+01	-4.763245e+02
6.200000e-07	-2.663232e-06	-7.105557e-09	-1.855154e+01	-4.660801e+02
6.300000e-07	-2.537084e-06	-6.943162e-09	-1.767282e+01	-4.554441e+02
6.400000e-07	-2.410159e-06	-6.778098e-09	-1.678869e+01	-4.444312e+02
6.500000e-07	-2.282415e-06	-6.605290e-09	-1.589885e+01	-4.330469e+02
6.600000e-07	-2.153767e-06	-6.420682e-09	-1.500271e+01	-4.212768e+02
6.700000e-07	-2.024218e-06	-6.227918e-09	-1.410030e+01	-4.090899e+02
6.800000e-07	-1.893940e-06	-6.032212e-09	-1.319281e+01	-3.964492e+02
6.900000e-07	-1.763040e-06	-5.835247e-09	-1.228099e+01	-3.833214e+02
7.000000e-07	-1.631492e-06	-5.632170e-09	-1.136465e+01	-3.696822e+02
7.100000e-07	-1.499357e-06	-5.417421e-09	-1.044422e+01	-3.555162e+02
7.200000e-07	-1.366700e-06	-5.191548e-09	-9.520159e+00	-3.408141e+02
7.300000e-07	-1.233561e-06	-4.959197e-09	-8.592738e+00	-3.255689e+02
7.400000e-07	-1.099970e-06	-4.719227e-09	-7.662169e+00	-3.097676e+02
7.500000e-07	-9.659073e-07	-4.467261e-09	-6.728317e+00	-2.933822e+02
7.600000e-07	-8.315256e-07	-4.204405e-09	-5.792241e+00	-2.763620e+02
7.700000e-07	-6.969847e-07	-3.933227e-09	-4.855056e+00	-2.586368e+02
7.800000e-07	-5.623043e-07	-3.651786e-09	-3.916899e+00	-2.401326e+02
7.900000e-07	-4.274704e-07	-3.358565e-09	-2.977674e+00	-2.207943e+02
8.000000e-07	-2.924895e-07	-3.051156e-09	-2.037423e+00	-2.006017e+02
8.100000e-07	-1.574410e-07	-2.729074e-09	-1.096703e+00	-1.795666e+02
8.200000e-07	-2.235125e-08	-2.394475e-09	-1.556943e-01	-1.577079e+02
8.300000e-07	1.127820e-07	-2.047383e-09	7.856170e-01	-1.350193e+02
8.400000e-07	2.478853e-07	-1.685930e-09	1.726719e+00	-1.114499e+02
8.500000e-07	3.828652e-07	-1.307898e-09	2.666963e+00	-8.691379e+01
8.600000e-07	5.177178e-07	-9.151260e-10	3.606319e+00	-6.132631e+01
8.700000e-07	6.524386e-07	-5.077327e-10	4.544757e+00	-3.464968e+01
8.800000e-07	7.869946e-07	-8.618569e-11	5.482047e+00	-6.924289e+00
8.900000e-07	9.213132e-07	3.499992e-10	6.417683e+00	2.172798e+01
9.000000e-07	1.055292e-06	7.995665e-10	7.350956e+00	5.112435e+01
9.100000e-07	1.188884e-06	1.255235e-09	8.281526e+00	8.104856e+01
9.200000e-07	1.321995e-06	1.714788e-09	9.208750e+00	1.112682e+02
9.300000e-07	1.454590e-06	2.177098e-09	1.013238e+01	1.415374e+02
9.400000e-07	1.586697e-06	2.637556e-09	1.105261e+01	1.715932e+02
9.500000e-07	1.718319e-06	3.089771e-09	1.196947e+01	2.011606e+02
9.600000e-07	1.849365e-06	3.527703e-09	1.288231e+01	2.299716e+02
9.700000e-07	1.979693e-06	3.948600e-09	1.379015e+01	2.577920e+02
9.800000e-07	2.109231e-06	4.351064e-09	1.469248e+01	2.844429e+02
9.900000e-07	2.237932e-06	4.735364e-09	1.558899e+01	3.098055e+02
1.000000e-06	2.365833e-06	5.101779e-09	1.647992e+01	3.338107e+02
1.010000e-06	2.492937e-06	5.446379e-09	1.736530e+01	3.564261e+02
1.020000e-06	2.619228e-06	5.766749e-09	1.824502e+01	3.776495e+02
1.030000e-06	2.744642e-06	6.068872e-09	1.911862e+01	3.975138e+02
1.040000e-06	2.869069e-06	6.352346e-09	1.998536e+01	4.160899e+02
1.050000e-06	2.992510e-06	6.617278e-09	2.084523e+01	4.334799e+02
1.060000e-06	3.114899e-06	6.865439e-09	2.169776e+01	4.497941e+02
1.070000e-06	3.236101e-06	7.097746e-09	2.254204e+01	4.651229e+02
1.080000e-06	3.356056e-06	7.314656e-09	2.337761e+01	4.795210e+02
1.090000e-06	3.474818e-06	7.519819e-09	2.420489e+01	4.930142e+02
1.100000e-06	3.592345e-06	7.714063e-09	2.502356e+01	5.056257e+02
1.110000e-06	3.708502e-06	7.894772e-09	2.583268e+01	5.174028e+02
1.120000e-06	3.823184e-06	8.062226e-09	2.663154e+01	5.284270e+02
1.130000e-06	3.936318e-06	8.218781e-09	2.741961e+01	5.387984e+02
1.140000e-06	4.047991e-06	8.367634e-09	2.819750e+01	5.486068e+02
1.150000e-06	4.158252e-06	8.507242e-09	2.896555e+01	5.579067e+02
1.160000e-06	4.267076e-06	8.640164e-09	2.972360e+01	5.667141e+02
1.170000e-06	4.374442e-06	8.769217e-09	3.047149e+01	5.750229e+02
1.180000e-06	4.480206e-06	8.892128e-09	3.120822e+01	5.828298e+02
1.190000e-06	4.584280e-06	9.003725e-09	3.193318e+01	5.901509e+02
1.200000e-06	4.686710e-06	9.105797e-09	3.264669e+01	5.970221e+02
1.210000e-06	4.787515e-06	9.202470e-09	3.334887e+01	6.034891e+02
1.220000e-06	4.886571e-06	9.295979e-09	3.403888e+01	6.095974e+02
1.230000e-06	4.983725e-06	9.384937e-09	3.471564e+01	6.153901e+02
1.240000e-06	5.079026e-06	9.469320e-09	3.537948e+01	6.209092e+02
1.250000e-06	5.172665e-06	9.549408e-09	3.603175e+01	6.261942e+02
1.260000e-06	5.264697e-06	9.626214e-09	3.667283e+01	6.312724e+02
1.270000e-06	5.354834e-06	9.700406e-09	3.730070e+01	6.361464e+02
1.280000e-06	5.442885e-06	9.770131e-09	3.791405e+01	6.407915e+02
1.290000e-06	5.529036e-06	9.834819e-09	3.851416e+01	6.451708e+02
1.300000e-06	5.613385e-06	9.894155e-09	3.910172e+01	6.492626e+02
1.310000e-06	5.695731e-06	9.950227e-09	3.967533e+01	6.530846e+02
1.320000e-06	5.775936e-06	1.000483e-08	4.023401e+01	6.566946e+02
1.330000e-06	5.854076e-06	1.005812e-08	4.077832e+01	6.601654e+02
1.340000e-06	5.930051e-06	1.010970e-08	4.130755e+01	6.635452e+02
1.350000e-06	6.003681e-06	1.015974e-08	4.182044e+01	6.668316e+02
1.360000e-06	6.075112e-06	1.020709e-08	4.231802e+01	6.699752e+02
1.370000e-06	6.144494e-06	1.025070e-08	4.280131e+01	6.729136e+02
1.380000e-06	6.211728e-06	1.028944e-08	4.326966e+01	6.756149e+02
1.390000e-06	6.276680e-06	1.032487e-08	4.372210e+01	6.781006e+02
1.400000e-06	6.339429e-06	1.035982e-08	4.415920e+01	6.804352e+02
1.410000e-06	6.400064e-06	1.039368e-08	4.458157e+01	6.826880e+02
1.420000e-06	6.458422e-06	1.042647e-08	4.498808e+01	6.848929e+02
1.430000e-06	6.514429e-06	1.045921e-08	4.537821e+01	6.870320e+02
1.440000e-06	6.568051e-06	1.049179e-08	4.575173e+01	6.890515e+02
1.450000e-06	6.618997e-06	1.052178e-08	4.610661e+01	6.908990e+02
1.460000e-06	6.667234e-06	1.054720e-08	4.644262e+01	6.925569e+02
1.470000e-06	6.713126e-06	1.056737e-08	4.676230e+01	6.940528e+02
1.480000e-06	6.756753e-06	1.058572e-08	4.706619e+01	6.954422e+02
1.490000e-06	6.797898e-06	1.060514e-08	4.735280e+01	6.967767e+02
1.500000e-06	6.836601e-06	1.062459e-08	4.762240e+01	6.980778e+02
1.510000e-06	6.873047e-06	1.064361e-08	4.787627e+01	6.993288e+02
1.520000e-06	6.907018e-06	1.066240e-08	4.811291e+01	7.004883e+02
1.530000e-06	6.938459e-06	1.067942e-08	4.833192e+01	7.015138e+02
1.540000e-06	6.967646e-06	1.069374e-08	4.853523e+01	7.023843e+02
1.550000e-06	6.994415e-06	1.070520e-08	4.872169e+01	7.031114e+02
1.560000e-06	7.018584e-06	1.071377e-08	4.889005e+01	7.037344e+02
1.570000e-06	7.040321e-06	1.072181e-08	4.904147e+01	7.043037e+02
1.580000e-06	7.059654e-06	1.073193e-08	4.917614e+01	7.048577e+02
1.590000e-06	7.076414e-06	1.074236e-08	4.929289e+01	7.054021e+02
1.600000e-06	7.090572e-06	1.074881e-08	4.939151e+01	7.059045e+02
1.610000e-06	7.101971e-06	1.075227e-08	4.947091e+01	7.063064e+02
1.620000e-06	7.110614e-06	1.075573e-08	4.953111e+01	7.065530e+02
1.630000e-06	7.116821e-06	1.076098e-08	4.957435e+01	7.066244e+02
1.640000e-06	7.120577e-06	1.076395e-08	4.960051e+01	7.065517e+02
1.650000e-06	7.121781e-06	1.076531e-08	4.960890e+01	7.064036e+02
1.660000e-06	7.120572e-06	1.075561e-08	4.960048e+01	7.062497e+02
1.670000e-06	7.117101e-06	1.074750e-08	4.957630e+01	7.061191e+02
1.680000e-06	7.111219e-06	1.074596e-08	4.953533e+01	7.059822e+02
1.690000e-06	7.102932e-06	1.074158e-08	4.947761e+01	7.057685e+02
1.700000e-06	7.092313e-06	1.073599e-08	4.940364e+01	7.054120e+02
1.710000e-06	7.079174e-06	1.073763e-08	4.931211e+01	7.048933e+02
1.720000e-06	7.063618e-06	1.076756e-08	4.920375e+01	7.042503e+02
1.730000e-06	7.045969e-06	1.072416e-08	4.908081e+01	7.035488e+02
1.740000e-06	7.025907e-06	1.062897e-08	4.894106e+01	7.028322e+02
1.750000e-06	7.002498e-06	1.064974e-08	4.877800e+01	7.020878e+02
1.760000e-06	6.975689e-06	1.066382e-08	4.859126e+01	7.012563e+02
1.770000e-06	6.946172e-06	1.062567e-08	4.838565e+01	7.002796e+02
1.780000e-06	6.914610e-06	1.072430e-08	4.816579e+01	6.991550e+02
1.790000e-06	6.881572e-06	1.065623e-08	4.793565e+01	6.979528e+02
1.800000e-06	6.846834e-06	1.053092e-08	4.769368e+01	6.967786e+02
1.810000e-06	6.809588e-06	1.068587e-08	4.743423e+01	6.957020e+02
1.820000e-06	6.769965e-06	1.058620e-08	4.715822e+01	6.946956e+02
1.830000e-06	6.728132e-06	1.057231e-08	4.686682e+01	6.936317e+02
1.840000e-06	6.683714e-06	1.060234e-08	4.655741e+01	6.923426e+02
1.850000e-06	6.636918e-06	1.043298e-08	4.623145e+01	6.907118e+02
1.860000e-06	6.587663e-06	1.055619e-08	4.588835e+01	6.887396e+02
1.870000e-06	6.535804e-06	1.049675e-08	4.552710e+01	6.865403e+02
1.880000e-06	6.481429e-06	1.043699e-08	4.514834e+01	6.842737e+02
1.890000e-06	6.424543e-06	1.043516e-08	4.475208e+01	6.820510e+02
1.900000e-06	6.365459e-06	1.030677e-08	4.434052e+01	6.798737e+02
1.910000e-06	6.304067e-06	1.037956e-08	4.391287e+01	6.776401e+02
1.920000e-06	6.240270e-06	1.029911e-08	4.346847e+01	6.752107e+02
1.930000e-06	6.174291e-06	1.025948e-08	4.300888e+01	6.724915e+02
1.940000e-06	6.105966e-06	1.020697e-08	4.253294e+01	6.694836e+02
1.950000e-06	6.035279e-06	1.014056e-08	4.204055e+01	6.662752e+02
1.960000e-06	5.962272e-06	1.017786e-08	4.153199e+01	6.629867e+02
1.970000e-06	5.886978e-06	1.002464e-08	4.100751e+01	6.597050e+02
1.980000e-06	5.809380e-06	1.001631e-08	4.046698e+01	6.564436e+02
1.990000e-06	5.729575e-06	9.942849e-09	3.991108e+01	6.531437e+02
2.000000e-06	5.647887e-06	9.904540e-09	3.934205e+01	6.497081e+02
2.010000e-06	5.564263e-06	9.885303e-09	3.875954e+01	6.460449e+02
2.020000e-06	5.478566e-06	9.769899e-09	3.816259e+01	6.421012e+02
2.030000e-06	5.390828e-06	9.733021e-09	3.755143e+01	6.378766e+02
2.040000e-06	5.301260e-06	9.633047e-09	3.692752e+01	6.334169e+02
2.050000e-06	5.209921e-06	9.615310e-09	3.629127e+01	6.287953e+02
2.060000e-06	5.116652e-06	9.518758e-09	3.564157e+01	6.240837e+02
2.070000e-06	5.021506e-06	9.428976e-09	3.497881e+01	6.193224e+02
2.080000e-06	4.924622e-06	9.353306e-09	3.430394e+01	6.144983e+02
2.090000e-06	4.826106e-06	9.283174e-09	3.361769e+01	6.095423e+02
2.100000e-06	4.725834e-06	9.237817e-09	3.291922e+01	6.043547e+02
2.110000e-06	4.623695e-06	9.121867e-09	3.220773e+01	5.988491e+02
2.120000e-06	4.519836e-06	9.037034e-09	3.148428e+01	5.929949e+02
2.130000e-06	4.414493e-06	8.932152e-09	3.075047e+01	5.868342e+02
2.140000e-06	4.307686e-06	8.857497e-09	3.000648e+01	5.804581e+02
2.150000e-06	4.199328e-06	8.749780e-09	2.925168e+01	5.739555e+02
2.160000e-06	4.089412e-06	8.637477e-09	2.848603e+01	5.673605e+02
2.170000e-06	3.977959e-06	8.533738e-09	2.770967e+01	5.606313e+02
2.180000e-06	3.865055e-06	8.439379e-09	2.692320e+01	5.536719e+02
2.190000e-06	3.750682e-06	8.346925e-09	2.612650e+01	5.463827e+02
2.200000e-06	3.634764e-06	8.217609e-09	2.531904e+01	5.387097e+02
2.210000e-06	3.517336e-06	8.086223e-09	2.450106e+01	5.306628e+02
2.220000e-06	3.398556e-06	7.954882e-09	2.367366e+01	5.222953e+02
2.230000e-06	3.278477e-06	7.839700e-09	2.283722e+01	5.136610e+02
2.240000e-06	3.157275e-06	7.705625e-09	2.199295e+01	5.047781e+02
2.250000e-06	3.035102e-06	7.559895e-09	2.114192e+01	4.956196e+02
2.260000e-06	2.911831e-06	7.409943e-09	2.028324e+01	4.861330e+02
2.270000e-06	2.787430e-06	7.265492e-09	1.941668e+01	4.762709e+02
2.280000e-06	2.661995e-06	7.115727e-09	1.854292e+01	4.660122e+02
2.290000e-06	2.535664e-06	6.946910e-09	1.766293e+01	4.553624e+02
2.300000e-06	2.408473e-06	6.769346e-09	1.677694e+01	4.443362e+02
2.310000e-06	2.280367e-06	6.599077e-09	1.588458e+01	4.329384e+02
2.320000e-06	2.151391e-06	6.433918e-09	1.498616e+01	4.211539e+02
2.330000e-06	2.021747e-06	6.254483e-09	1.408308e+01	4.089514e+02
2.340000e-06	1.891520e-06	6.054489e-09	1.317595e+01	3.962937e+02
2.350000e-06	1.760613e-06	5.848261e-09	1.226408e+01	3.831480e+02
2.360000e-06	1.628984e-06	5.644626e-09	1.134718e+01	3.694901e+02
2.370000e-06	1.496724e-06	5.434243e-09	1.042588e+01	3.553050e+02
2.380000e-06	1.363966e-06	5.207280e-09	9.501118e+00	3.405837e+02
2.390000e-06	1.230766e-06	4.966786e-09	8.573272e+00	3.253188e+02
2.400000e-06	1.097118e-06	4.726230e-09	7.642306e+00	3.094972e+02
2.410000e-06	9.630531e-07	4.484411e-09	6.708435e+00	2.930900e+02
2.420000e-06	8.286306e-07	4.231477e-09	5.772075e+00	2.760458e+02
2.430000e-06	6.939325e-07	3.956790e-09	4.833795e+00	2.582940e+02
2.440000e-06	5.590517e-07	3.669007e-09	3.894242e+00	2.397607e+02
2.450000e-06	4.240360e-07	3.374182e-09	2.953750e+00	2.203919e+02
2.460000e-06	2.888794e-07	3.071468e-09	2.012276e+00	2.001689e+02
2.470000e-06	1.536177e-07	2.751683e-09	1.070070e+00	1.791040e+02
2.480000e-06	1.833780e-08	2.412647e-09	1.277374e-01	1.572160e+02
2.490000e-06	-1.169379e-07	2.064968e-09	-8.145661e-01	1.344969e+02
2.500000e-06	-2.521942e-07	1.712520e-09	-1.756735e+00	1.108946e+02
2.510000e-06	-3.873655e-07	1.347927e-09	-2.698311e+00	8.632215e+01
2.520000e-06	-5.224222e-07	9.574452e-10	-3.639088e+00	6.069596e+01
2.530000e-06	-6.573019e-07	5.453955e-10	-4.578634e+00	3.398060e+01
2.540000e-06	-7.919091e-07	1.216628e-10	-5.516280e+00	6.219494e+00
2.550000e-06	-9.262247e-07	-3.111910e-10	-6.451896e+00	-2.246284e+01
2.560000e-06	-1.060229e-06	-7.587562e-10	-7.385342e+00	-5.188199e+01
2.570000e-06	-1.193866e-06	-1.221424e-09	-8.316233e+00	-8.182089e+01
2.580000e-06	-1.327131e-06	-1.686386e-09	-9.244527e+00	-1.120467e+02
2.590000e-06	-1.459961e-06	-2.144931e-09	-1.016980e+01	-1.423129e+02
2.600000e-06	-1.592256e-06	-2.598052e-09	-1.109134e+01	-1.723561e+02
2.610000e-06	-1.723892e-06	-3.048707e-09	-1.200829e+01	-2.019011e+02
2.620000e-06	-1.854788e-06	-3.492392e-09	-1.292008e+01	-2.306805e+02
2.630000e-06	-1.985003e-06	-3.919875e-09	-1.382713e+01	-2.584620e+02
2.640000e-06	-2.114591e-06	-4.326031e-09	-1.472982e+01	-2.850687e+02
2.650000e-06	-2.243504e-06	-4.713688e-09	-1.562780e+01	-3.103838e+02
2.660000e-06	-2.371673e-06	-5.083562e-09	-1.652060e+01	-3.343398e+02
2.670000e-06	-2.499045e-06	-5.432141e-09	-1.740785e+01	-3.569053e+02
2.680000e-06	-2.625509e-06	-5.754913e-09	-1.828877e+01	-3.780795e+02
2.690000e-06	-2.751072e-06	-6.053430e-09	-1.916342e+01	-3.978964e+02
2.700000e-06	-2.875650e-06	-6.334491e-09	-2.003120e+01	-4.164283e+02
2.710000e-06	-2.999020e-06	-6.601705e-09	-2.089057e+01	-4.337781e+02
2.720000e-06	-3.121289e-06	-6.854786e-09	-2.174228e+01	-4.500558e+02
2.730000e-06	-3.242513e-06	-7.088769e-09	-2.258670e+01	-4.653507e+02
2.740000e-06	-3.362523e-06	-7.306080e-09	-2.342266e+01	-4.797162e+02
2.750000e-06	-3.481257e-06	-7.513155e-09	-2.424974e+01	-4.931776e+02
2.760000e-06	-3.598662e-06	-7.710007e-09	-2.506756e+01	-5.057583e+02
2.770000e-06	-3.714671e-06	-7.890457e-09	-2.587565e+01	-5.175070e+02
2.780000e-06	-3.829178e-06	-8.054352e-09	-2.667329e+01	-5.285062e+02
2.790000e-06	-3.942117e-06	-8.210133e-09	-2.746000e+01	-5.388562e+02
2.800000e-06	-4.053459e-06	-8.362502e-09	-2.823558e+01	-5.486458e+02
2.810000e-06	-4.163191e-06	-8.507559e-09	-2.899996e+01	-5.579281e+02
2.820000e-06	-4.271443e-06	-8.638824e-09	-2.975402e+01	-5.667179e+02
2.830000e-06	-4.378344e-06	-8.759922e-09	-3.049867e+01	-5.750088e+02
2.840000e-06	-4.483816e-06	-8.878558e-09	-3.123337e+01	-5.827981e+02
2.850000e-06	-4.587711e-06	-8.994736e-09	-3.195708e+01	-5.901025e+02
2.860000e-06	-4.689909e-06	-9.102386e-09	-3.266897e+01	-5.969585e+02
2.870000e-06	-4.790291e-06	-9.198173e-09	-3.336821e+01	-6.034119e+02
2.880000e-06	-4.888982e-06	-9.287220e-09	-3.405567e+01	-6.095084e+02
2.890000e-06	-4.986098e-06	-9.376973e-09	-3.473216e+01	-6.152906e+02
2.900000e-06	-5.081522e-06	-9.464719e-09	-3.539687e+01	-6.208008e+02
2.910000e-06	-5.175086e-06	-9.545871e-09	-3.604861e+01	-6.260781e+02
2.920000e-06	-5.266756e-06	-9.621669e-09	-3.668717e+01	-6.311492e+02
2.930000e-06	-5.356632e-06	-9.695110e-09	-3.731323e+01	-6.360156e+02
2.940000e-06	-5.444677e-06	-9.769943e-09	-3.792653e+01	-6.406519e+02
2.950000e-06	-5.530741e-06	-9.841021e-09	-3.852604e+01	-6.450212e+02
2.960000e-06	-5.614743e-06	-9.903504e-09	-3.911118e+01	-6.491029e+02
2.970000e-06	-5.696801e-06	-9.960501e-09	-3.968277e+01	-6.529162e+02
2.980000e-06	-5.776992e-06	-1.001643e-08	-4.024137e+01	-6.565201e+02
2.990000e-06	-5.855061e-06	-1.007199e-08	-4.078518e+01	-6.599871e+02
3.000000e-06	-5.930747e-06	-1.012293e-08	-4.131240e+01	-6.633641e+02
3.010000e-06	-6.004158e-06	-1.016827e-08	-4.182376e+01	-6.666465e+02
3.020000e-06	-6.075475e-06	-1.021447e-08	-4.232055e+01	-6.697838e+02
3.030000e-06	-6.144594e-06	-1.026393e-08	-4.280201e+01	-6.727141e+02
3.040000e-06	-6.211461e-06	-1.031088e-08	-4.326780e+01	-6.754070e+02
3.050000e-06	-6.276192e-06	-1.034927e-08	-4.371870e+01	-6.778861e+02
3.060000e-06	-6.338694e-06	-1.038222e-08	-4.415408e+01	-6.802168e+02
3.070000e-06	-6.398868e-06	-1.041711e-08	-4.457323e+01	-6.824677e+02
3.080000e-06	-6.456761e-06	-1.045466e-08	-4.497651e+01	-6.846709e+02
3.090000e-06	-6.512406e-06	-1.048711e-08	-4.536412e+01	-6.868069e+02
3.100000e-06	-6.565604e-06	-1.051254e-08	-4.573468e+01	-6.888211e+02
3.110000e-06	-6.616099e-06	-1.053586e-08	-4.608643e+01	-6.906619e+02
3.120000e-06	-6.663856e-06	-1.056257e-08	-4.641909e+01	-6.923134e+02
3.130000e-06	-6.709171e-06	-1.059089e-08	-4.673475e+01	-6.938045e+02
3.140000e-06	-6.752369e-06	-1.061360e-08	-4.703565e+01	-6.951912e+02
3.150000e-06	-6.793406e-06	-1.063336e-08	-4.732151e+01	-6.965244e+02
3.160000e-06	-6.832127e-06	-1.065391e-08	-4.759123e+01	-6.978243e+02
3.170000e-06	-6.868408e-06	-1.067581e-08	-4.784396e+01	-6.990730e+02
3.180000e-06	-6.902312e-06	-1.069477e-08	-4.808013e+01	-7.002284e+02
3.190000e-06	-6.933840e-06	-1.070774e-08	-4.829975e+01	-7.012486e+02
3.200000e-06	-6.962811e-06	-1.071727e-08	-4.850155e+01	-7.021137e+02
3.210000e-06	-6.989271e-06	-1.072806e-08	-4.868587e+01	-7.028362e+02
3.220000e-06	-7.013346e-06	-1.074003e-08	-4.885357e+01	-7.034565e+02
3.230000e-06	-7.034925e-06	-1.075060e-08	-4.900388e+01	-7.040249e+02
3.240000e-06	-7.053965e-06	-1.075849e-08	-4.913651e+01	-7.045787e+02
3.250000e-06	-7.070616e-06	-1.076738e-08	-4.925250e+01	-7.051225e+02
3.260000e-06	-7.084630e-06	-1.077667e-08	-4.935012e+01	-7.056224e+02
3.270000e-06	-7.095848e-06	-1.078069e-08	-4.942826e+01	-7.060197e+02
3.280000e-06	-7.104544e-06	-1.077994e-08	-4.948883e+01	-7.062601e+02
3.290000e-06	-7.110690e-06	-1.077759e-08	-4.953165e+01	-7.063256e+02
3.300000e-06	-7.114246e-06	-1.077614e-08	-4.955641e+01	-7.062490e+02
3.310000e-06	-7.115440e-06	-1.077355e-08	-4.956473e+01	-7.060997e+02
