# Temperatura_=_20.0
# Concentracion g/m^3_=_10000.0
# C_Vs_to_Am_M_A/Vsm_=_65563218390.804596
# pendiente_HvsI_1/m_=_3716.3
# ordenada_HvsI_A/m_=_1297.0
# frecuencia_Hz_=_301261.45726984885

Tiempo_(s)	Campo_(V.s)	Magnetizacion_(V.s)	Campo_(kA/m)	Magnetizacion_(A/m)
0.000000e+00	-7.096329e-06	-1.093435e-08	-4.956033e+01	-7.164097e+02
1.000000e-08	-7.093511e-06	-1.093992e-08	-4.954064e+01	-7.164105e+02
2.000000e-08	-7.088315e-06	-1.093986e-08	-4.950436e+01	-7.163313e+02
3.000000e-08	-7.080922e-06	-1.093606e-08	-4.945272e+01	-7.161056e+02
4.000000e-08	-7.071190e-06	-1.093022e-08	-4.938476e+01	-7.156861e+02
5.000000e-08	-7.058917e-06	-1.091837e-08	-4.929904e+01	-7.150733e+02
6.000000e-08	-7.044041e-06	-1.090459e-08	-4.919515e+01	-7.143241e+02
7.000000e-08	-7.026698e-06	-1.089138e-08	-4.907403e+01	-7.135280e+02
8.000000e-08	-7.007085e-06	-1.087250e-08	-4.893705e+01	-7.127595e+02
9.000000e-08	-6.985007e-06	-1.089370e-08	-4.878286e+01	-7.120299e+02
1.000000e-07	-6.960056e-06	-1.088901e-08	-4.860860e+01	-7.112735e+02
1.100000e-07	-6.932226e-06	-1.084890e-08	-4.841424e+01	-7.103815e+02
1.200000e-07	-6.901962e-06	-1.083660e-08	-4.820288e+01	-7.092684e+02
1.300000e-07	-6.869619e-06	-1.084438e-08	-4.797700e+01	-7.079322e+02
1.400000e-07	-6.835286e-06	-1.076846e-08	-4.773722e+01	-7.064676e+02
1.500000e-07	-6.798921e-06	-1.074451e-08	-4.748325e+01	-7.050179e+02
1.600000e-07	-6.760349e-06	-1.079537e-08	-4.721386e+01	-7.036919e+02
1.700000e-07	-6.719545e-06	-1.068108e-08	-4.692889e+01	-7.024950e+02
1.800000e-07	-6.676314e-06	-1.070102e-08	-4.662697e+01	-7.013176e+02
1.900000e-07	-6.630515e-06	-1.070788e-08	-4.630711e+01	-6.999900e+02
2.000000e-07	-6.582300e-06	-1.063445e-08	-4.597038e+01	-6.983692e+02
2.100000e-07	-6.531416e-06	-1.064872e-08	-4.561501e+01	-6.964084e+02
2.200000e-07	-6.477820e-06	-1.058565e-08	-4.524070e+01	-6.941664e+02
2.300000e-07	-6.421858e-06	-1.055616e-08	-4.484987e+01	-6.917589e+02
2.400000e-07	-6.363514e-06	-1.051282e-08	-4.444239e+01	-6.892850e+02
2.500000e-07	-6.302805e-06	-1.045756e-08	-4.401841e+01	-6.867750e+02
2.600000e-07	-6.239886e-06	-1.044603e-08	-4.357898e+01	-6.841896e+02
2.700000e-07	-6.174692e-06	-1.038939e-08	-4.312367e+01	-6.814606e+02
2.800000e-07	-6.107195e-06	-1.035122e-08	-4.265228e+01	-6.785432e+02
2.900000e-07	-6.037485e-06	-1.029956e-08	-4.216543e+01	-6.754431e+02
3.000000e-07	-5.965601e-06	-1.026228e-08	-4.166339e+01	-6.722069e+02
3.100000e-07	-5.891423e-06	-1.021239e-08	-4.114534e+01	-6.688864e+02
3.200000e-07	-5.814937e-06	-1.014228e-08	-4.061116e+01	-6.655044e+02
3.300000e-07	-5.736112e-06	-1.011263e-08	-4.006065e+01	-6.620418e+02
3.400000e-07	-5.654986e-06	-1.004194e-08	-3.949407e+01	-6.584501e+02
3.500000e-07	-5.571939e-06	-9.991001e-09	-3.891408e+01	-6.546760e+02
3.600000e-07	-5.487149e-06	-9.930869e-09	-3.832191e+01	-6.506829e+02
3.700000e-07	-5.400572e-06	-9.856297e-09	-3.771727e+01	-6.464612e+02
3.800000e-07	-5.312117e-06	-9.789096e-09	-3.709950e+01	-6.420281e+02
3.900000e-07	-5.221654e-06	-9.714141e-09	-3.646771e+01	-6.374205e+02
4.000000e-07	-5.129292e-06	-9.648947e-09	-3.582266e+01	-6.326838e+02
4.100000e-07	-5.035210e-06	-9.574793e-09	-3.516560e+01	-6.278538e+02
4.200000e-07	-4.939384e-06	-9.508315e-09	-3.449635e+01	-6.229359e+02
4.300000e-07	-4.841671e-06	-9.435426e-09	-3.381393e+01	-6.178900e+02
4.400000e-07	-4.742095e-06	-9.355451e-09	-3.311850e+01	-6.126362e+02
4.500000e-07	-4.640857e-06	-9.263417e-09	-3.241146e+01	-6.070851e+02
4.600000e-07	-4.538027e-06	-9.158782e-09	-3.169330e+01	-6.011835e+02
4.700000e-07	-4.433590e-06	-9.064111e-09	-3.096392e+01	-5.949485e+02
4.800000e-07	-4.327523e-06	-8.972662e-09	-3.022316e+01	-5.884642e+02
4.900000e-07	-4.219851e-06	-8.881408e-09	-2.947118e+01	-5.818360e+02
5.000000e-07	-4.110613e-06	-8.780889e-09	-2.870827e+01	-5.751252e+02
5.100000e-07	-3.999882e-06	-8.674779e-09	-2.793493e+01	-5.683036e+02
5.200000e-07	-3.887802e-06	-8.566178e-09	-2.715217e+01	-5.612598e+02
5.300000e-07	-3.774270e-06	-8.450559e-09	-2.635927e+01	-5.538576e+02
5.400000e-07	-3.659152e-06	-8.323540e-09	-2.555530e+01	-5.460122e+02
5.500000e-07	-3.542530e-06	-8.187153e-09	-2.474081e+01	-5.377374e+02
5.600000e-07	-3.424584e-06	-8.057042e-09	-2.391709e+01	-5.291314e+02
5.700000e-07	-3.305526e-06	-7.928190e-09	-2.308559e+01	-5.203115e+02
5.800000e-07	-3.185331e-06	-7.795778e-09	-2.224616e+01	-5.113364e+02
5.900000e-07	-3.063965e-06	-7.656348e-09	-2.139855e+01	-5.021678e+02
6.000000e-07	-2.941465e-06	-7.510782e-09	-2.054301e+01	-4.926919e+02
6.100000e-07	-2.817845e-06	-7.362430e-09	-1.967966e+01	-4.827853e+02
6.200000e-07	-2.693202e-06	-7.204426e-09	-1.880916e+01	-4.723812e+02
6.300000e-07	-2.567611e-06	-7.035900e-09	-1.793204e+01	-4.614953e+02
6.400000e-07	-2.441187e-06	-6.857978e-09	-1.704910e+01	-4.501970e+02
6.500000e-07	-2.313976e-06	-6.678385e-09	-1.616067e+01	-4.385521e+02
6.600000e-07	-2.185908e-06	-6.495418e-09	-1.526625e+01	-4.265744e+02
6.700000e-07	-2.057007e-06	-6.304825e-09	-1.436601e+01	-4.142176e+02
6.800000e-07	-1.927365e-06	-6.106657e-09	-1.346060e+01	-4.014062e+02
6.900000e-07	-1.797006e-06	-5.902231e-09	-1.255018e+01	-3.880794e+02
7.000000e-07	-1.666018e-06	-5.695599e-09	-1.163537e+01	-3.742164e+02
7.100000e-07	-1.534439e-06	-5.480878e-09	-1.071643e+01	-3.598279e+02
7.200000e-07	-1.402270e-06	-5.253705e-09	-9.793366e+00	-3.449239e+02
7.300000e-07	-1.269607e-06	-5.014512e-09	-8.866858e+00	-3.294841e+02
7.400000e-07	-1.136507e-06	-4.767633e-09	-7.937298e+00	-3.134513e+02
7.500000e-07	-1.002992e-06	-4.512095e-09	-7.004833e+00	-2.967522e+02
7.600000e-07	-8.691372e-07	-4.245873e-09	-6.070001e+00	-2.793278e+02
7.700000e-07	-7.350253e-07	-3.967948e-09	-5.133371e+00	-2.611528e+02
7.800000e-07	-6.007053e-07	-3.679463e-09	-4.195289e+00	-2.422307e+02
7.900000e-07	-4.662359e-07	-3.382911e-09	-3.256163e+00	-2.225707e+02
8.000000e-07	-3.316101e-07	-3.074034e-09	-2.315944e+00	-2.021595e+02
8.100000e-07	-1.968794e-07	-2.749183e-09	-1.374994e+00	-1.809478e+02
8.200000e-07	-6.209918e-08	-2.407495e-09	-4.336968e-01	-1.588561e+02
8.300000e-07	7.268658e-08	-2.052646e-09	5.076386e-01	-1.357946e+02
8.400000e-07	2.074688e-07	-1.684068e-09	1.448949e+00	-1.116875e+02
8.500000e-07	3.422039e-07	-1.299480e-09	2.389931e+00	-8.649152e+01
8.600000e-07	4.768061e-07	-8.970537e-10	3.329985e+00	-6.020449e+01
8.700000e-07	6.112583e-07	-4.776510e-10	4.268991e+00	-3.286593e+01
8.800000e-07	7.455298e-07	-4.667709e-11	5.206734e+00	-4.552582e+00
8.900000e-07	8.795816e-07	3.958307e-10	6.142944e+00	2.462708e+01
9.000000e-07	1.013330e-06	8.521392e-10	7.077036e+00	5.453629e+01
9.100000e-07	1.146731e-06	1.319887e-09	8.008700e+00	8.500844e+01
9.200000e-07	1.279742e-06	1.791402e-09	8.937643e+00	1.158399e+02
9.300000e-07	1.412243e-06	2.261601e-09	9.863021e+00	1.467811e+02
9.400000e-07	1.544171e-06	2.729042e-09	1.078440e+01	1.775342e+02
9.500000e-07	1.675519e-06	3.192485e-09	1.170172e+01	2.077662e+02
9.600000e-07	1.806305e-06	3.643253e-09	1.261512e+01	2.371412e+02
9.700000e-07	1.936545e-06	4.071281e-09	1.352471e+01	2.653652e+02
9.800000e-07	2.066105e-06	4.474699e-09	1.442955e+01	2.922269e+02
9.900000e-07	2.194832e-06	4.856362e-09	1.532857e+01	3.176180e+02
1.000000e-06	2.322646e-06	5.220305e-09	1.622122e+01	3.415255e+02
1.010000e-06	2.449592e-06	5.563724e-09	1.710780e+01	3.640005e+02
1.020000e-06	2.575778e-06	5.884226e-09	1.798908e+01	3.851198e+02
1.030000e-06	2.701191e-06	6.185171e-09	1.886495e+01	4.049577e+02
1.040000e-06	2.825641e-06	6.470643e-09	1.973411e+01	4.235753e+02
1.050000e-06	2.949057e-06	6.739349e-09	2.059603e+01	4.410243e+02
1.060000e-06	3.071490e-06	6.988857e-09	2.145110e+01	4.573549e+02
1.070000e-06	3.192775e-06	7.217740e-09	2.229814e+01	4.726218e+02
1.080000e-06	3.312794e-06	7.430898e-09	2.313635e+01	4.868838e+02
1.090000e-06	3.431628e-06	7.633513e-09	2.396628e+01	5.002051e+02
1.100000e-06	3.549184e-06	7.824909e-09	2.478729e+01	5.126569e+02
1.110000e-06	3.665394e-06	8.003525e-09	2.559889e+01	5.243209e+02
1.120000e-06	3.780231e-06	8.169584e-09	2.640090e+01	5.352871e+02
1.130000e-06	3.893545e-06	8.327342e-09	2.719228e+01	5.456426e+02
1.140000e-06	4.005314e-06	8.478602e-09	2.797287e+01	5.554546e+02
1.150000e-06	4.115716e-06	8.619920e-09	2.874391e+01	5.647587e+02
1.160000e-06	4.224750e-06	8.750539e-09	2.950539e+01	5.735600e+02
1.170000e-06	4.332321e-06	8.875907e-09	3.025666e+01	5.818513e+02
1.180000e-06	4.438355e-06	8.997572e-09	3.099720e+01	5.896356e+02
1.190000e-06	4.542650e-06	9.111499e-09	3.172559e+01	5.969418e+02
1.200000e-06	4.645282e-06	9.214917e-09	3.244236e+01	6.038224e+02
1.210000e-06	4.746292e-06	9.311851e-09	3.314781e+01	6.103363e+02
1.220000e-06	4.845613e-06	9.405928e-09	3.384147e+01	6.165294e+02
1.230000e-06	4.943122e-06	9.496853e-09	3.452246e+01	6.224263e+02
1.240000e-06	5.038730e-06	9.581476e-09	3.519018e+01	6.280369e+02
1.250000e-06	5.132629e-06	9.659683e-09	3.584597e+01	6.333705e+02
1.260000e-06	5.224848e-06	9.736047e-09	3.649002e+01	6.384452e+02
1.270000e-06	5.315255e-06	9.812910e-09	3.712142e+01	6.432847e+02
1.280000e-06	5.403663e-06	9.886392e-09	3.773885e+01	6.479072e+02
1.290000e-06	5.490087e-06	9.951564e-09	3.834243e+01	6.523162e+02
1.300000e-06	5.574671e-06	1.000944e-08	3.893316e+01	6.565036e+02
1.310000e-06	5.657387e-06	1.006650e-08	3.951084e+01	6.604644e+02
1.320000e-06	5.738083e-06	1.012399e-08	4.007442e+01	6.642118e+02
1.330000e-06	5.816644e-06	1.017768e-08	4.062308e+01	6.677795e+02
1.340000e-06	5.893080e-06	1.022683e-08	4.115691e+01	6.712081e+02
1.350000e-06	5.967249e-06	1.027693e-08	4.167490e+01	6.745233e+02
1.360000e-06	6.039154e-06	1.032944e-08	4.217708e+01	6.777218e+02
1.370000e-06	6.108959e-06	1.037634e-08	4.266460e+01	6.807750e+02
1.380000e-06	6.176650e-06	1.041585e-08	4.313735e+01	6.836489e+02
1.390000e-06	6.242055e-06	1.045249e-08	4.359413e+01	6.863266e+02
1.400000e-06	6.305254e-06	1.049019e-08	4.403550e+01	6.888187e+02
1.410000e-06	6.366377e-06	1.052563e-08	4.446239e+01	6.911566e+02
1.420000e-06	6.425305e-06	1.055593e-08	4.487394e+01	6.933743e+02
1.430000e-06	6.481898e-06	1.058532e-08	4.526918e+01	6.954947e+02
1.440000e-06	6.536084e-06	1.061751e-08	4.564761e+01	6.975255e+02
1.450000e-06	6.587707e-06	1.065273e-08	4.600814e+01	6.994668e+02
1.460000e-06	6.636588e-06	1.068407e-08	4.634952e+01	7.013182e+02
1.470000e-06	6.682993e-06	1.070807e-08	4.667362e+01	7.030786e+02
1.480000e-06	6.727178e-06	1.072856e-08	4.698220e+01	7.047388e+02
1.490000e-06	6.768950e-06	1.074972e-08	4.727393e+01	7.062760e+02
1.500000e-06	6.808223e-06	1.077102e-08	4.754821e+01	7.076602e+02
1.510000e-06	6.845205e-06	1.078759e-08	4.780649e+01	7.088713e+02
1.520000e-06	6.879830e-06	1.080125e-08	4.804831e+01	7.099188e+02
1.530000e-06	6.911968e-06	1.081614e-08	4.827276e+01	7.108472e+02
1.540000e-06	6.941770e-06	1.083323e-08	4.848089e+01	7.117198e+02
1.550000e-06	6.969217e-06	1.084992e-08	4.867259e+01	7.125891e+02
1.560000e-06	6.994016e-06	1.086261e-08	4.884578e+01	7.134695e+02
1.570000e-06	7.016242e-06	1.087342e-08	4.900101e+01	7.143289e+02
1.580000e-06	7.036163e-06	1.088464e-08	4.914013e+01	7.151050e+02
1.590000e-06	7.053666e-06	1.089546e-08	4.926237e+01	7.157354e+02
1.600000e-06	7.068539e-06	1.090092e-08	4.936624e+01	7.161856e+02
1.610000e-06	7.080667e-06	1.090114e-08	4.945094e+01	7.164604e+02
1.620000e-06	7.090036e-06	1.090178e-08	4.951638e+01	7.165978e+02
1.630000e-06	7.096858e-06	1.090566e-08	4.956402e+01	7.166516e+02
1.640000e-06	7.101329e-06	1.091102e-08	4.959525e+01	7.166727e+02
1.650000e-06	7.103284e-06	1.091353e-08	4.960890e+01	7.166933e+02
1.660000e-06	7.102703e-06	1.091588e-08	4.960484e+01	7.167177e+02
1.670000e-06	7.099820e-06	1.091098e-08	4.958471e+01	7.167168e+02
1.680000e-06	7.094606e-06	1.090737e-08	4.954830e+01	7.166335e+02
1.690000e-06	7.087013e-06	1.090287e-08	4.949526e+01	7.164014e+02
1.700000e-06	7.077105e-06	1.089373e-08	4.942607e+01	7.159747e+02
1.710000e-06	7.064766e-06	1.088486e-08	4.933990e+01	7.153558e+02
1.720000e-06	7.049958e-06	1.087520e-08	4.923648e+01	7.146032e+02
1.730000e-06	7.032927e-06	1.088323e-08	4.911753e+01	7.138072e+02
1.740000e-06	7.013656e-06	1.085689e-08	4.898294e+01	7.130403e+02
1.750000e-06	6.991315e-06	1.081459e-08	4.882691e+01	7.123113e+02
1.760000e-06	6.965506e-06	1.082429e-08	4.864667e+01	7.115521e+02
1.770000e-06	6.936828e-06	1.081714e-08	4.844638e+01	7.106533e+02
1.780000e-06	6.905940e-06	1.075834e-08	4.823066e+01	7.095317e+02
1.790000e-06	6.873415e-06	1.081928e-08	4.800351e+01	7.081888e+02
1.800000e-06	6.839353e-06	1.076555e-08	4.776562e+01	7.067222e+02
1.810000e-06	6.802996e-06	1.067937e-08	4.751170e+01	7.052755e+02
1.820000e-06	6.764094e-06	1.077923e-08	4.724002e+01	7.039547e+02
1.830000e-06	6.723065e-06	1.068302e-08	4.695347e+01	7.027610e+02
1.840000e-06	6.679581e-06	1.070136e-08	4.664978e+01	7.015814e+02
1.850000e-06	6.633534e-06	1.071316e-08	4.632820e+01	7.002453e+02
1.860000e-06	6.585121e-06	1.059196e-08	4.599008e+01	6.986125e+02
1.870000e-06	6.534215e-06	1.065555e-08	4.563456e+01	6.966401e+02
1.880000e-06	6.480817e-06	1.057758e-08	4.526163e+01	6.943901e+02
1.890000e-06	6.424802e-06	1.056110e-08	4.487043e+01	6.919789e+02
1.900000e-06	6.366399e-06	1.054450e-08	4.446254e+01	6.895036e+02
1.910000e-06	6.305786e-06	1.043663e-08	4.403922e+01	6.869919e+02
1.920000e-06	6.242731e-06	1.047128e-08	4.359885e+01	6.844026e+02
1.930000e-06	6.177466e-06	1.039029e-08	4.314304e+01	6.816674e+02
1.940000e-06	6.110001e-06	1.036250e-08	4.267187e+01	6.787431e+02
1.950000e-06	6.040200e-06	1.029488e-08	4.218438e+01	6.756372e+02
1.960000e-06	5.968115e-06	1.023405e-08	4.168095e+01	6.723972e+02
1.970000e-06	5.893753e-06	1.023694e-08	4.116161e+01	6.690744e+02
1.980000e-06	5.817134e-06	1.012977e-08	4.062651e+01	6.656900e+02
1.990000e-06	5.738209e-06	1.011825e-08	4.007530e+01	6.622238e+02
2.000000e-06	5.657262e-06	1.002585e-08	3.950997e+01	6.586264e+02
2.010000e-06	5.574459e-06	9.976643e-09	3.893168e+01	6.548450e+02
2.020000e-06	5.489601e-06	9.934489e-09	3.833904e+01	6.508437e+02
2.030000e-06	5.402644e-06	9.854498e-09	3.773173e+01	6.466141e+02
2.040000e-06	5.313728e-06	9.807602e-09	3.711075e+01	6.421740e+02
2.050000e-06	5.223133e-06	9.710289e-09	3.647804e+01	6.375611e+02
2.060000e-06	5.130793e-06	9.671473e-09	3.583314e+01	6.328205e+02
2.070000e-06	5.036470e-06	9.577322e-09	3.517440e+01	6.279876e+02
2.080000e-06	4.940260e-06	9.496724e-09	3.450247e+01	6.230661e+02
2.090000e-06	4.842388e-06	9.407909e-09	3.381894e+01	6.180144e+02
2.100000e-06	4.742920e-06	9.331079e-09	3.312426e+01	6.127514e+02
2.110000e-06	4.641655e-06	9.269530e-09	3.241703e+01	6.071883e+02
2.120000e-06	4.538527e-06	9.170869e-09	3.169679e+01	6.012741e+02
2.130000e-06	4.433788e-06	9.080744e-09	3.096531e+01	5.950285e+02
2.140000e-06	4.327627e-06	8.968256e-09	3.022388e+01	5.885373e+02
2.150000e-06	4.220036e-06	8.876456e-09	2.947247e+01	5.819055e+02
2.160000e-06	4.110913e-06	8.768827e-09	2.871036e+01	5.751919e+02
2.170000e-06	4.000243e-06	8.661390e-09	2.793745e+01	5.683646e+02
2.180000e-06	3.888069e-06	8.550011e-09	2.715403e+01	5.613103e+02
2.190000e-06	3.774418e-06	8.445143e-09	2.636031e+01	5.538932e+02
2.200000e-06	3.659360e-06	8.341485e-09	2.555674e+01	5.460316e+02
2.210000e-06	3.542791e-06	8.216040e-09	2.474264e+01	5.377430e+02
2.220000e-06	3.424728e-06	8.078372e-09	2.391809e+01	5.291275e+02
2.230000e-06	3.305326e-06	7.934270e-09	2.308420e+01	5.203015e+02
2.240000e-06	3.184700e-06	7.801813e-09	2.224175e+01	5.113208e+02
2.250000e-06	3.063031e-06	7.665410e-09	2.139202e+01	5.021435e+02
2.260000e-06	2.940408e-06	7.519627e-09	2.053563e+01	4.926542e+02
2.270000e-06	2.816751e-06	7.362455e-09	1.967201e+01	4.827305e+02
2.280000e-06	2.691984e-06	7.204486e-09	1.880065e+01	4.723085e+02
2.290000e-06	2.566217e-06	7.047768e-09	1.792230e+01	4.614065e+02
2.300000e-06	2.439560e-06	6.880081e-09	1.703774e+01	4.500950e+02
2.310000e-06	2.311990e-06	6.697741e-09	1.614680e+01	4.384383e+02
2.320000e-06	2.183549e-06	6.511059e-09	1.524977e+01	4.264482e+02
2.330000e-06	2.054385e-06	6.327027e-09	1.434770e+01	4.140765e+02
2.340000e-06	1.924582e-06	6.140440e-09	1.344116e+01	4.012475e+02
2.350000e-06	1.794148e-06	5.936062e-09	1.253022e+01	3.879017e+02
2.360000e-06	1.663153e-06	5.717978e-09	1.161536e+01	3.740196e+02
2.370000e-06	1.531586e-06	5.497527e-09	1.069650e+01	3.596127e+02
2.380000e-06	1.399382e-06	5.276258e-09	9.773199e+00	3.446902e+02
2.390000e-06	1.266575e-06	5.043439e-09	8.845680e+00	3.292303e+02
2.400000e-06	1.133280e-06	4.794155e-09	7.914757e+00	3.131750e+02
2.410000e-06	9.996345e-07	4.534246e-09	6.981386e+00	2.964509e+02
2.420000e-06	8.656874e-07	4.269890e-09	6.045908e+00	2.789999e+02
2.430000e-06	7.314976e-07	3.998717e-09	5.108734e+00	2.607980e+02
2.440000e-06	5.970666e-07	3.708992e-09	4.169877e+00	2.418496e+02
2.450000e-06	4.624327e-07	3.404324e-09	3.229602e+00	2.221631e+02
2.460000e-06	3.276911e-07	3.091426e-09	2.288575e+00	2.017244e+02
2.470000e-06	1.928345e-07	2.773548e-09	1.346744e+00	1.804828e+02
2.480000e-06	5.785487e-08	2.442073e-09	4.040549e-01	1.583580e+02
2.490000e-06	-7.717892e-08	2.087934e-09	-5.390128e-01	1.352603e+02
2.500000e-06	-2.121573e-07	1.715051e-09	-1.481694e+00	1.111149e+02
2.510000e-06	-3.469955e-07	1.332266e-09	-2.423395e+00	8.587972e+01
2.520000e-06	-4.817020e-07	9.369228e-10	-3.364177e+00	5.955424e+01
2.530000e-06	-6.162690e-07	5.195410e-10	-4.303985e+00	3.217935e+01
2.540000e-06	-7.506137e-07	8.365773e-11	-5.242240e+00	3.833033e+00
2.550000e-06	-8.846996e-07	-3.626077e-10	-6.178687e+00	-2.537519e+01
2.560000e-06	-1.018520e-06	-8.145710e-10	-7.113279e+00	-5.530756e+01
2.570000e-06	-1.152022e-06	-1.276432e-09	-8.045648e+00	-8.579628e+01
2.580000e-06	-1.285119e-06	-1.750398e-09	-8.975190e+00	-1.166362e+02
2.590000e-06	-1.417693e-06	-2.227006e-09	-9.901079e+00	-1.475761e+02
2.600000e-06	-1.549656e-06	-2.694672e-09	-1.082270e+01	-1.783165e+02
2.610000e-06	-1.680998e-06	-3.150904e-09	-1.173999e+01	-2.085235e+02
2.620000e-06	-1.811662e-06	-3.598918e-09	-1.265254e+01	-2.378621e+02
2.630000e-06	-1.941681e-06	-4.035911e-09	-1.356058e+01	-2.660405e+02
2.640000e-06	-2.071163e-06	-4.450137e-09	-1.446488e+01	-2.928508e+02
2.650000e-06	-2.200024e-06	-4.836676e-09	-1.536484e+01	-3.181887e+02
2.660000e-06	-2.328135e-06	-5.200321e-09	-1.625955e+01	-3.420439e+02
2.670000e-06	-2.455413e-06	-5.545048e-09	-1.714846e+01	-3.644691e+02
2.680000e-06	-2.581816e-06	-5.871508e-09	-1.803124e+01	-3.855413e+02
2.690000e-06	-2.707324e-06	-6.172735e-09	-1.890779e+01	-4.053347e+02
2.700000e-06	-2.831786e-06	-6.451452e-09	-1.977702e+01	-4.239097e+02
2.710000e-06	-2.955076e-06	-6.715751e-09	-2.063807e+01	-4.413179e+02
2.720000e-06	-3.077353e-06	-6.969574e-09	-2.149205e+01	-4.576095e+02
2.730000e-06	-3.198649e-06	-7.209199e-09	-2.233917e+01	-4.728394e+02
2.740000e-06	-3.318739e-06	-7.426890e-09	-2.317787e+01	-4.870668e+02
2.750000e-06	-3.437583e-06	-7.626506e-09	-2.400787e+01	-5.003557e+02
2.760000e-06	-3.555181e-06	-7.815841e-09	-2.482917e+01	-5.127778e+02
2.770000e-06	-3.671291e-06	-7.995286e-09	-2.564007e+01	-5.244153e+02
2.780000e-06	-3.785773e-06	-8.161286e-09	-2.643961e+01	-5.353583e+02
2.790000e-06	-3.898755e-06	-8.316015e-09	-2.722866e+01	-5.456933e+02
2.800000e-06	-4.010245e-06	-8.466170e-09	-2.800730e+01	-5.554868e+02
2.810000e-06	-4.120132e-06	-8.613081e-09	-2.877475e+01	-5.647730e+02
2.820000e-06	-4.228520e-06	-8.750736e-09	-2.953172e+01	-5.735562e+02
2.830000e-06	-4.335569e-06	-8.873791e-09	-3.027935e+01	-5.818292e+02
2.840000e-06	-4.441260e-06	-8.987468e-09	-3.101749e+01	-5.895957e+02
2.850000e-06	-4.545409e-06	-9.098032e-09	-3.174486e+01	-5.968857e+02
2.860000e-06	-4.647876e-06	-9.204429e-09	-3.246048e+01	-6.037523e+02
2.870000e-06	-4.748545e-06	-9.303734e-09	-3.316355e+01	-6.102540e+02
2.880000e-06	-4.847473e-06	-9.395297e-09	-3.385446e+01	-6.164362e+02
2.890000e-06	-4.944832e-06	-9.485109e-09	-3.453441e+01	-6.223227e+02
2.900000e-06	-5.040552e-06	-9.574102e-09	-3.520291e+01	-6.279232e+02
2.910000e-06	-5.134481e-06	-9.658200e-09	-3.585890e+01	-6.332472e+02
2.920000e-06	-5.226456e-06	-9.734540e-09	-3.650125e+01	-6.383130e+02
2.930000e-06	-5.316600e-06	-9.804719e-09	-3.713081e+01	-6.431446e+02
2.940000e-06	-5.404977e-06	-9.875050e-09	-3.774803e+01	-6.477595e+02
2.950000e-06	-5.491456e-06	-9.945172e-09	-3.835199e+01	-6.521607e+02
2.960000e-06	-5.575864e-06	-1.000957e-08	-3.894149e+01	-6.563400e+02
2.970000e-06	-5.658280e-06	-1.006904e-08	-3.951708e+01	-6.602928e+02
2.980000e-06	-5.738855e-06	-1.012737e-08	-4.007981e+01	-6.640331e+02
2.990000e-06	-5.817425e-06	-1.018639e-08	-4.062854e+01	-6.675952e+02
3.000000e-06	-5.893694e-06	-1.024161e-08	-4.116120e+01	-6.710194e+02
3.010000e-06	-5.967603e-06	-1.028822e-08	-4.167738e+01	-6.743307e+02
3.020000e-06	-6.039350e-06	-1.033234e-08	-4.217845e+01	-6.775246e+02
3.030000e-06	-6.108895e-06	-1.038133e-08	-4.266415e+01	-6.805719e+02
3.040000e-06	-6.176202e-06	-1.043096e-08	-4.313421e+01	-6.834389e+02
3.050000e-06	-6.241343e-06	-1.047341e-08	-4.358915e+01	-6.861096e+02
3.060000e-06	-6.304364e-06	-1.050942e-08	-4.402929e+01	-6.885956e+02
3.070000e-06	-6.365082e-06	-1.054578e-08	-4.445334e+01	-6.909286e+02
3.080000e-06	-6.423442e-06	-1.058376e-08	-4.486092e+01	-6.931426e+02
3.090000e-06	-6.479592e-06	-1.061871e-08	-4.525307e+01	-6.952597e+02
3.100000e-06	-6.533423e-06	-1.064595e-08	-4.562903e+01	-6.972873e+02
3.110000e-06	-6.584626e-06	-1.066940e-08	-4.598662e+01	-6.992253e+02
3.120000e-06	-6.633020e-06	-1.069609e-08	-4.632461e+01	-7.010735e+02
3.130000e-06	-6.678920e-06	-1.072710e-08	-4.664517e+01	-7.028305e+02
3.140000e-06	-6.722714e-06	-1.075570e-08	-4.695102e+01	-7.044868e+02
3.150000e-06	-6.764359e-06	-1.077832e-08	-4.724187e+01	-7.060191e+02
3.160000e-06	-6.803654e-06	-1.080000e-08	-4.751630e+01	-7.073973e+02
3.170000e-06	-6.840528e-06	-1.082100e-08	-4.777383e+01	-7.086021e+02
3.180000e-06	-6.875056e-06	-1.084052e-08	-4.801497e+01	-7.096445e+02
3.190000e-06	-6.907230e-06	-1.085373e-08	-4.823967e+01	-7.105697e+02
3.200000e-06	-6.936880e-06	-1.086214e-08	-4.844675e+01	-7.114414e+02
3.210000e-06	-6.963987e-06	-1.087226e-08	-4.863606e+01	-7.123112e+02
3.220000e-06	-6.988678e-06	-1.088789e-08	-4.880850e+01	-7.131916e+02
3.230000e-06	-7.010892e-06	-1.090523e-08	-4.896364e+01	-7.140492e+02
3.240000e-06	-7.030563e-06	-1.091725e-08	-4.910102e+01	-7.148210e+02
3.250000e-06	-7.047780e-06	-1.092620e-08	-4.922126e+01	-7.154453e+02
3.260000e-06	-7.062464e-06	-1.093595e-08	-4.932382e+01	-7.158889e+02
3.270000e-06	-7.074395e-06	-1.094185e-08	-4.940714e+01	-7.161580e+02
3.280000e-06	-7.083717e-06	-1.094111e-08	-4.947224e+01	-7.162915e+02
3.290000e-06	-7.090568e-06	-1.093755e-08	-4.952009e+01	-7.163434e+02
3.300000e-06	-7.094852e-06	-1.093408e-08	-4.955001e+01	-7.163639e+02
3.310000e-06	-7.096733e-06	-1.093392e-08	-4.956315e+01	-7.163848e+02
