# Temperatura_=_20.0
# Concentracion g/m^3_=_10000.0
# C_Vs_to_Am_M_A/Vsm_=_65563218390.804596
# pendiente_HvsI_1/m_=_3716.3
# ordenada_HvsI_A/m_=_1297.0
# frecuencia_Hz_=_301152.61881671485

Tiempo_(s)	Campo_(V.s)	Magnetizacion_(V.s)	Campo_(kA/m)	Magnetizacion_(A/m)
0.000000e+00	-6.558647e-06	-1.043314e-08	-4.559710e+01	-6.837668e+02
1.000000e-08	-6.555929e-06	-1.043180e-08	-4.557821e+01	-6.836106e+02
2.000000e-08	-6.550959e-06	-1.042933e-08	-4.554366e+01	-6.834475e+02
3.000000e-08	-6.543956e-06	-1.042834e-08	-4.549497e+01	-6.832023e+02
4.000000e-08	-6.534958e-06	-1.042126e-08	-4.543241e+01	-6.827793e+02
5.000000e-08	-6.523696e-06	-1.040679e-08	-4.535412e+01	-6.821361e+02
6.000000e-08	-6.509980e-06	-1.038844e-08	-4.525876e+01	-6.813263e+02
7.000000e-08	-6.493779e-06	-1.036615e-08	-4.514613e+01	-6.804710e+02
8.000000e-08	-6.475184e-06	-1.037759e-08	-4.501686e+01	-6.796742e+02
9.000000e-08	-6.454320e-06	-1.040984e-08	-4.487180e+01	-6.789424e+02
1.000000e-07	-6.431022e-06	-1.037598e-08	-4.470983e+01	-6.781733e+02
1.100000e-07	-6.405138e-06	-1.033715e-08	-4.452988e+01	-6.772296e+02
1.200000e-07	-6.376855e-06	-1.033380e-08	-4.433325e+01	-6.760493e+02
1.300000e-07	-6.346690e-06	-1.026585e-08	-4.412354e+01	-6.747101e+02
1.400000e-07	-6.314912e-06	-1.023744e-08	-4.390261e+01	-6.733940e+02
1.500000e-07	-6.281155e-06	-1.031590e-08	-4.366792e+01	-6.722676e+02
1.600000e-07	-6.245151e-06	-1.021950e-08	-4.341761e+01	-6.713579e+02
1.700000e-07	-6.207181e-06	-1.019008e-08	-4.315364e+01	-6.705137e+02
1.800000e-07	-6.167030e-06	-1.025252e-08	-4.287450e+01	-6.694844e+02
1.900000e-07	-6.124473e-06	-1.015824e-08	-4.257863e+01	-6.680671e+02
2.000000e-07	-6.079768e-06	-1.015161e-08	-4.226784e+01	-6.662242e+02
2.100000e-07	-6.032872e-06	-1.012180e-08	-4.194180e+01	-6.640911e+02
2.200000e-07	-5.983639e-06	-1.005811e-08	-4.159953e+01	-6.618706e+02
2.300000e-07	-5.931866e-06	-1.004854e-08	-4.123959e+01	-6.596896e+02
2.400000e-07	-5.877613e-06	-1.002257e-08	-4.086242e+01	-6.575187e+02
2.500000e-07	-5.821199e-06	-1.000215e-08	-4.047021e+01	-6.552069e+02
2.600000e-07	-5.762555e-06	-9.926158e-09	-4.006251e+01	-6.526048e+02
2.700000e-07	-5.701795e-06	-9.868987e-09	-3.964009e+01	-6.496838e+02
2.800000e-07	-5.639158e-06	-9.857894e-09	-3.920462e+01	-6.465673e+02
2.900000e-07	-5.574629e-06	-9.809980e-09	-3.875600e+01	-6.434517e+02
3.000000e-07	-5.507986e-06	-9.776291e-09	-3.829269e+01	-6.404745e+02
3.100000e-07	-5.439138e-06	-9.714955e-09	-3.781404e+01	-6.376200e+02
3.200000e-07	-5.368330e-06	-9.672075e-09	-3.732177e+01	-6.347262e+02
3.300000e-07	-5.295709e-06	-9.633963e-09	-3.681689e+01	-6.315826e+02
3.400000e-07	-5.221120e-06	-9.568691e-09	-3.629833e+01	-6.280500e+02
3.500000e-07	-5.144406e-06	-9.506658e-09	-3.576500e+01	-6.241272e+02
3.600000e-07	-5.065523e-06	-9.429570e-09	-3.521659e+01	-6.199283e+02
3.700000e-07	-4.984546e-06	-9.392366e-09	-3.465362e+01	-6.156009e+02
3.800000e-07	-4.901784e-06	-9.339004e-09	-3.407824e+01	-6.112453e+02
3.900000e-07	-4.817449e-06	-9.262121e-09	-3.349193e+01	-6.068821e+02
4.000000e-07	-4.731564e-06	-9.178720e-09	-3.289484e+01	-6.024736e+02
4.100000e-07	-4.644183e-06	-9.102261e-09	-3.228735e+01	-5.979633e+02
4.200000e-07	-4.555285e-06	-9.051999e-09	-3.166931e+01	-5.932984e+02
4.300000e-07	-4.464688e-06	-8.980837e-09	-3.103946e+01	-5.884245e+02
4.400000e-07	-4.372345e-06	-8.894848e-09	-3.039747e+01	-5.832756e+02
4.500000e-07	-4.278421e-06	-8.803717e-09	-2.974449e+01	-5.777859e+02
4.600000e-07	-4.183090e-06	-8.725081e-09	-2.908173e+01	-5.719291e+02
4.700000e-07	-4.086337e-06	-8.640746e-09	-2.840908e+01	-5.657559e+02
4.800000e-07	-3.987993e-06	-8.537038e-09	-2.772537e+01	-5.593909e+02
4.900000e-07	-3.888108e-06	-8.428382e-09	-2.703095e+01	-5.529749e+02
5.000000e-07	-3.786790e-06	-8.330276e-09	-2.632657e+01	-5.465778e+02
5.100000e-07	-3.684155e-06	-8.249182e-09	-2.561303e+01	-5.401412e+02
5.200000e-07	-3.580325e-06	-8.154646e-09	-2.489118e+01	-5.334926e+02
5.300000e-07	-3.475211e-06	-8.034056e-09	-2.416041e+01	-5.264331e+02
5.400000e-07	-3.368722e-06	-7.903205e-09	-2.342007e+01	-5.188464e+02
5.500000e-07	-3.260917e-06	-7.784503e-09	-2.267059e+01	-5.107628e+02
5.600000e-07	-3.151982e-06	-7.668769e-09	-2.191325e+01	-5.023366e+02
5.700000e-07	-3.041981e-06	-7.538284e-09	-2.114850e+01	-4.937515e+02
5.800000e-07	-2.930973e-06	-7.396843e-09	-2.037675e+01	-4.851152e+02
5.900000e-07	-2.818975e-06	-7.262847e-09	-1.959811e+01	-4.764035e+02
6.000000e-07	-2.705864e-06	-7.136111e-09	-1.881174e+01	-4.674855e+02
6.100000e-07	-2.591596e-06	-6.996791e-09	-1.801732e+01	-4.582025e+02
6.200000e-07	-2.476229e-06	-6.837245e-09	-1.721527e+01	-4.484495e+02
6.300000e-07	-2.359864e-06	-6.670708e-09	-1.640627e+01	-4.382106e+02
6.400000e-07	-2.242537e-06	-6.514281e-09	-1.559059e+01	-4.275377e+02
6.500000e-07	-2.124400e-06	-6.358620e-09	-1.476928e+01	-4.164976e+02
6.600000e-07	-2.005621e-06	-6.187012e-09	-1.394351e+01	-4.051276e+02
6.700000e-07	-1.886178e-06	-6.001739e-09	-1.311311e+01	-3.934225e+02
6.800000e-07	-1.766043e-06	-5.816053e-09	-1.227790e+01	-3.813522e+02
6.900000e-07	-1.645274e-06	-5.630755e-09	-1.143830e+01	-3.688861e+02
7.000000e-07	-1.523917e-06	-5.434955e-09	-1.059459e+01	-3.560045e+02
7.100000e-07	-1.401922e-06	-5.221510e-09	-9.746459e+00	-3.426915e+02
7.200000e-07	-1.279283e-06	-5.000181e-09	-8.893845e+00	-3.289210e+02
7.300000e-07	-1.156111e-06	-4.784735e-09	-8.037527e+00	-3.146507e+02
7.400000e-07	-1.032515e-06	-4.569131e-09	-7.178264e+00	-2.998293e+02
7.500000e-07	-9.085455e-07	-4.338204e-09	-6.316401e+00	-2.844119e+02
7.600000e-07	-7.842643e-07	-4.088582e-09	-5.452372e+00	-2.683711e+02
7.700000e-07	-6.597482e-07	-3.830860e-09	-4.586709e+00	-2.516979e+02
7.800000e-07	-5.350130e-07	-3.571034e-09	-3.719524e+00	-2.343948e+02
7.900000e-07	-4.100609e-07	-3.299979e-09	-2.850831e+00	-2.164653e+02
8.000000e-07	-2.849576e-07	-3.009378e-09	-1.981086e+00	-1.979063e+02
8.100000e-07	-1.597248e-07	-2.707016e-09	-1.110441e+00	-1.787012e+02
8.200000e-07	-3.444392e-08	-2.405635e-09	-2.394615e-01	-1.588127e+02
8.300000e-07	9.083842e-08	-2.101762e-09	6.315280e-01	-1.381789e+02
8.400000e-07	2.161394e-07	-1.779292e-09	1.502647e+00	-1.167193e+02
8.500000e-07	3.413759e-07	-1.432286e-09	2.373318e+00	-9.435580e+01
8.600000e-07	4.664919e-07	-1.071092e-09	3.243150e+00	-7.104303e+01
8.700000e-07	5.914784e-07	-7.034040e-10	4.112083e+00	-4.679413e+01
8.800000e-07	7.162566e-07	-3.238204e-10	4.979568e+00	-2.168491e+01
8.900000e-07	8.407279e-07	7.371884e-11	5.844918e+00	4.168136e+00
9.000000e-07	9.648816e-07	4.835062e-10	6.708062e+00	3.064314e+01
9.100000e-07	1.088679e-06	8.942038e-10	7.568727e+00	5.763794e+01
9.200000e-07	1.212075e-06	1.306112e-09	8.426603e+00	8.506622e+01
9.300000e-07	1.335024e-06	1.727822e-09	9.281370e+00	1.128257e+02
9.400000e-07	1.457503e-06	2.160287e-09	1.013287e+01	1.407594e+02
9.500000e-07	1.579444e-06	2.590214e-09	1.098063e+01	1.686367e+02
9.600000e-07	1.700755e-06	3.006695e-09	1.182401e+01	1.961715e+02
9.700000e-07	1.821369e-06	3.411132e-09	1.266254e+01	2.230677e+02
9.800000e-07	1.941278e-06	3.808803e-09	1.349617e+01	2.490712e+02
9.900000e-07	2.060574e-06	4.193441e-09	1.432555e+01	2.740019e+02
1.000000e-06	2.179194e-06	4.555099e-09	1.515022e+01	2.977578e+02
1.010000e-06	2.297035e-06	4.894243e-09	1.596947e+01	3.203001e+02
1.020000e-06	2.414004e-06	5.216767e-09	1.678267e+01	3.416352e+02
1.030000e-06	2.530002e-06	5.528263e-09	1.758911e+01	3.618022e+02
1.040000e-06	2.645027e-06	5.822865e-09	1.838879e+01	3.808646e+02
1.050000e-06	2.758947e-06	6.096108e-09	1.918078e+01	3.988952e+02
1.060000e-06	2.871696e-06	6.351755e-09	1.996464e+01	4.159534e+02
1.070000e-06	2.983395e-06	6.595900e-09	2.074119e+01	4.320636e+02
1.080000e-06	3.094102e-06	6.827831e-09	2.151085e+01	4.472130e+02
1.090000e-06	3.203866e-06	7.042031e-09	2.227396e+01	4.613756e+02
1.100000e-06	3.312617e-06	7.239230e-09	2.303002e+01	4.745544e+02
1.110000e-06	3.420222e-06	7.423562e-09	2.377811e+01	4.868151e+02
1.120000e-06	3.526592e-06	7.601208e-09	2.451762e+01	4.982879e+02
1.130000e-06	3.631517e-06	7.769254e-09	2.524707e+01	5.091306e+02
1.140000e-06	3.735021e-06	7.926390e-09	2.596666e+01	5.194737e+02
1.150000e-06	3.837270e-06	8.075871e-09	2.667751e+01	5.293781e+02
1.160000e-06	3.938236e-06	8.221468e-09	2.737945e+01	5.388296e+02
1.170000e-06	4.037801e-06	8.362259e-09	2.807165e+01	5.477718e+02
1.180000e-06	4.135824e-06	8.491190e-09	2.875313e+01	5.561547e+02
1.190000e-06	4.232238e-06	8.606956e-09	2.942342e+01	5.639709e+02
1.200000e-06	4.327120e-06	8.712683e-09	3.008306e+01	5.712637e+02
1.210000e-06	4.420630e-06	8.815812e-09	3.073316e+01	5.781092e+02
1.220000e-06	4.512758e-06	8.917120e-09	3.137365e+01	5.845893e+02
1.230000e-06	4.603261e-06	9.013481e-09	3.200285e+01	5.907729e+02
1.240000e-06	4.691960e-06	9.103360e-09	3.261950e+01	5.967083e+02
1.250000e-06	4.778988e-06	9.191351e-09	3.322454e+01	6.024221e+02
1.260000e-06	4.864469e-06	9.277838e-09	3.381882e+01	6.079189e+02
1.270000e-06	4.948366e-06	9.357372e-09	3.440209e+01	6.131805e+02
1.280000e-06	5.030499e-06	9.428968e-09	3.497309e+01	6.181730e+02
1.290000e-06	5.110721e-06	9.495551e-09	3.553082e+01	6.228629e+02
1.300000e-06	5.189102e-06	9.561904e-09	3.607574e+01	6.272394e+02
1.310000e-06	5.265593e-06	9.627205e-09	3.660752e+01	6.313279e+02
1.320000e-06	5.340017e-06	9.687318e-09	3.712493e+01	6.351831e+02
1.330000e-06	5.412379e-06	9.741967e-09	3.762800e+01	6.388658e+02
1.340000e-06	5.482852e-06	9.796575e-09	3.811795e+01	6.424158e+02
1.350000e-06	5.551470e-06	9.852107e-09	3.859500e+01	6.458407e+02
1.360000e-06	5.618084e-06	9.902781e-09	3.905811e+01	6.491255e+02
1.370000e-06	5.682616e-06	9.946101e-09	3.950676e+01	6.522540e+02
1.380000e-06	5.745242e-06	9.986310e-09	3.994214e+01	6.552233e+02
1.390000e-06	5.806035e-06	1.002991e-08	4.036479e+01	6.580394e+02
1.400000e-06	5.864716e-06	1.007571e-08	4.077275e+01	6.607010e+02
1.410000e-06	5.921167e-06	1.011423e-08	4.116521e+01	6.631903e+02
1.420000e-06	5.975525e-06	1.014454e-08	4.154311e+01	6.654843e+02
1.430000e-06	6.027601e-06	1.017483e-08	4.190516e+01	6.675821e+02
1.440000e-06	6.077160e-06	1.020757e-08	4.224971e+01	6.695265e+02
1.450000e-06	6.124453e-06	1.023836e-08	4.257850e+01	6.713938e+02
1.460000e-06	6.169761e-06	1.026377e-08	4.289349e+01	6.732521e+02
1.470000e-06	6.212891e-06	1.028866e-08	4.319333e+01	6.751120e+02
1.480000e-06	6.253622e-06	1.031709e-08	4.347651e+01	6.769069e+02
1.490000e-06	6.292167e-06	1.034483e-08	4.374448e+01	6.785248e+02
1.500000e-06	6.328694e-06	1.036566e-08	4.399842e+01	6.798764e+02
1.510000e-06	6.362968e-06	1.037838e-08	4.423670e+01	6.809557e+02
1.520000e-06	6.394912e-06	1.038983e-08	4.445879e+01	6.818504e+02
1.530000e-06	6.424758e-06	1.040495e-08	4.466628e+01	6.826920e+02
1.540000e-06	6.452433e-06	1.042020e-08	4.485868e+01	6.835758e+02
1.550000e-06	6.477637e-06	1.043247e-08	4.503391e+01	6.845067e+02
1.560000e-06	6.500438e-06	1.044296e-08	4.519243e+01	6.854050e+02
1.570000e-06	6.521139e-06	1.045577e-08	4.533634e+01	6.861666e+02
1.580000e-06	6.539662e-06	1.046909e-08	4.546512e+01	6.867335e+02
1.590000e-06	6.555762e-06	1.047545e-08	4.557705e+01	6.871239e+02
1.600000e-06	6.569418e-06	1.047532e-08	4.567199e+01	6.874055e+02
1.610000e-06	6.580514e-06	1.047587e-08	4.574913e+01	6.876369e+02
1.620000e-06	6.589040e-06	1.048094e-08	4.580840e+01	6.878262e+02
1.630000e-06	6.595310e-06	1.048635e-08	4.585200e+01	6.879375e+02
1.640000e-06	6.599424e-06	1.048655e-08	4.588059e+01	6.879359e+02
1.650000e-06	6.601151e-06	1.048573e-08	4.589260e+01	6.878304e+02
1.660000e-06	6.600523e-06	1.048587e-08	4.588823e+01	6.876736e+02
1.670000e-06	6.597819e-06	1.048153e-08	4.586944e+01	6.875162e+02
1.680000e-06	6.592962e-06	1.047563e-08	4.583567e+01	6.873533e+02
1.690000e-06	6.585854e-06	1.046528e-08	4.578625e+01	6.871119e+02
1.700000e-06	6.576642e-06	1.045696e-08	4.572221e+01	6.866956e+02
1.710000e-06	6.565262e-06	1.045548e-08	4.564309e+01	6.860590e+02
1.720000e-06	6.551528e-06	1.046464e-08	4.554761e+01	6.852523e+02
1.730000e-06	6.535611e-06	1.046087e-08	4.543696e+01	6.843956e+02
1.740000e-06	6.517627e-06	1.039048e-08	4.531193e+01	6.835949e+02
1.750000e-06	6.496892e-06	1.036380e-08	4.516777e+01	6.828611e+02
1.760000e-06	6.472894e-06	1.037011e-08	4.500093e+01	6.820949e+02
1.770000e-06	6.446206e-06	1.034598e-08	4.481540e+01	6.811583e+02
1.780000e-06	6.417527e-06	1.039408e-08	4.461601e+01	6.799850e+02
1.790000e-06	6.387247e-06	1.038281e-08	4.440549e+01	6.786478e+02
1.800000e-06	6.355502e-06	1.026249e-08	4.418480e+01	6.773266e+02
1.810000e-06	6.321753e-06	1.032868e-08	4.395017e+01	6.761909e+02
1.820000e-06	6.285809e-06	1.031498e-08	4.370028e+01	6.752742e+02
1.830000e-06	6.247775e-06	1.025703e-08	4.343586e+01	6.744309e+02
1.840000e-06	6.207273e-06	1.032130e-08	4.315428e+01	6.734114e+02
1.850000e-06	6.164528e-06	1.020471e-08	4.285711e+01	6.720089e+02
1.860000e-06	6.119685e-06	1.020865e-08	4.254535e+01	6.701788e+02
1.870000e-06	6.072568e-06	1.024776e-08	4.221778e+01	6.680517e+02
1.880000e-06	6.023371e-06	1.016230e-08	4.187575e+01	6.658303e+02
1.890000e-06	5.971645e-06	1.013700e-08	4.151614e+01	6.636466e+02
1.900000e-06	5.917339e-06	1.004890e-08	4.113859e+01	6.614765e+02
1.910000e-06	5.860955e-06	1.007106e-08	4.074660e+01	6.591718e+02
1.920000e-06	5.802555e-06	1.006304e-08	4.034060e+01	6.565806e+02
1.930000e-06	5.742220e-06	9.952751e-09	3.992113e+01	6.536687e+02
1.940000e-06	5.679772e-06	9.943685e-09	3.948698e+01	6.505549e+02
1.950000e-06	5.615215e-06	9.853981e-09	3.903816e+01	6.474353e+02
1.960000e-06	5.548647e-06	9.846707e-09	3.857537e+01	6.444515e+02
1.970000e-06	5.479871e-06	9.795197e-09	3.809723e+01	6.415938e+02
1.980000e-06	5.409005e-06	9.715202e-09	3.760455e+01	6.387043e+02
1.990000e-06	5.336198e-06	9.699822e-09	3.709838e+01	6.355717e+02
2.000000e-06	5.261478e-06	9.628301e-09	3.657891e+01	6.320530e+02
2.010000e-06	5.184669e-06	9.618384e-09	3.604492e+01	6.281418e+02
2.020000e-06	5.105778e-06	9.514806e-09	3.549645e+01	6.239492e+02
2.030000e-06	5.025144e-06	9.429194e-09	3.493587e+01	6.196233e+02
2.040000e-06	4.942851e-06	9.369363e-09	3.436375e+01	6.152669e+02
2.050000e-06	4.858852e-06	9.314462e-09	3.377977e+01	6.109035e+02
2.060000e-06	4.772956e-06	9.277504e-09	3.318260e+01	6.064966e+02
2.070000e-06	4.685218e-06	9.161342e-09	3.257263e+01	6.019900e+02
2.080000e-06	4.595885e-06	9.098924e-09	3.195157e+01	5.973306e+02
2.090000e-06	4.505117e-06	9.025919e-09	3.132053e+01	5.924643e+02
2.100000e-06	4.412777e-06	8.966115e-09	3.067856e+01	5.873255e+02
2.110000e-06	4.318658e-06	8.873414e-09	3.002423e+01	5.818479e+02
2.120000e-06	4.222969e-06	8.761678e-09	2.935898e+01	5.760030e+02
2.130000e-06	4.125890e-06	8.681567e-09	2.868406e+01	5.698383e+02
2.140000e-06	4.027478e-06	8.596503e-09	2.799989e+01	5.634766e+02
2.150000e-06	3.927662e-06	8.510918e-09	2.730594e+01	5.570596e+02
2.160000e-06	3.826256e-06	8.381321e-09	2.660095e+01	5.506612e+02
2.170000e-06	3.723340e-06	8.274914e-09	2.588545e+01	5.442276e+02
2.180000e-06	3.619130e-06	8.181481e-09	2.516096e+01	5.375892e+02
2.190000e-06	3.513776e-06	8.091535e-09	2.442852e+01	5.305462e+02
2.200000e-06	3.407340e-06	7.974661e-09	2.368855e+01	5.229778e+02
2.210000e-06	3.299825e-06	7.838159e-09	2.294109e+01	5.149089e+02
2.220000e-06	3.191035e-06	7.715755e-09	2.218476e+01	5.064906e+02
2.230000e-06	3.080988e-06	7.597171e-09	2.141969e+01	4.979078e+02
2.240000e-06	2.969888e-06	7.470289e-09	2.064729e+01	4.892719e+02
2.250000e-06	2.857712e-06	7.318928e-09	1.986742e+01	4.805639e+02
2.260000e-06	2.744458e-06	7.173834e-09	1.908005e+01	4.716551e+02
2.270000e-06	2.630142e-06	7.040886e-09	1.828531e+01	4.623866e+02
2.280000e-06	2.514748e-06	6.908814e-09	1.748306e+01	4.526502e+02
2.290000e-06	2.398299e-06	6.753883e-09	1.667349e+01	4.424271e+02
2.300000e-06	2.280847e-06	6.580464e-09	1.585693e+01	4.317675e+02
2.310000e-06	2.162434e-06	6.409883e-09	1.503370e+01	4.207388e+02
2.320000e-06	2.043247e-06	6.243001e-09	1.420509e+01	4.093795e+02
2.330000e-06	1.923409e-06	6.065673e-09	1.337194e+01	3.976859e+02
2.340000e-06	1.802902e-06	5.870074e-09	1.253416e+01	3.856282e+02
2.350000e-06	1.681797e-06	5.673497e-09	1.169221e+01	3.731758e+02
2.360000e-06	1.560222e-06	5.489278e-09	1.084699e+01	3.603083e+02
2.370000e-06	1.438130e-06	5.301913e-09	9.998186e+00	3.470102e+02
2.380000e-06	1.315528e-06	5.093569e-09	9.145829e+00	3.332558e+02
2.390000e-06	1.192482e-06	4.866150e-09	8.290388e+00	3.190033e+02
2.400000e-06	1.068982e-06	4.637134e-09	7.431790e+00	3.042015e+02
2.410000e-06	9.451443e-07	4.407674e-09	6.570844e+00	2.888051e+02
2.420000e-06	8.210313e-07	4.163295e-09	5.707984e+00	2.727858e+02
2.430000e-06	6.966207e-07	3.902070e-09	4.843055e+00	2.561343e+02
2.440000e-06	5.719107e-07	3.633625e-09	3.976044e+00	2.388527e+02
2.450000e-06	4.469654e-07	3.367481e-09	3.107398e+00	2.209446e+02
2.460000e-06	3.218572e-07	3.094456e-09	2.237620e+00	2.024074e+02
2.470000e-06	1.966258e-07	2.804149e-09	1.366984e+00	1.832249e+02
2.480000e-06	7.129832e-08	2.493650e-09	4.956811e-01	1.633608e+02
2.490000e-06	-5.406507e-08	2.174544e-09	-3.758718e-01	1.427540e+02
2.500000e-06	-1.793981e-07	1.850658e-09	-1.247213e+00	1.213245e+02
2.510000e-06	-3.046288e-07	1.512806e-09	-2.117844e+00	9.899339e+01
2.520000e-06	-4.296869e-07	1.154538e-09	-2.987274e+00	7.571377e+01
2.530000e-06	-5.545773e-07	7.814918e-10	-3.855539e+00	5.149641e+01
2.540000e-06	-6.792857e-07	4.048565e-10	-4.722538e+00	2.641512e+01
2.550000e-06	-8.037027e-07	1.898545e-11	-5.587511e+00	5.855568e-01
2.560000e-06	-9.277527e-07	-3.841985e-10	-6.449934e+00	-2.587007e+01
2.570000e-06	-1.051404e-06	-8.031528e-10	-7.309582e+00	-5.284873e+01
2.580000e-06	-1.174635e-06	-1.225300e-09	-8.166313e+00	-8.026400e+01
2.590000e-06	-1.297440e-06	-1.643984e-09	-9.020081e+00	-1.080149e+02
2.600000e-06	-1.419810e-06	-2.065323e-09	-9.870821e+00	-1.359468e+02
2.610000e-06	-1.541659e-06	-2.492328e-09	-1.071794e+01	-1.638318e+02
2.620000e-06	-1.662952e-06	-2.916331e-09	-1.156120e+01	-1.913849e+02
2.630000e-06	-1.783736e-06	-3.324578e-09	-1.240091e+01	-2.183095e+02
2.640000e-06	-1.903957e-06	-3.717742e-09	-1.323671e+01	-2.443495e+02
2.650000e-06	-2.023509e-06	-4.101495e-09	-1.406786e+01	-2.693216e+02
2.660000e-06	-2.142266e-06	-4.472300e-09	-1.489349e+01	-2.931213e+02
2.670000e-06	-2.260196e-06	-4.819448e-09	-1.571336e+01	-3.157081e+02
2.680000e-06	-2.377250e-06	-5.139169e-09	-1.652715e+01	-3.370866e+02
2.690000e-06	-2.493278e-06	-5.441406e-09	-1.733380e+01	-3.572953e+02
2.700000e-06	-2.608247e-06	-5.734895e-09	-1.813308e+01	-3.763968e+02
2.710000e-06	-2.722129e-06	-6.015425e-09	-1.892482e+01	-3.944640e+02
2.720000e-06	-2.834835e-06	-6.276223e-09	-1.970838e+01	-4.115572e+02
2.730000e-06	-2.946369e-06	-6.519340e-09	-2.048378e+01	-4.277022e+02
2.740000e-06	-3.056706e-06	-6.753314e-09	-2.125087e+01	-4.428873e+02
2.750000e-06	-3.165856e-06	-6.977180e-09	-2.200970e+01	-4.570863e+02
2.760000e-06	-3.273986e-06	-7.181378e-09	-2.276144e+01	-4.703005e+02
2.770000e-06	-3.381074e-06	-7.364621e-09	-2.350594e+01	-4.825931e+02
2.780000e-06	-3.487055e-06	-7.535317e-09	-2.424275e+01	-4.940922e+02
2.790000e-06	-3.591933e-06	-7.703085e-09	-2.497188e+01	-5.049557e+02
2.800000e-06	-3.695548e-06	-7.865850e-09	-2.569223e+01	-5.153161e+02
2.810000e-06	-3.797753e-06	-8.016066e-09	-2.640279e+01	-5.252369e+02
2.820000e-06	-3.898428e-06	-8.153309e-09	-2.710270e+01	-5.347064e+02
2.830000e-06	-3.997630e-06	-8.285654e-09	-2.779237e+01	-5.436688e+02
2.840000e-06	-4.095520e-06	-8.418082e-09	-2.847292e+01	-5.520729e+02
2.850000e-06	-4.192143e-06	-8.543168e-09	-2.914467e+01	-5.599098e+02
2.860000e-06	-4.287377e-06	-8.653836e-09	-2.980675e+01	-5.672211e+02
2.870000e-06	-4.381021e-06	-8.754964e-09	-3.045779e+01	-5.740820e+02
2.880000e-06	-4.472997e-06	-8.852670e-09	-3.109722e+01	-5.805748e+02
2.890000e-06	-4.563363e-06	-8.948580e-09	-3.172547e+01	-5.867690e+02
2.900000e-06	-4.652178e-06	-9.038999e-09	-3.234293e+01	-5.927135e+02
2.910000e-06	-4.739342e-06	-9.122414e-09	-3.294891e+01	-5.984360e+02
2.920000e-06	-4.824759e-06	-9.205369e-09	-3.354275e+01	-6.039416e+02
2.930000e-06	-4.908396e-06	-9.289946e-09	-3.412421e+01	-6.092131e+02
2.940000e-06	-4.990336e-06	-9.370550e-09	-3.469387e+01	-6.142167e+02
2.950000e-06	-5.070645e-06	-9.442337e-09	-3.525220e+01	-6.189187e+02
2.960000e-06	-5.149113e-06	-9.506173e-09	-3.579773e+01	-6.233072e+02
2.970000e-06	-5.225484e-06	-9.567958e-09	-3.632867e+01	-6.274060e+02
2.980000e-06	-5.299788e-06	-9.628421e-09	-3.684525e+01	-6.312694e+02
2.990000e-06	-5.372225e-06	-9.684829e-09	-3.734885e+01	-6.349583e+02
3.000000e-06	-5.442774e-06	-9.736990e-09	-3.783932e+01	-6.385137e+02
3.010000e-06	-5.511238e-06	-9.786545e-09	-3.831530e+01	-6.419441e+02
3.020000e-06	-5.577684e-06	-9.837899e-09	-3.877724e+01	-6.452351e+02
3.030000e-06	-5.642239e-06	-9.889500e-09	-3.922604e+01	-6.483703e+02
3.040000e-06	-5.704851e-06	-9.937685e-09	-3.966134e+01	-6.513461e+02
3.050000e-06	-5.765387e-06	-9.979761e-09	-4.008219e+01	-6.541686e+02
3.060000e-06	-5.823816e-06	-1.001888e-08	-4.048841e+01	-6.568369e+02
3.070000e-06	-5.880252e-06	-1.005846e-08	-4.088076e+01	-6.593337e+02
3.080000e-06	-5.934573e-06	-1.009609e-08	-4.125841e+01	-6.616357e+02
3.090000e-06	-5.986476e-06	-1.012658e-08	-4.161925e+01	-6.637411e+02
3.100000e-06	-6.035863e-06	-1.015289e-08	-4.196260e+01	-6.656906e+02
3.110000e-06	-6.082796e-06	-1.018154e-08	-4.228889e+01	-6.675602e+02
3.120000e-06	-6.127566e-06	-1.021384e-08	-4.260014e+01	-6.694192e+02
3.130000e-06	-6.170472e-06	-1.024410e-08	-4.289843e+01	-6.712806e+02
3.140000e-06	-6.211384e-06	-1.026852e-08	-4.318286e+01	-6.730805e+02
3.150000e-06	-6.250131e-06	-1.029012e-08	-4.345224e+01	-6.747076e+02
3.160000e-06	-6.286616e-06	-1.031247e-08	-4.370589e+01	-6.760704e+02
3.170000e-06	-6.320916e-06	-1.033422e-08	-4.394435e+01	-6.771593e+02
3.180000e-06	-6.353094e-06	-1.034926e-08	-4.416806e+01	-6.780593e+02
3.190000e-06	-6.382984e-06	-1.035868e-08	-4.437586e+01	-6.789016e+02
3.200000e-06	-6.410507e-06	-1.036947e-08	-4.456721e+01	-6.797841e+02
3.210000e-06	-6.435800e-06	-1.038512e-08	-4.474305e+01	-6.807153e+02
3.220000e-06	-6.458868e-06	-1.040026e-08	-4.490342e+01	-6.816175e+02
3.230000e-06	-6.479572e-06	-1.041053e-08	-4.504736e+01	-6.823864e+02
3.240000e-06	-6.498002e-06	-1.041683e-08	-4.517549e+01	-6.829612e+02
3.250000e-06	-6.514222e-06	-1.042485e-08	-4.528826e+01	-6.833578e+02
3.260000e-06	-6.527948e-06	-1.043340e-08	-4.538368e+01	-6.836430e+02
3.270000e-06	-6.539078e-06	-1.043637e-08	-4.546106e+01	-6.838767e+02
3.280000e-06	-6.547884e-06	-1.043505e-08	-4.552228e+01	-6.840689e+02
3.290000e-06	-6.554417e-06	-1.043596e-08	-4.556770e+01	-6.841846e+02
3.300000e-06	-6.558507e-06	-1.043875e-08	-4.559613e+01	-6.841881e+02
3.310000e-06	-6.560338e-06	-1.043684e-08	-4.560886e+01	-6.840866e+02
3.320000e-06	-6.560073e-06	-1.043350e-08	-4.560702e+01	-6.839315e+02
