# Temperatura_=_20.0
# Concentracion g/m^3_=_10000.0
# C_Vs_to_Am_M_A/Vsm_=_65563218390.804596
# pendiente_HvsI_1/m_=_3716.3
# ordenada_HvsI_A/m_=_1297.0
# frecuencia_Hz_=_301155.3658738778

Tiempo_(s)	Campo_(V.s)	Magnetizacion_(V.s)	Campo_(kA/m)	Magnetizacion_(A/m)
0.000000e+00	-6.555481e-06	-1.051340e-08	-4.559733e+01	-6.893048e+02
1.000000e-08	-6.552875e-06	-1.051292e-08	-4.557921e+01	-6.891666e+02
2.000000e-08	-6.548035e-06	-1.050780e-08	-4.554554e+01	-6.889944e+02
3.000000e-08	-6.541171e-06	-1.050433e-08	-4.549780e+01	-6.887358e+02
4.000000e-08	-6.532222e-06	-1.049963e-08	-4.543555e+01	-6.883006e+02
5.000000e-08	-6.520968e-06	-1.048852e-08	-4.535727e+01	-6.876228e+02
6.000000e-08	-6.507350e-06	-1.046855e-08	-4.526255e+01	-6.867228e+02
7.000000e-08	-6.491287e-06	-1.043588e-08	-4.515082e+01	-6.857168e+02
8.000000e-08	-6.472849e-06	-1.044723e-08	-4.502258e+01	-6.847535e+02
9.000000e-08	-6.452162e-06	-1.049181e-08	-4.487869e+01	-6.839146e+02
1.000000e-07	-6.428976e-06	-1.044868e-08	-4.471742e+01	-6.831482e+02
1.100000e-07	-6.403119e-06	-1.040345e-08	-4.453756e+01	-6.822898e+02
1.200000e-07	-6.374900e-06	-1.040841e-08	-4.434128e+01	-6.811654e+02
1.300000e-07	-6.344829e-06	-1.032270e-08	-4.413212e+01	-6.797111e+02
1.400000e-07	-6.313213e-06	-1.029605e-08	-4.391221e+01	-6.780271e+02
1.500000e-07	-6.279731e-06	-1.040349e-08	-4.367932e+01	-6.763253e+02
1.600000e-07	-6.243986e-06	-1.026425e-08	-4.343070e+01	-6.747988e+02
1.700000e-07	-6.206207e-06	-1.025041e-08	-4.316792e+01	-6.735012e+02
1.800000e-07	-6.166244e-06	-1.033199e-08	-4.288995e+01	-6.723120e+02
1.900000e-07	-6.123859e-06	-1.020788e-08	-4.259514e+01	-6.710115e+02
2.000000e-07	-6.079301e-06	-1.024104e-08	-4.228521e+01	-6.694117e+02
2.100000e-07	-6.032562e-06	-1.019607e-08	-4.196011e+01	-6.674550e+02
2.200000e-07	-5.983519e-06	-1.011737e-08	-4.161899e+01	-6.652209e+02
2.300000e-07	-5.931945e-06	-1.012640e-08	-4.126026e+01	-6.628442e+02
2.400000e-07	-5.877830e-06	-1.008392e-08	-4.088386e+01	-6.604122e+02
2.500000e-07	-5.821593e-06	-1.006157e-08	-4.049270e+01	-6.579147e+02
2.600000e-07	-5.763127e-06	-9.984305e-09	-4.008603e+01	-6.552763e+02
2.700000e-07	-5.702544e-06	-9.924704e-09	-3.966464e+01	-6.524399e+02
2.800000e-07	-5.640080e-06	-9.914589e-09	-3.923017e+01	-6.494289e+02
2.900000e-07	-5.575624e-06	-9.869843e-09	-3.878184e+01	-6.463401e+02
3.000000e-07	-5.509066e-06	-9.839024e-09	-3.831888e+01	-6.432718e+02
3.100000e-07	-5.440383e-06	-9.758293e-09	-3.784115e+01	-6.402416e+02
3.200000e-07	-5.369731e-06	-9.726223e-09	-3.734972e+01	-6.371590e+02
3.300000e-07	-5.297255e-06	-9.687725e-09	-3.684561e+01	-6.338747e+02
3.400000e-07	-5.222813e-06	-9.606964e-09	-3.632783e+01	-6.302728e+02
3.500000e-07	-5.146195e-06	-9.549085e-09	-3.579490e+01	-6.263428e+02
3.600000e-07	-5.067435e-06	-9.463647e-09	-3.524707e+01	-6.221792e+02
3.700000e-07	-4.986627e-06	-9.432657e-09	-3.468500e+01	-6.179155e+02
3.800000e-07	-4.904010e-06	-9.384943e-09	-3.411035e+01	-6.136378e+02
3.900000e-07	-4.819821e-06	-9.309004e-09	-3.352477e+01	-6.093388e+02
4.000000e-07	-4.734102e-06	-9.223696e-09	-3.292854e+01	-6.049366e+02
4.100000e-07	-4.646906e-06	-9.143066e-09	-3.232204e+01	-6.003378e+02
4.200000e-07	-4.558191e-06	-9.092615e-09	-3.170497e+01	-5.954929e+02
4.300000e-07	-4.467710e-06	-9.011219e-09	-3.107562e+01	-5.904086e+02
4.400000e-07	-4.375440e-06	-8.922037e-09	-3.043383e+01	-5.851150e+02
4.500000e-07	-4.281576e-06	-8.829195e-09	-2.978095e+01	-5.796226e+02
4.600000e-07	-4.186279e-06	-8.759710e-09	-2.911810e+01	-5.739073e+02
4.700000e-07	-4.089567e-06	-8.684192e-09	-2.844541e+01	-5.679347e+02
4.800000e-07	-3.991358e-06	-8.578666e-09	-2.776231e+01	-5.617003e+02
4.900000e-07	-3.891603e-06	-8.464661e-09	-2.706845e+01	-5.552474e+02
5.000000e-07	-3.790405e-06	-8.360148e-09	-2.636456e+01	-5.486428e+02
5.100000e-07	-3.687925e-06	-8.277111e-09	-2.565174e+01	-5.419242e+02
5.200000e-07	-3.584188e-06	-8.177004e-09	-2.493019e+01	-5.350580e+02
5.300000e-07	-3.479202e-06	-8.056923e-09	-2.419995e+01	-5.279433e+02
5.400000e-07	-3.372834e-06	-7.930850e-09	-2.346010e+01	-5.204623e+02
5.500000e-07	-3.265060e-06	-7.818273e-09	-2.271047e+01	-5.125472e+02
5.600000e-07	-3.156151e-06	-7.703175e-09	-2.195294e+01	-5.042190e+02
5.700000e-07	-3.046267e-06	-7.566279e-09	-2.118863e+01	-4.955727e+02
5.800000e-07	-2.935370e-06	-7.417442e-09	-2.041727e+01	-4.867190e+02
5.900000e-07	-2.823389e-06	-7.279110e-09	-1.963838e+01	-4.777202e+02
6.000000e-07	-2.710390e-06	-7.151728e-09	-1.885240e+01	-4.685582e+02
6.100000e-07	-2.596357e-06	-7.012343e-09	-1.805923e+01	-4.591492e+02
6.200000e-07	-2.481119e-06	-6.856429e-09	-1.725768e+01	-4.493894e+02
6.300000e-07	-2.364757e-06	-6.692946e-09	-1.644831e+01	-4.392005e+02
6.400000e-07	-2.247489e-06	-6.538190e-09	-1.563265e+01	-4.285514e+02
6.500000e-07	-2.129493e-06	-6.379254e-09	-1.481191e+01	-4.174515e+02
6.600000e-07	-2.010827e-06	-6.200716e-09	-1.398652e+01	-4.059292e+02
6.700000e-07	-1.891376e-06	-6.008330e-09	-1.315566e+01	-3.940141e+02
6.800000e-07	-1.771129e-06	-5.818401e-09	-1.231927e+01	-3.817281e+02
6.900000e-07	-1.650310e-06	-5.634035e-09	-1.147891e+01	-3.690819e+02
7.000000e-07	-1.529071e-06	-5.439071e-09	-1.063561e+01	-3.560703e+02
7.100000e-07	-1.407325e-06	-5.224485e-09	-9.788795e+00	-3.426624e+02
7.200000e-07	-1.284934e-06	-5.002314e-09	-8.937496e+00	-3.287974e+02
7.300000e-07	-1.161910e-06	-4.786416e-09	-8.081787e+00	-3.143919e+02
7.400000e-07	-1.038325e-06	-4.565856e-09	-7.222176e+00	-2.993634e+02
7.500000e-07	-9.142851e-07	-4.326760e-09	-6.359406e+00	-2.836581e+02
7.600000e-07	-7.899483e-07	-4.068894e-09	-5.494568e+00	-2.672683e+02
7.700000e-07	-6.654228e-07	-3.808475e-09	-4.628418e+00	-2.502281e+02
7.800000e-07	-5.407103e-07	-3.547999e-09	-3.760967e+00	-2.325893e+02
7.900000e-07	-4.158340e-07	-3.274617e-09	-2.892377e+00	-2.143880e+02
8.000000e-07	-2.908344e-07	-2.980045e-09	-2.022929e+00	-1.956194e+02
8.100000e-07	-1.656870e-07	-2.673603e-09	-1.152453e+00	-1.762292e+02
8.200000e-07	-4.046930e-08	-2.370276e-09	-2.814885e-01	-1.561233e+02
8.300000e-07	8.473713e-08	-2.061154e-09	5.893980e-01	-1.351911e+02
8.400000e-07	2.099215e-07	-1.730844e-09	1.460131e+00	-1.133341e+02
8.500000e-07	3.350606e-07	-1.373992e-09	2.330549e+00	-9.049393e+01
8.600000e-07	4.600624e-07	-1.004081e-09	3.200012e+00	-6.667241e+01
8.700000e-07	5.848834e-07	-6.290480e-10	4.068217e+00	-4.193474e+01
8.800000e-07	7.095651e-07	-2.421878e-10	4.935455e+00	-1.639323e+01
8.900000e-07	8.340588e-07	1.612867e-10	5.801383e+00	9.825175e+00
9.000000e-07	9.582728e-07	5.744701e-10	6.665367e+00	3.661229e+01
9.100000e-07	1.082132e-06	9.861072e-10	7.526880e+00	6.389334e+01
9.200000e-07	1.205492e-06	1.400941e-09	8.384923e+00	9.160982e+01
9.300000e-07	1.328309e-06	1.828159e-09	9.239193e+00	1.196756e+02
9.400000e-07	1.450555e-06	2.267974e-09	1.008949e+01	1.479298e+02
9.500000e-07	1.572216e-06	2.705273e-09	1.093572e+01	1.761157e+02
9.600000e-07	1.693418e-06	3.126524e-09	1.177874e+01	2.039042e+02
9.700000e-07	1.814168e-06	3.533203e-09	1.261863e+01	2.309556e+02
9.800000e-07	1.934289e-06	3.929796e-09	1.345415e+01	2.569901e+02
9.900000e-07	2.053609e-06	4.311024e-09	1.428409e+01	2.818355e+02
1.000000e-06	2.172153e-06	4.669682e-09	1.510863e+01	3.054332e+02
1.010000e-06	2.289944e-06	5.006888e-09	1.592795e+01	3.278060e+02
1.020000e-06	2.406902e-06	5.329411e-09	1.674146e+01	3.490133e+02
1.030000e-06	2.522968e-06	5.642293e-09	1.754877e+01	3.691151e+02
1.040000e-06	2.637963e-06	5.937120e-09	1.834862e+01	3.881566e+02
1.050000e-06	2.751820e-06	6.208854e-09	1.914057e+01	4.061669e+02
1.060000e-06	2.864668e-06	6.461833e-09	1.992550e+01	4.231620e+02
1.070000e-06	2.976486e-06	6.702978e-09	2.070326e+01	4.391451e+02
1.080000e-06	3.087239e-06	6.933030e-09	2.147362e+01	4.541114e+02
1.090000e-06	3.196974e-06	7.145457e-09	2.223689e+01	4.680623e+02
1.100000e-06	3.305736e-06	7.338791e-09	2.299339e+01	4.810305e+02
1.110000e-06	3.413338e-06	7.518531e-09	2.374183e+01	4.931014e+02
1.120000e-06	3.519573e-06	7.694447e-09	2.448076e+01	5.044128e+02
1.130000e-06	3.624489e-06	7.862101e-09	2.521051e+01	5.151231e+02
1.140000e-06	3.728069e-06	8.017040e-09	2.593097e+01	5.253618e+02
1.150000e-06	3.830307e-06	8.163367e-09	2.664210e+01	5.351861e+02
1.160000e-06	3.931281e-06	8.306709e-09	2.734444e+01	5.445719e+02
1.170000e-06	4.030838e-06	8.447658e-09	2.803691e+01	5.534460e+02
1.180000e-06	4.128818e-06	8.577073e-09	2.871843e+01	5.617410e+02
1.190000e-06	4.225268e-06	8.690700e-09	2.938929e+01	5.694427e+02
1.200000e-06	4.320198e-06	8.794714e-09	3.004959e+01	5.766045e+02
1.210000e-06	4.413691e-06	8.896958e-09	3.069989e+01	5.833249e+02
1.220000e-06	4.505806e-06	8.997332e-09	3.134060e+01	5.897073e+02
1.230000e-06	4.596318e-06	9.091841e-09	3.197017e+01	5.958255e+02
1.240000e-06	4.685113e-06	9.178813e-09	3.258779e+01	6.017141e+02
1.250000e-06	4.772212e-06	9.263809e-09	3.319362e+01	6.073773e+02
1.260000e-06	4.857686e-06	9.348978e-09	3.378814e+01	6.128060e+02
1.270000e-06	4.941591e-06	9.428733e-09	3.437175e+01	6.179876e+02
1.280000e-06	5.023756e-06	9.499898e-09	3.494326e+01	6.229072e+02
1.290000e-06	5.104077e-06	9.566819e-09	3.550194e+01	6.275478e+02
1.300000e-06	5.182554e-06	9.632395e-09	3.604780e+01	6.318973e+02
1.310000e-06	5.259138e-06	9.695405e-09	3.658048e+01	6.359621e+02
1.320000e-06	5.333669e-06	9.754163e-09	3.709889e+01	6.397760e+02
1.330000e-06	5.406138e-06	9.809258e-09	3.760296e+01	6.433976e+02
1.340000e-06	5.476697e-06	9.863554e-09	3.809374e+01	6.468912e+02
1.350000e-06	5.545363e-06	9.916678e-09	3.857135e+01	6.503032e+02
1.360000e-06	5.612015e-06	9.965735e-09	3.903495e+01	6.536453e+02
1.370000e-06	5.676611e-06	1.001060e-08	3.948426e+01	6.568943e+02
1.380000e-06	5.739262e-06	1.005426e-08	3.992004e+01	6.600044e+02
1.390000e-06	5.800047e-06	1.009925e-08	4.034283e+01	6.629255e+02
1.400000e-06	5.858835e-06	1.014323e-08	4.075174e+01	6.656179e+02
1.410000e-06	5.915495e-06	1.018173e-08	4.114584e+01	6.680631e+02
1.420000e-06	5.970043e-06	1.021344e-08	4.152526e+01	6.702739e+02
1.430000e-06	6.022269e-06	1.024326e-08	4.188852e+01	6.722997e+02
1.440000e-06	6.071931e-06	1.027343e-08	4.223395e+01	6.742216e+02
1.450000e-06	6.119245e-06	1.030258e-08	4.256305e+01	6.761288e+02
1.460000e-06	6.164522e-06	1.033166e-08	4.287798e+01	6.780780e+02
1.470000e-06	6.207699e-06	1.036305e-08	4.317830e+01	6.800561e+02
1.480000e-06	6.248569e-06	1.039588e-08	4.346258e+01	6.819715e+02
1.490000e-06	6.287220e-06	1.042329e-08	4.373142e+01	6.836900e+02
1.500000e-06	6.323816e-06	1.044248e-08	4.398596e+01	6.851040e+02
1.510000e-06	6.358161e-06	1.045745e-08	4.422485e+01	6.861976e+02
1.520000e-06	6.390153e-06	1.047141e-08	4.444738e+01	6.870647e+02
1.530000e-06	6.420026e-06	1.048389e-08	4.465516e+01	6.878646e+02
1.540000e-06	6.447760e-06	1.049607e-08	4.484807e+01	6.887350e+02
1.550000e-06	6.473089e-06	1.051167e-08	4.502424e+01	6.897163e+02
1.560000e-06	6.496014e-06	1.053143e-08	4.518370e+01	6.907331e+02
1.570000e-06	6.516809e-06	1.054930e-08	4.532835e+01	6.916452e+02
1.580000e-06	6.535461e-06	1.056046e-08	4.545808e+01	6.923331e+02
1.590000e-06	6.551716e-06	1.056555e-08	4.557114e+01	6.927638e+02
1.600000e-06	6.565536e-06	1.056784e-08	4.566727e+01	6.929955e+02
1.610000e-06	6.576787e-06	1.057102e-08	4.574553e+01	6.931266e+02
1.620000e-06	6.585466e-06	1.057381e-08	4.580590e+01	6.932292e+02
1.630000e-06	6.591846e-06	1.057546e-08	4.585028e+01	6.933154e+02
1.640000e-06	6.596061e-06	1.057768e-08	4.587959e+01	6.933552e+02
1.650000e-06	6.597931e-06	1.058377e-08	4.589260e+01	6.933220e+02
1.660000e-06	6.597448e-06	1.058653e-08	4.588924e+01	6.932227e+02
1.670000e-06	6.594880e-06	1.058031e-08	4.587138e+01	6.930849e+02
1.680000e-06	6.590110e-06	1.057604e-08	4.583820e+01	6.929137e+02
1.690000e-06	6.583045e-06	1.056845e-08	4.578906e+01	6.926589e+02
1.700000e-06	6.573908e-06	1.055973e-08	4.572550e+01	6.922309e+02
1.710000e-06	6.562679e-06	1.055271e-08	4.564740e+01	6.915613e+02
1.720000e-06	6.549088e-06	1.055955e-08	4.555287e+01	6.906670e+02
1.730000e-06	6.533302e-06	1.056126e-08	4.544307e+01	6.896614e+02
1.740000e-06	6.515478e-06	1.047348e-08	4.531909e+01	6.886939e+02
1.750000e-06	6.494925e-06	1.045350e-08	4.517613e+01	6.878498e+02
1.760000e-06	6.471058e-06	1.046654e-08	4.501012e+01	6.870825e+02
1.770000e-06	6.444475e-06	1.042940e-08	4.482522e+01	6.862300e+02
1.780000e-06	6.415944e-06	1.050480e-08	4.462677e+01	6.851165e+02
1.790000e-06	6.385765e-06	1.048102e-08	4.441686e+01	6.836725e+02
1.800000e-06	6.354106e-06	1.032887e-08	4.419665e+01	6.819927e+02
1.810000e-06	6.320441e-06	1.042768e-08	4.396249e+01	6.802869e+02
1.820000e-06	6.284670e-06	1.035573e-08	4.371368e+01	6.787515e+02
1.830000e-06	6.246888e-06	1.028084e-08	4.345089e+01	6.774462e+02
1.840000e-06	6.206559e-06	1.038273e-08	4.317037e+01	6.762560e+02
1.850000e-06	6.163965e-06	1.020370e-08	4.287411e+01	6.749626e+02
1.860000e-06	6.119296e-06	1.024478e-08	4.256341e+01	6.733746e+02
1.870000e-06	6.072354e-06	1.029768e-08	4.223690e+01	6.714292e+02
1.880000e-06	6.023339e-06	1.017995e-08	4.189596e+01	6.692020e+02
1.890000e-06	5.971797e-06	1.018905e-08	4.153745e+01	6.668277e+02
1.900000e-06	5.917628e-06	1.006657e-08	4.116068e+01	6.643966e+02
1.910000e-06	5.861411e-06	1.009732e-08	4.076966e+01	6.619018e+02
1.920000e-06	5.803171e-06	1.010567e-08	4.036456e+01	6.592691e+02
1.930000e-06	5.742968e-06	9.978037e-09	3.994581e+01	6.564393e+02
1.940000e-06	5.680596e-06	9.987861e-09	3.951198e+01	6.534324e+02
1.950000e-06	5.616092e-06	9.875201e-09	3.906331e+01	6.503437e+02
1.960000e-06	5.549661e-06	9.898968e-09	3.860125e+01	6.472730e+02
1.970000e-06	5.481079e-06	9.829058e-09	3.812421e+01	6.442417e+02
1.980000e-06	5.410337e-06	9.736326e-09	3.763217e+01	6.411628e+02
1.990000e-06	5.337595e-06	9.739267e-09	3.712620e+01	6.378874e+02
2.000000e-06	5.263027e-06	9.643382e-09	3.660754e+01	6.342971e+02
2.010000e-06	5.186352e-06	9.669218e-09	3.607421e+01	6.303769e+02
2.020000e-06	5.107479e-06	9.550213e-09	3.552561e+01	6.262187e+02
2.030000e-06	5.026836e-06	9.463550e-09	3.496468e+01	6.219559e+02
2.040000e-06	4.944550e-06	9.401814e-09	3.439233e+01	6.176775e+02
2.050000e-06	4.860620e-06	9.338968e-09	3.380855e+01	6.133797e+02
2.060000e-06	4.774801e-06	9.321719e-09	3.321162e+01	6.089823e+02
2.070000e-06	4.687080e-06	9.191084e-09	3.260147e+01	6.043910e+02
2.080000e-06	4.597778e-06	9.139155e-09	3.198033e+01	5.995543e+02
2.090000e-06	4.507049e-06	9.056074e-09	3.134925e+01	5.944774e+02
2.100000e-06	4.414821e-06	9.004439e-09	3.070775e+01	5.891902e+02
2.110000e-06	4.320840e-06	8.907466e-09	3.005406e+01	5.837044e+02
2.120000e-06	4.225241e-06	8.786738e-09	2.938911e+01	5.779970e+02
2.130000e-06	4.128285e-06	8.714943e-09	2.871472e+01	5.720332e+02
2.140000e-06	4.030040e-06	8.628300e-09	2.803137e+01	5.658070e+02
2.150000e-06	3.930383e-06	8.555136e-09	2.733819e+01	5.593601e+02
2.160000e-06	3.829191e-06	8.416578e-09	2.663434e+01	5.527592e+02
2.170000e-06	3.726448e-06	8.308267e-09	2.591970e+01	5.460440e+02
2.180000e-06	3.622351e-06	8.209899e-09	2.519564e+01	5.391839e+02
2.190000e-06	3.517069e-06	8.123292e-09	2.446334e+01	5.320795e+02
2.200000e-06	3.410611e-06	8.006138e-09	2.372286e+01	5.246125e+02
2.210000e-06	3.303058e-06	7.864287e-09	2.297476e+01	5.167124e+02
2.220000e-06	3.194387e-06	7.744114e-09	2.221890e+01	5.083969e+02
2.230000e-06	3.084583e-06	7.628748e-09	2.145514e+01	4.997593e+02
2.240000e-06	2.973583e-06	7.507913e-09	2.068307e+01	4.909108e+02
2.250000e-06	2.861466e-06	7.349620e-09	1.990323e+01	4.819162e+02
2.260000e-06	2.748320e-06	7.199139e-09	1.911623e+01	4.727605e+02
2.270000e-06	2.634126e-06	7.061408e-09	1.832194e+01	4.633615e+02
2.280000e-06	2.518865e-06	6.930496e-09	1.752023e+01	4.536151e+02
2.290000e-06	2.402623e-06	6.773564e-09	1.671169e+01	4.434417e+02
2.300000e-06	2.285453e-06	6.595897e-09	1.589671e+01	4.328084e+02
2.310000e-06	2.167222e-06	6.426078e-09	1.507434e+01	4.217233e+02
2.320000e-06	2.048046e-06	6.263548e-09	1.424540e+01	4.102149e+02
2.330000e-06	1.928173e-06	6.089040e-09	1.341161e+01	3.983127e+02
2.340000e-06	1.807724e-06	5.887518e-09	1.257381e+01	3.860390e+02
2.350000e-06	1.686669e-06	5.683720e-09	1.173181e+01	3.734049e+02
2.360000e-06	1.565096e-06	5.496085e-09	1.088619e+01	3.604060e+02
2.370000e-06	1.443111e-06	5.309214e-09	1.003771e+01	3.470125e+02
2.380000e-06	1.320583e-06	5.098508e-09	9.185453e+00	3.331645e+02
2.390000e-06	1.197526e-06	4.866929e-09	8.329517e+00	3.187791e+02
2.400000e-06	1.074009e-06	4.635687e-09	7.470382e+00	3.037733e+02
2.410000e-06	9.500810e-07	4.406686e-09	6.608388e+00	2.880918e+02
2.420000e-06	8.258945e-07	4.159754e-09	5.744596e+00	2.717254e+02
2.430000e-06	7.015025e-07	3.889219e-09	4.879374e+00	2.547069e+02
2.440000e-06	5.768996e-07	3.609831e-09	4.012686e+00	2.370880e+02
2.450000e-06	4.521868e-07	3.339816e-09	3.145233e+00	2.189058e+02
2.460000e-06	3.273776e-07	3.068132e-09	2.277109e+00	2.001574e+02
2.470000e-06	2.024073e-07	2.774243e-09	1.407865e+00	1.807901e+02
2.480000e-06	7.733318e-08	2.455803e-09	5.378990e-01	1.607111e+02
2.490000e-06	-4.770533e-08	2.131041e-09	-3.318194e-01	1.398095e+02
2.500000e-06	-1.726420e-07	1.806352e-09	-1.200829e+00	1.179861e+02
2.510000e-06	-2.975389e-07	1.464319e-09	-2.069563e+00	9.518071e+01
2.520000e-06	-4.223742e-07	1.096075e-09	-2.937868e+00	7.139278e+01
2.530000e-06	-5.470497e-07	7.127444e-10	-3.805062e+00	4.668540e+01
2.540000e-06	-6.715452e-07	3.294629e-10	-4.671003e+00	2.116968e+01
2.550000e-06	-7.958690e-07	-5.973177e-11	-5.535750e+00	-5.027300e+00
2.560000e-06	-9.199506e-07	-4.680963e-10	-6.398813e+00	-3.179628e+01
2.570000e-06	-1.043732e-06	-8.955783e-10	-7.259788e+00	-5.906139e+01
2.580000e-06	-1.167153e-06	-1.324348e-09	-8.118256e+00	-8.676419e+01
2.590000e-06	-1.290104e-06	-1.744631e-09	-8.973450e+00	-1.148205e+02
2.600000e-06	-1.412493e-06	-2.167670e-09	-9.824740e+00	-1.430725e+02
2.610000e-06	-1.534336e-06	-2.600506e-09	-1.067223e+01	-1.712669e+02
2.620000e-06	-1.655671e-06	-3.031251e-09	-1.151619e+01	-1.990763e+02
2.630000e-06	-1.776489e-06	-3.443016e-09	-1.235655e+01	-2.261601e+02
2.640000e-06	-1.896737e-06	-3.834814e-09	-1.319295e+01	-2.522352e+02
2.650000e-06	-2.016342e-06	-4.216079e-09	-1.402488e+01	-2.771255e+02
2.660000e-06	-2.135176e-06	-4.586718e-09	-1.485144e+01	-3.007684e+02
2.670000e-06	-2.253036e-06	-4.933445e-09	-1.567123e+01	-3.231847e+02
2.680000e-06	-2.369887e-06	-5.249573e-09	-1.648400e+01	-3.444332e+02
2.690000e-06	-2.485834e-06	-5.546977e-09	-1.729048e+01	-3.645743e+02
2.700000e-06	-2.600818e-06	-5.839899e-09	-1.809026e+01	-3.836538e+02
2.710000e-06	-2.714697e-06	-6.124255e-09	-1.888236e+01	-4.017013e+02
2.720000e-06	-2.827384e-06	-6.387213e-09	-1.966616e+01	-4.187332e+02
2.730000e-06	-2.938839e-06	-6.627026e-09	-2.044140e+01	-4.347532e+02
2.740000e-06	-3.049148e-06	-6.855264e-09	-2.120867e+01	-4.497566e+02
2.750000e-06	-3.158322e-06	-7.075535e-09	-2.196804e+01	-4.637441e+02
2.760000e-06	-3.266504e-06	-7.277366e-09	-2.272051e+01	-4.767470e+02
2.770000e-06	-3.373738e-06	-7.456578e-09	-2.346639e+01	-4.888486e+02
2.780000e-06	-3.479825e-06	-7.623842e-09	-2.420428e+01	-5.001850e+02
2.790000e-06	-3.584758e-06	-7.791603e-09	-2.493416e+01	-5.109150e+02
2.800000e-06	-3.688447e-06	-7.956890e-09	-2.565538e+01	-5.211697e+02
2.810000e-06	-3.790676e-06	-8.108393e-09	-2.636644e+01	-5.310095e+02
2.820000e-06	-3.891440e-06	-8.244046e-09	-2.706732e+01	-5.404128e+02
2.830000e-06	-3.990781e-06	-8.373152e-09	-2.775829e+01	-5.493072e+02
2.840000e-06	-4.088711e-06	-8.502320e-09	-2.843946e+01	-5.576242e+02
2.850000e-06	-4.185320e-06	-8.625183e-09	-2.911143e+01	-5.653473e+02
2.860000e-06	-4.280512e-06	-8.733220e-09	-2.977355e+01	-5.725275e+02
2.870000e-06	-4.374077e-06	-8.831118e-09	-3.042435e+01	-5.792626e+02
2.880000e-06	-4.466037e-06	-8.927113e-09	-3.106398e+01	-5.856561e+02
2.890000e-06	-4.556436e-06	-9.023971e-09	-3.169277e+01	-5.917837e+02
2.900000e-06	-4.645292e-06	-9.116576e-09	-3.231081e+01	-5.976810e+02
2.910000e-06	-4.732511e-06	-9.200782e-09	-3.291747e+01	-6.033531e+02
2.920000e-06	-4.817917e-06	-9.281169e-09	-3.351152e+01	-6.087911e+02
2.930000e-06	-4.901576e-06	-9.362292e-09	-3.409343e+01	-6.139825e+02
2.940000e-06	-4.983611e-06	-9.442359e-09	-3.466402e+01	-6.189124e+02
2.950000e-06	-5.064030e-06	-9.514435e-09	-3.522339e+01	-6.235639e+02
2.960000e-06	-5.142580e-06	-9.576583e-09	-3.576975e+01	-6.279246e+02
2.970000e-06	-5.219000e-06	-9.636490e-09	-3.630130e+01	-6.319998e+02
2.980000e-06	-5.293335e-06	-9.698720e-09	-3.681834e+01	-6.358225e+02
2.990000e-06	-5.365824e-06	-9.757828e-09	-3.732255e+01	-6.394504e+02
3.000000e-06	-5.436436e-06	-9.809391e-09	-3.781370e+01	-6.429484e+02
3.010000e-06	-5.504953e-06	-9.856370e-09	-3.829028e+01	-6.463636e+02
3.020000e-06	-5.571424e-06	-9.907508e-09	-3.875262e+01	-6.497091e+02
3.030000e-06	-5.636043e-06	-9.962713e-09	-3.920208e+01	-6.529628e+02
3.040000e-06	-5.698751e-06	-1.001332e-08	-3.963826e+01	-6.560795e+02
3.050000e-06	-5.759330e-06	-1.005520e-08	-4.005962e+01	-6.590089e+02
3.060000e-06	-5.817821e-06	-1.009336e-08	-4.046647e+01	-6.617105e+02
3.070000e-06	-5.874322e-06	-1.013246e-08	-4.085946e+01	-6.641653e+02
3.080000e-06	-5.928667e-06	-1.017018e-08	-4.123746e+01	-6.663845e+02
3.090000e-06	-5.980632e-06	-1.020033e-08	-4.159891e+01	-6.684163e+02
3.100000e-06	-6.030134e-06	-1.022611e-08	-4.194323e+01	-6.703411e+02
3.110000e-06	-6.077142e-06	-1.025559e-08	-4.227020e+01	-6.722482e+02
3.120000e-06	-6.121934e-06	-1.029036e-08	-4.258175e+01	-6.741963e+02
3.130000e-06	-6.164853e-06	-1.032219e-08	-4.288028e+01	-6.761753e+02
3.140000e-06	-6.205857e-06	-1.034724e-08	-4.316549e+01	-6.780958e+02
3.150000e-06	-6.244726e-06	-1.036939e-08	-4.343584e+01	-6.798243e+02
3.160000e-06	-6.281331e-06	-1.039182e-08	-4.369045e+01	-6.812509e+02
3.170000e-06	-6.315735e-06	-1.041273e-08	-4.392976e+01	-6.823555e+02
3.180000e-06	-6.348033e-06	-1.042581e-08	-4.415441e+01	-6.832289e+02
3.190000e-06	-6.378039e-06	-1.043538e-08	-4.436312e+01	-6.840291e+02
3.200000e-06	-6.405684e-06	-1.044642e-08	-4.455541e+01	-6.848962e+02
3.210000e-06	-6.431122e-06	-1.046232e-08	-4.473234e+01	-6.858750e+02
3.220000e-06	-6.454325e-06	-1.047769e-08	-4.489373e+01	-6.868936e+02
3.230000e-06	-6.475161e-06	-1.048834e-08	-4.503866e+01	-6.878125e+02
3.240000e-06	-6.493706e-06	-1.049664e-08	-4.516765e+01	-6.885103e+02
3.250000e-06	-6.510076e-06	-1.050421e-08	-4.528151e+01	-6.889503e+02
3.260000e-06	-6.523943e-06	-1.051001e-08	-4.537797e+01	-6.891881e+02
3.270000e-06	-6.535191e-06	-1.051231e-08	-4.545621e+01	-6.893220e+02
3.280000e-06	-6.544119e-06	-1.051132e-08	-4.551830e+01	-6.894257e+02
3.290000e-06	-6.550746e-06	-1.051045e-08	-4.556440e+01	-6.895136e+02
3.300000e-06	-6.554965e-06	-1.051262e-08	-4.559375e+01	-6.895564e+02
3.310000e-06	-6.556948e-06	-1.051203e-08	-4.560753e+01	-6.895266e+02
3.320000e-06	-6.556798e-06	-1.051064e-08	-4.560649e+01	-6.894299e+02
