# Temperatura_=_20.0
# Concentracion g/m^3_=_10000.0
# C_Vs_to_Am_M_A/Vsm_=_65563218390.804596
# pendiente_HvsI_1/m_=_3716.3
# ordenada_HvsI_A/m_=_1297.0
# frecuencia_Hz_=_301154.02261676016

Tiempo_(s)	Campo_(V.s)	Magnetizacion_(V.s)	Campo_(kA/m)	Magnetizacion_(A/m)
0.000000e+00	-6.606327e-06	-1.046696e-08	-4.559880e+01	-6.867797e+02
1.000000e-08	-6.603658e-06	-1.046567e-08	-4.558038e+01	-6.867316e+02
2.000000e-08	-6.598723e-06	-1.046390e-08	-4.554632e+01	-6.866359e+02
3.000000e-08	-6.591773e-06	-1.046410e-08	-4.549834e+01	-6.864255e+02
4.000000e-08	-6.582742e-06	-1.045952e-08	-4.543601e+01	-6.860247e+02
5.000000e-08	-6.571395e-06	-1.044847e-08	-4.535769e+01	-6.854043e+02
6.000000e-08	-6.557641e-06	-1.043381e-08	-4.526275e+01	-6.846163e+02
7.000000e-08	-6.541450e-06	-1.041806e-08	-4.515100e+01	-6.837730e+02
8.000000e-08	-6.522939e-06	-1.042787e-08	-4.502323e+01	-6.829773e+02
9.000000e-08	-6.502163e-06	-1.044374e-08	-4.487983e+01	-6.822479e+02
1.000000e-07	-6.478865e-06	-1.041075e-08	-4.471902e+01	-6.814976e+02
1.100000e-07	-6.452902e-06	-1.037914e-08	-4.453981e+01	-6.805867e+02
1.200000e-07	-6.424518e-06	-1.037143e-08	-4.434390e+01	-6.794242e+02
1.300000e-07	-6.394216e-06	-1.031965e-08	-4.413475e+01	-6.780446e+02
1.400000e-07	-6.362296e-06	-1.029526e-08	-4.391442e+01	-6.766041e+02
1.500000e-07	-6.328507e-06	-1.033224e-08	-4.368121e+01	-6.752860e+02
1.600000e-07	-6.292513e-06	-1.026714e-08	-4.343276e+01	-6.741768e+02
1.700000e-07	-6.254443e-06	-1.025168e-08	-4.317000e+01	-6.731937e+02
1.800000e-07	-6.214140e-06	-1.027312e-08	-4.289181e+01	-6.721197e+02
1.900000e-07	-6.171441e-06	-1.020500e-08	-4.259709e+01	-6.707268e+02
2.000000e-07	-6.126597e-06	-1.019296e-08	-4.228757e+01	-6.689089e+02
2.100000e-07	-6.079570e-06	-1.015441e-08	-4.196297e+01	-6.667372e+02
2.200000e-07	-6.030144e-06	-1.011364e-08	-4.162181e+01	-6.644014e+02
2.300000e-07	-5.978133e-06	-1.010240e-08	-4.126282e+01	-6.620772e+02
2.400000e-07	-5.923662e-06	-1.006281e-08	-4.088684e+01	-6.598122e+02
2.500000e-07	-5.867067e-06	-1.003247e-08	-4.049621e+01	-6.575045e+02
2.600000e-07	-5.808248e-06	-9.970445e-09	-4.009023e+01	-6.549863e+02
2.700000e-07	-5.747264e-06	-9.916759e-09	-3.966929e+01	-6.521523e+02
2.800000e-07	-5.684376e-06	-9.887100e-09	-3.923522e+01	-6.490405e+02
2.900000e-07	-5.619524e-06	-9.845359e-09	-3.878760e+01	-6.458118e+02
3.000000e-07	-5.552469e-06	-9.809668e-09	-3.832476e+01	-6.426426e+02
3.100000e-07	-5.483221e-06	-9.754437e-09	-3.784679e+01	-6.396043e+02
3.200000e-07	-5.412018e-06	-9.717212e-09	-3.735533e+01	-6.366108e+02
3.300000e-07	-5.339033e-06	-9.666821e-09	-3.685156e+01	-6.334674e+02
3.400000e-07	-5.264068e-06	-9.598242e-09	-3.633413e+01	-6.299858e+02
3.500000e-07	-5.186872e-06	-9.536277e-09	-3.580130e+01	-6.260917e+02
3.600000e-07	-5.107459e-06	-9.466864e-09	-3.525318e+01	-6.218588e+02
3.700000e-07	-5.025967e-06	-9.422979e-09	-3.469069e+01	-6.174557e+02
3.800000e-07	-4.942760e-06	-9.365464e-09	-3.411637e+01	-6.130460e+02
3.900000e-07	-4.858067e-06	-9.292417e-09	-3.353180e+01	-6.087036e+02
4.000000e-07	-4.771812e-06	-9.215037e-09	-3.293644e+01	-6.043875e+02
4.100000e-07	-4.684010e-06	-9.142159e-09	-3.233040e+01	-5.999764e+02
4.200000e-07	-4.594584e-06	-9.081078e-09	-3.171316e+01	-5.953341e+02
4.300000e-07	-4.503320e-06	-9.004123e-09	-3.108323e+01	-5.903647e+02
4.400000e-07	-4.410348e-06	-8.918772e-09	-3.044151e+01	-5.850371e+02
4.500000e-07	-4.315823e-06	-8.831869e-09	-2.978907e+01	-5.793810e+02
4.600000e-07	-4.219831e-06	-8.753940e-09	-2.912651e+01	-5.734669e+02
4.700000e-07	-4.122309e-06	-8.666924e-09	-2.845338e+01	-5.673818e+02
4.800000e-07	-4.023223e-06	-8.566713e-09	-2.776946e+01	-5.612021e+02
4.900000e-07	-3.922722e-06	-8.465617e-09	-2.707577e+01	-5.549641e+02
5.000000e-07	-3.820818e-06	-8.369112e-09	-2.637240e+01	-5.486422e+02
5.100000e-07	-3.717609e-06	-8.279048e-09	-2.566002e+01	-5.421477e+02
5.200000e-07	-3.613173e-06	-8.176535e-09	-2.493917e+01	-5.353585e+02
5.300000e-07	-3.507314e-06	-8.058681e-09	-2.420851e+01	-5.281732e+02
5.400000e-07	-3.399995e-06	-7.936810e-09	-2.346776e+01	-5.205610e+02
5.500000e-07	-3.291460e-06	-7.822661e-09	-2.271862e+01	-5.125771e+02
5.600000e-07	-3.181863e-06	-7.705005e-09	-2.196215e+01	-5.043311e+02
5.700000e-07	-3.071182e-06	-7.574878e-09	-2.119819e+01	-4.959240e+02
5.800000e-07	-2.959490e-06	-7.439501e-09	-2.042726e+01	-4.873905e+02
5.900000e-07	-2.846777e-06	-7.308619e-09	-1.964929e+01	-4.786818e+02
6.000000e-07	-2.732807e-06	-7.176029e-09	-1.886264e+01	-4.696963e+02
6.100000e-07	-2.617532e-06	-7.029589e-09	-1.806697e+01	-4.603366e+02
6.200000e-07	-2.501157e-06	-6.873512e-09	-1.726372e+01	-4.505542e+02
6.300000e-07	-2.383869e-06	-6.716452e-09	-1.645416e+01	-4.403567e+02
6.400000e-07	-2.265719e-06	-6.564371e-09	-1.563866e+01	-4.297796e+02
6.500000e-07	-2.146781e-06	-6.404331e-09	-1.481771e+01	-4.188473e+02
6.600000e-07	-2.027235e-06	-6.227884e-09	-1.399257e+01	-4.075536e+02
6.700000e-07	-1.907175e-06	-6.044962e-09	-1.316388e+01	-3.958703e+02
6.800000e-07	-1.786420e-06	-5.861700e-09	-1.233040e+01	-3.837727e+02
6.900000e-07	-1.664800e-06	-5.673556e-09	-1.149094e+01	-3.712568e+02
7.000000e-07	-1.542377e-06	-5.473099e-09	-1.064594e+01	-3.583325e+02
7.100000e-07	-1.419258e-06	-5.260187e-09	-9.796131e+00	-3.449988e+02
7.200000e-07	-1.295600e-06	-5.046006e-09	-8.942609e+00	-3.312219e+02
7.300000e-07	-1.171586e-06	-4.834418e-09	-8.086631e+00	-3.169343e+02
7.400000e-07	-1.047215e-06	-4.614093e-09	-7.228183e+00	-3.020586e+02
7.500000e-07	-9.224555e-07	-4.377930e-09	-6.367058e+00	-2.865390e+02
7.600000e-07	-7.973682e-07	-4.128190e-09	-5.503668e+00	-2.703601e+02
7.700000e-07	-6.719938e-07	-3.872692e-09	-4.638298e+00	-2.535403e+02
7.800000e-07	-5.464148e-07	-3.611622e-09	-3.771515e+00	-2.361065e+02
7.900000e-07	-4.206969e-07	-3.336234e-09	-2.903773e+00	-2.180674e+02
8.000000e-07	-2.948061e-07	-3.044354e-09	-2.034838e+00	-1.994002e+02
8.100000e-07	-1.687309e-07	-2.743827e-09	-1.164630e+00	-1.800540e+02
8.200000e-07	-4.255633e-08	-2.440058e-09	-2.937362e-01	-1.599626e+02
8.300000e-07	8.358838e-08	-2.128171e-09	5.769514e-01	-1.390566e+02
8.400000e-07	2.096248e-07	-1.797474e-09	1.446892e+00	-1.172728e+02
8.500000e-07	3.355857e-07	-1.445663e-09	2.316311e+00	-9.456519e+01
8.600000e-07	4.614770e-07	-1.082630e-09	3.185249e+00	-7.091777e+01
8.700000e-07	5.871962e-07	-7.103827e-10	4.053000e+00	-4.635845e+01
8.800000e-07	7.127324e-07	-3.229090e-10	4.919487e+00	-2.096108e+01
8.900000e-07	8.380846e-07	8.045461e-11	5.784705e+00	5.169746e+00
9.000000e-07	9.631270e-07	4.935768e-10	6.647784e+00	3.192559e+01
9.100000e-07	1.087786e-06	9.079295e-10	7.508216e+00	5.921460e+01
9.200000e-07	1.212076e-06	1.327231e-09	8.366101e+00	8.695676e+01
9.300000e-07	1.336030e-06	1.757813e-09	9.221668e+00	1.150508e+02
9.400000e-07	1.459614e-06	2.195287e-09	1.007468e+01	1.433306e+02
9.500000e-07	1.582699e-06	2.626745e-09	1.092425e+01	1.715430e+02
9.600000e-07	1.705149e-06	3.044625e-09	1.176944e+01	1.993669e+02
9.700000e-07	1.826776e-06	3.453519e-09	1.260894e+01	2.264740e+02
9.800000e-07	1.947534e-06	3.853876e-09	1.344245e+01	2.526001e+02
9.900000e-07	2.067612e-06	4.236940e-09	1.427126e+01	2.775908e+02
1.000000e-06	2.187062e-06	4.597979e-09	1.509574e+01	3.013999e+02
1.010000e-06	2.305779e-06	4.941416e-09	1.591516e+01	3.240460e+02
1.020000e-06	2.423724e-06	5.272396e-09	1.672925e+01	3.455601e+02
1.030000e-06	2.540809e-06	5.589569e-09	1.753741e+01	3.659528e+02
1.040000e-06	2.656920e-06	5.883792e-09	1.833884e+01	3.852162e+02
1.050000e-06	2.771952e-06	6.154490e-09	1.913283e+01	4.033480e+02
1.060000e-06	2.885681e-06	6.410011e-09	1.991781e+01	4.203729e+02
1.070000e-06	2.998158e-06	6.654822e-09	2.069416e+01	4.363440e+02
1.080000e-06	3.109638e-06	6.885602e-09	2.146363e+01	4.513248e+02
1.090000e-06	3.220183e-06	7.098481e-09	2.222665e+01	4.653698e+02
1.100000e-06	3.329673e-06	7.297113e-09	2.298238e+01	4.785212e+02
1.110000e-06	3.438029e-06	7.486177e-09	2.373028e+01	4.908239e+02
1.120000e-06	3.545249e-06	7.666728e-09	2.447035e+01	5.023452e+02
1.130000e-06	3.651087e-06	7.832540e-09	2.520087e+01	5.131798e+02
1.140000e-06	3.755453e-06	7.984774e-09	2.592123e+01	5.234322e+02
1.150000e-06	3.858506e-06	8.129662e-09	2.663254e+01	5.331839e+02
1.160000e-06	3.960263e-06	8.273553e-09	2.733489e+01	5.424687e+02
1.170000e-06	4.060696e-06	8.414311e-09	2.802811e+01	5.512715e+02
1.180000e-06	4.159653e-06	8.542081e-09	2.871114e+01	5.595549e+02
1.190000e-06	4.256875e-06	8.658027e-09	2.938220e+01	5.672954e+02
1.200000e-06	4.352508e-06	8.766611e-09	3.004228e+01	5.745119e+02
1.210000e-06	4.446718e-06	8.872467e-09	3.069255e+01	5.812686e+02
1.220000e-06	4.539497e-06	8.973285e-09	3.133294e+01	5.876562e+02
1.230000e-06	4.630795e-06	9.065073e-09	3.196310e+01	5.937618e+02
1.240000e-06	4.720293e-06	9.150968e-09	3.258084e+01	5.996435e+02
1.250000e-06	4.808001e-06	9.237455e-09	3.318623e+01	6.053188e+02
1.260000e-06	4.894107e-06	9.323620e-09	3.378056e+01	6.107676e+02
1.270000e-06	4.978629e-06	9.403587e-09	3.436395e+01	6.159475e+02
1.280000e-06	5.061452e-06	9.475235e-09	3.493562e+01	6.208153e+02
1.290000e-06	5.142395e-06	9.541768e-09	3.549431e+01	6.253500e+02
1.300000e-06	5.221438e-06	9.607512e-09	3.603989e+01	6.295695e+02
1.310000e-06	5.298633e-06	9.669561e-09	3.657272e+01	6.335327e+02
1.320000e-06	5.373839e-06	9.725724e-09	3.709181e+01	6.373220e+02
1.330000e-06	5.446927e-06	9.778954e-09	3.759628e+01	6.410121e+02
1.340000e-06	5.518055e-06	9.833163e-09	3.808723e+01	6.446370e+02
1.350000e-06	5.587290e-06	9.890939e-09	3.856511e+01	6.481762e+02
1.360000e-06	5.654539e-06	9.944431e-09	3.902928e+01	6.515681e+02
1.370000e-06	5.719701e-06	9.989220e-09	3.947905e+01	6.547452e+02
1.380000e-06	5.782858e-06	1.002986e-08	3.991498e+01	6.576711e+02
1.390000e-06	5.844141e-06	1.007030e-08	4.033797e+01	6.603579e+02
1.400000e-06	5.903467e-06	1.011144e-08	4.074745e+01	6.628552e+02
1.410000e-06	5.960629e-06	1.014827e-08	4.114200e+01	6.652209e+02
1.420000e-06	6.015595e-06	1.017947e-08	4.152139e+01	6.674931e+02
1.430000e-06	6.068250e-06	1.021043e-08	4.188484e+01	6.696811e+02
1.440000e-06	6.118328e-06	1.024360e-08	4.223049e+01	6.717761e+02
1.450000e-06	6.166000e-06	1.027733e-08	4.255954e+01	6.737676e+02
1.460000e-06	6.211588e-06	1.030708e-08	4.287420e+01	6.756513e+02
1.470000e-06	6.255125e-06	1.033232e-08	4.317470e+01	6.774232e+02
1.480000e-06	6.296375e-06	1.035718e-08	4.345942e+01	6.790691e+02
1.490000e-06	6.335354e-06	1.038107e-08	4.372846e+01	6.805650e+02
1.500000e-06	6.372268e-06	1.040135e-08	4.398326e+01	6.818926e+02
1.510000e-06	6.406913e-06	1.041697e-08	4.422239e+01	6.830602e+02
1.520000e-06	6.439197e-06	1.043220e-08	4.444522e+01	6.841100e+02
1.530000e-06	6.469334e-06	1.044931e-08	4.465323e+01	6.851019e+02
1.540000e-06	6.497330e-06	1.046640e-08	4.484647e+01	6.860785e+02
1.550000e-06	6.522911e-06	1.047977e-08	4.502304e+01	6.870378e+02
1.560000e-06	6.546051e-06	1.049098e-08	4.518276e+01	6.879314e+02
1.570000e-06	6.567015e-06	1.050360e-08	4.532746e+01	6.886941e+02
1.580000e-06	6.585827e-06	1.051460e-08	4.545730e+01	6.892848e+02
1.590000e-06	6.602227e-06	1.052151e-08	4.557050e+01	6.897098e+02
1.600000e-06	6.616121e-06	1.052496e-08	4.566640e+01	6.900134e+02
1.610000e-06	6.627495e-06	1.052938e-08	4.574491e+01	6.902461e+02
1.620000e-06	6.636319e-06	1.053577e-08	4.580582e+01	6.904333e+02
1.630000e-06	6.642807e-06	1.054025e-08	4.585059e+01	6.905711e+02
1.640000e-06	6.647058e-06	1.054170e-08	4.587994e+01	6.906466e+02
1.650000e-06	6.648893e-06	1.054272e-08	4.589260e+01	6.906621e+02
1.660000e-06	6.648409e-06	1.054209e-08	4.588926e+01	6.906387e+02
1.670000e-06	6.645901e-06	1.053917e-08	4.587195e+01	6.905914e+02
1.680000e-06	6.641213e-06	1.053755e-08	4.583959e+01	6.904981e+02
1.690000e-06	6.634191e-06	1.053205e-08	4.579113e+01	6.902931e+02
1.700000e-06	6.625037e-06	1.052489e-08	4.572794e+01	6.898997e+02
1.710000e-06	6.613704e-06	1.051937e-08	4.564972e+01	6.892866e+02
1.720000e-06	6.599984e-06	1.052061e-08	4.555502e+01	6.885026e+02
1.730000e-06	6.584106e-06	1.050958e-08	4.544542e+01	6.876590e+02
1.740000e-06	6.566183e-06	1.045486e-08	4.532171e+01	6.868604e+02
1.750000e-06	6.545535e-06	1.043684e-08	4.517919e+01	6.861295e+02
1.760000e-06	6.521562e-06	1.043622e-08	4.501373e+01	6.853820e+02
1.770000e-06	6.494850e-06	1.041586e-08	4.482935e+01	6.844789e+02
1.780000e-06	6.466179e-06	1.044884e-08	4.463146e+01	6.833253e+02
1.790000e-06	6.435803e-06	1.043386e-08	4.442179e+01	6.819512e+02
1.800000e-06	6.403919e-06	1.035071e-08	4.420172e+01	6.805092e+02
1.810000e-06	6.370121e-06	1.037858e-08	4.396844e+01	6.791842e+02
1.820000e-06	6.334137e-06	1.035273e-08	4.372007e+01	6.780677e+02
1.830000e-06	6.296055e-06	1.032234e-08	4.345721e+01	6.770831e+02
1.840000e-06	6.255490e-06	1.034885e-08	4.317722e+01	6.760165e+02
1.850000e-06	6.212648e-06	1.025997e-08	4.288151e+01	6.746376e+02
1.860000e-06	6.167723e-06	1.026962e-08	4.257143e+01	6.728345e+02
1.870000e-06	6.120402e-06	1.027226e-08	4.224480e+01	6.706724e+02
1.880000e-06	6.070880e-06	1.019899e-08	4.190299e+01	6.683386e+02
1.890000e-06	6.018894e-06	1.016888e-08	4.154417e+01	6.660120e+02
1.900000e-06	5.964363e-06	1.009432e-08	4.116778e+01	6.637458e+02
1.910000e-06	5.907745e-06	1.010502e-08	4.077698e+01	6.614422e+02
1.920000e-06	5.849105e-06	1.008743e-08	4.037223e+01	6.589339e+02
1.930000e-06	5.788459e-06	1.001145e-08	3.995364e+01	6.561113e+02
1.940000e-06	5.725613e-06	9.982015e-09	3.951985e+01	6.530069e+02
1.950000e-06	5.660663e-06	9.899993e-09	3.907155e+01	6.497788e+02
1.960000e-06	5.593751e-06	9.878633e-09	3.860970e+01	6.466052e+02
1.970000e-06	5.524599e-06	9.811439e-09	3.813240e+01	6.435626e+02
1.980000e-06	5.453342e-06	9.753427e-09	3.764056e+01	6.405703e+02
1.990000e-06	5.380171e-06	9.728682e-09	3.713551e+01	6.374356e+02
2.000000e-06	5.305026e-06	9.666079e-09	3.661684e+01	6.339681e+02
2.010000e-06	5.227700e-06	9.644477e-09	3.608312e+01	6.300881e+02
2.020000e-06	5.148273e-06	9.546914e-09	3.553488e+01	6.258645e+02
2.030000e-06	5.067155e-06	9.466431e-09	3.497499e+01	6.214641e+02
2.040000e-06	4.984428e-06	9.392309e-09	3.440398e+01	6.170524e+02
2.050000e-06	4.899959e-06	9.337440e-09	3.382095e+01	6.127076e+02
2.060000e-06	4.813534e-06	9.292568e-09	3.322442e+01	6.083921e+02
2.070000e-06	4.725301e-06	9.196535e-09	3.261541e+01	6.039866e+02
2.080000e-06	4.635520e-06	9.135422e-09	3.199571e+01	5.993544e+02
2.090000e-06	4.544309e-06	9.059885e-09	3.136615e+01	5.943974e+02
2.100000e-06	4.451456e-06	8.995192e-09	3.072525e+01	5.890822e+02
2.110000e-06	4.356807e-06	8.892873e-09	3.007195e+01	5.834366e+02
2.120000e-06	4.260643e-06	8.785385e-09	2.940820e+01	5.775300e+02
2.130000e-06	4.163087e-06	8.700862e-09	2.873484e+01	5.714494e+02
2.140000e-06	4.064180e-06	8.618364e-09	2.805216e+01	5.652719e+02
2.150000e-06	3.963740e-06	8.532727e-09	2.735889e+01	5.590358e+02
2.160000e-06	3.861624e-06	8.413229e-09	2.665406e+01	5.527179e+02
2.170000e-06	3.758052e-06	8.309840e-09	2.593918e+01	5.462314e+02
2.180000e-06	3.653253e-06	8.211792e-09	2.521582e+01	5.394546e+02
2.190000e-06	3.547298e-06	8.116217e-09	2.448449e+01	5.322843e+02
2.200000e-06	3.440253e-06	7.993313e-09	2.374563e+01	5.246867e+02
2.210000e-06	3.332094e-06	7.860051e-09	2.299909e+01	5.167141e+02
2.220000e-06	3.222667e-06	7.738782e-09	2.224379e+01	5.084753e+02
2.230000e-06	3.111986e-06	7.622542e-09	2.147984e+01	5.000726e+02
2.240000e-06	3.000143e-06	7.497592e-09	2.070786e+01	4.915438e+02
2.250000e-06	2.887181e-06	7.349817e-09	1.992817e+01	4.828427e+02
2.260000e-06	2.773151e-06	7.206209e-09	1.914110e+01	4.738688e+02
2.270000e-06	2.658070e-06	7.070337e-09	1.834678e+01	4.645235e+02
2.280000e-06	2.541810e-06	6.933331e-09	1.754431e+01	4.547561e+02
2.290000e-06	2.424357e-06	6.775295e-09	1.673362e+01	4.445727e+02
2.300000e-06	2.305965e-06	6.603596e-09	1.591645e+01	4.340083e+02
2.310000e-06	2.186821e-06	6.437028e-09	1.509408e+01	4.230885e+02
2.320000e-06	2.066934e-06	6.273839e-09	1.426658e+01	4.118079e+02
2.330000e-06	1.946288e-06	6.098806e-09	1.343385e+01	4.001388e+02
2.340000e-06	1.824967e-06	5.906052e-09	1.259645e+01	3.880560e+02
2.350000e-06	1.703049e-06	5.710323e-09	1.175494e+01	3.755547e+02
2.360000e-06	1.580635e-06	5.522547e-09	1.091001e+01	3.626446e+02
2.370000e-06	1.457817e-06	5.331092e-09	1.006228e+01	3.493257e+02
2.380000e-06	1.334606e-06	5.119871e-09	9.211839e+00	3.355655e+02
2.390000e-06	1.210990e-06	4.891813e-09	8.358608e+00	3.212973e+02
2.400000e-06	1.086875e-06	4.663397e-09	7.501932e+00	3.064435e+02
2.410000e-06	9.621969e-07	4.433439e-09	6.641364e+00	2.909472e+02
2.420000e-06	8.369966e-07	4.189183e-09	5.777195e+00	2.747915e+02
2.430000e-06	7.114161e-07	3.926077e-09	4.910402e+00	2.579939e+02
2.440000e-06	5.855138e-07	3.653236e-09	4.041387e+00	2.405815e+02
2.450000e-06	4.593434e-07	3.385030e-09	3.170522e+00	2.225640e+02
2.460000e-06	3.330231e-07	3.110804e-09	2.298623e+00	2.039198e+02
2.470000e-06	2.065513e-07	2.816988e-09	1.425678e+00	1.845988e+02
2.480000e-06	7.999091e-08	2.502976e-09	5.521206e-01	1.645350e+02
2.490000e-06	-4.656470e-08	2.180572e-09	-3.214032e-01	1.436590e+02
2.500000e-06	-1.730634e-07	1.854386e-09	-1.194534e+00	1.219073e+02
2.510000e-06	-2.994627e-07	1.512477e-09	-2.066979e+00	9.923297e+01
2.520000e-06	-4.257424e-07	1.147596e-09	-2.938598e+00	7.561872e+01
2.530000e-06	-5.518637e-07	7.695316e-10	-3.809124e+00	5.109074e+01
2.540000e-06	-6.777615e-07	3.897936e-10	-4.678108e+00	2.572140e+01
2.550000e-06	-8.033495e-07	1.479069e-12	-5.544953e+00	-3.853494e-01
2.560000e-06	-9.285106e-07	-4.061576e-10	-6.408852e+00	-2.712078e+01
2.570000e-06	-1.053102e-06	-8.306297e-10	-7.268820e+00	-5.439233e+01
2.580000e-06	-1.177148e-06	-1.257225e-09	-8.125018e+00	-8.211999e+01
2.590000e-06	-1.300729e-06	-1.679217e-09	-8.978014e+00	-1.102040e+02
2.600000e-06	-1.423861e-06	-2.104293e-09	-9.827902e+00	-1.384813e+02
2.610000e-06	-1.546543e-06	-2.537770e-09	-1.067469e+01	-1.667015e+02
2.620000e-06	-1.668753e-06	-2.968990e-09	-1.151822e+01	-1.945453e+02
2.630000e-06	-1.790392e-06	-3.382952e-09	-1.235781e+01	-2.216833e+02
2.640000e-06	-1.911334e-06	-3.776801e-09	-1.319259e+01	-2.478480e+02
2.650000e-06	-2.031526e-06	-4.158507e-09	-1.402218e+01	-2.728809e+02
2.660000e-06	-2.151036e-06	-4.530398e-09	-1.484708e+01	-2.967322e+02
2.670000e-06	-2.269975e-06	-4.881086e-09	-1.566803e+01	-3.194195e+02
2.680000e-06	-2.388151e-06	-5.205195e-09	-1.648372e+01	-3.409739e+02
2.690000e-06	-2.505194e-06	-5.510691e-09	-1.729158e+01	-3.614069e+02
2.700000e-06	-2.621004e-06	-5.806984e-09	-1.809094e+01	-3.807110e+02
2.710000e-06	-2.735736e-06	-6.090614e-09	-1.888285e+01	-3.988832e+02
2.720000e-06	-2.849496e-06	-6.352493e-09	-1.966805e+01	-4.159471e+02
2.730000e-06	-2.962129e-06	-6.592725e-09	-2.044548e+01	-4.319549e+02
2.740000e-06	-3.073404e-06	-6.819728e-09	-2.121353e+01	-4.469702e+02
2.750000e-06	-3.183409e-06	-7.037906e-09	-2.197282e+01	-4.610480e+02
2.760000e-06	-3.292315e-06	-7.242244e-09	-2.272452e+01	-4.742309e+02
2.770000e-06	-3.400171e-06	-7.428439e-09	-2.346897e+01	-4.865631e+02
2.780000e-06	-3.507015e-06	-7.600945e-09	-2.420644e+01	-4.981110e+02
2.790000e-06	-3.612741e-06	-7.769437e-09	-2.493619e+01	-5.089685e+02
2.800000e-06	-3.717155e-06	-7.932533e-09	-2.565689e+01	-5.192403e+02
2.810000e-06	-3.820243e-06	-8.082353e-09	-2.636843e+01	-5.290092e+02
2.820000e-06	-3.921834e-06	-8.217344e-09	-2.706964e+01	-5.383108e+02
2.830000e-06	-4.021793e-06	-8.345028e-09	-2.775959e+01	-5.471317e+02
2.840000e-06	-4.120374e-06	-8.471877e-09	-2.844002e+01	-5.554344e+02
2.850000e-06	-4.217613e-06	-8.592293e-09	-2.911120e+01	-5.631945e+02
2.860000e-06	-4.313469e-06	-8.700876e-09	-2.977282e+01	-5.704290e+02
2.870000e-06	-4.407820e-06	-8.801223e-09	-3.042406e+01	-5.772008e+02
2.880000e-06	-4.500438e-06	-8.898822e-09	-3.106334e+01	-5.836002e+02
2.890000e-06	-4.591501e-06	-8.994610e-09	-3.169188e+01	-5.897149e+02
2.900000e-06	-4.681045e-06	-9.085554e-09	-3.230994e+01	-5.956042e+02
2.910000e-06	-4.768897e-06	-9.168518e-09	-3.291632e+01	-6.012872e+02
2.920000e-06	-4.855033e-06	-9.247884e-09	-3.351086e+01	-6.067450e+02
2.930000e-06	-4.939357e-06	-9.327332e-09	-3.409288e+01	-6.119355e+02
2.940000e-06	-5.021988e-06	-9.403427e-09	-3.466323e+01	-6.168152e+02
2.950000e-06	-5.103005e-06	-9.473364e-09	-3.522243e+01	-6.213620e+02
2.960000e-06	-5.182192e-06	-9.536255e-09	-3.576901e+01	-6.255922e+02
2.970000e-06	-5.259267e-06	-9.598777e-09	-3.630100e+01	-6.295633e+02
2.980000e-06	-5.334176e-06	-9.661846e-09	-3.681804e+01	-6.333577e+02
2.990000e-06	-5.407152e-06	-9.719920e-09	-3.732174e+01	-6.370506e+02
3.000000e-06	-5.478255e-06	-9.771729e-09	-3.781252e+01	-6.406781e+02
3.010000e-06	-5.547332e-06	-9.819860e-09	-3.828930e+01	-6.442214e+02
3.020000e-06	-5.614366e-06	-9.870287e-09	-3.875199e+01	-6.476200e+02
3.030000e-06	-5.679439e-06	-9.921748e-09	-3.920115e+01	-6.508058e+02
3.040000e-06	-5.742609e-06	-9.967675e-09	-3.963717e+01	-6.537410e+02
3.050000e-06	-5.803741e-06	-1.000797e-08	-4.005912e+01	-6.564358e+02
3.060000e-06	-5.862687e-06	-1.004789e-08	-4.046598e+01	-6.589391e+02
3.070000e-06	-5.919588e-06	-1.008746e-08	-4.085873e+01	-6.613089e+02
3.080000e-06	-5.974446e-06	-1.012451e-08	-4.123737e+01	-6.635842e+02
3.090000e-06	-6.026902e-06	-1.015481e-08	-4.159944e+01	-6.657756e+02
3.100000e-06	-6.076807e-06	-1.018052e-08	-4.194390e+01	-6.678743e+02
3.110000e-06	-6.124267e-06	-1.020911e-08	-4.227148e+01	-6.698698e+02
3.120000e-06	-6.169488e-06	-1.024116e-08	-4.258361e+01	-6.717576e+02
3.130000e-06	-6.212759e-06	-1.026974e-08	-4.288228e+01	-6.735338e+02
3.140000e-06	-6.254065e-06	-1.029283e-08	-4.316738e+01	-6.751848e+02
3.150000e-06	-6.293251e-06	-1.031487e-08	-4.343786e+01	-6.766867e+02
3.160000e-06	-6.330154e-06	-1.033843e-08	-4.369257e+01	-6.780206e+02
3.170000e-06	-6.364806e-06	-1.036053e-08	-4.393175e+01	-6.791935e+02
3.180000e-06	-6.397334e-06	-1.037558e-08	-4.415627e+01	-6.802468e+02
3.190000e-06	-6.427598e-06	-1.038525e-08	-4.436516e+01	-6.812399e+02
3.200000e-06	-6.455438e-06	-1.039608e-08	-4.455732e+01	-6.822171e+02
3.210000e-06	-6.481004e-06	-1.041235e-08	-4.473379e+01	-6.831778e+02
3.220000e-06	-6.504382e-06	-1.042830e-08	-4.489514e+01	-6.840751e+02
3.230000e-06	-6.525406e-06	-1.043856e-08	-4.504026e+01	-6.848436e+02
3.240000e-06	-6.544131e-06	-1.044521e-08	-4.516950e+01	-6.854409e+02
3.250000e-06	-6.560618e-06	-1.045328e-08	-4.528331e+01	-6.858713e+02
3.260000e-06	-6.574567e-06	-1.046142e-08	-4.537958e+01	-6.861786e+02
3.270000e-06	-6.585876e-06	-1.046555e-08	-4.545764e+01	-6.864133e+02
3.280000e-06	-6.594816e-06	-1.046446e-08	-4.551935e+01	-6.866023e+02
3.290000e-06	-6.601501e-06	-1.046241e-08	-4.556549e+01	-6.867423e+02
3.300000e-06	-6.605800e-06	-1.046387e-08	-4.559517e+01	-6.868203e+02
3.310000e-06	-6.607825e-06	-1.046546e-08	-4.560914e+01	-6.868379e+02
3.320000e-06	-6.607678e-06	-1.046598e-08	-4.560812e+01	-6.868156e+02
