# Temperatura_=_20.0
# Concentracion g/m^3_=_10000.0
# C_Vs_to_Am_M_A/Vsm_=_65563218390.804596
# pendiente_HvsI_1/m_=_3716.3
# ordenada_HvsI_A/m_=_1297.0
# frecuencia_Hz_=_301153.8709706261

Tiempo_(s)	Campo_(V.s)	Magnetizacion_(V.s)	Campo_(kA/m)	Magnetizacion_(A/m)
0.000000e+00	-6.511622e-06	-1.044566e-08	-4.559984e+01	-6.851974e+02
1.000000e-08	-6.509290e-06	-1.044406e-08	-4.558351e+01	-6.851196e+02
2.000000e-08	-6.504758e-06	-1.044496e-08	-4.555178e+01	-6.849542e+02
3.000000e-08	-6.498303e-06	-1.044702e-08	-4.550657e+01	-6.846731e+02
4.000000e-08	-6.489863e-06	-1.044370e-08	-4.544747e+01	-6.842319e+02
5.000000e-08	-6.479102e-06	-1.043043e-08	-4.537211e+01	-6.835990e+02
6.000000e-08	-6.465833e-06	-1.041225e-08	-4.527919e+01	-6.827917e+02
7.000000e-08	-6.450143e-06	-1.039427e-08	-4.516932e+01	-6.818861e+02
8.000000e-08	-6.432173e-06	-1.037996e-08	-4.504348e+01	-6.809813e+02
9.000000e-08	-6.411951e-06	-1.037567e-08	-4.490186e+01	-6.801377e+02
1.000000e-07	-6.389294e-06	-1.036944e-08	-4.474320e+01	-6.793284e+02
1.100000e-07	-6.364005e-06	-1.035542e-08	-4.456610e+01	-6.784446e+02
1.200000e-07	-6.336238e-06	-1.034012e-08	-4.437165e+01	-6.773580e+02
1.300000e-07	-6.306588e-06	-1.030531e-08	-4.416402e+01	-6.760039e+02
1.400000e-07	-6.275389e-06	-1.027769e-08	-4.394554e+01	-6.744293e+02
1.500000e-07	-6.242314e-06	-1.028287e-08	-4.371392e+01	-6.727713e+02
1.600000e-07	-6.206991e-06	-1.024023e-08	-4.346656e+01	-6.711779e+02
1.700000e-07	-6.169657e-06	-1.021729e-08	-4.320511e+01	-6.697210e+02
1.800000e-07	-6.130266e-06	-1.021726e-08	-4.292927e+01	-6.683571e+02
1.900000e-07	-6.088489e-06	-1.017621e-08	-4.263671e+01	-6.669596e+02
2.000000e-07	-6.044532e-06	-1.016137e-08	-4.232888e+01	-6.653949e+02
2.100000e-07	-5.998431e-06	-1.014214e-08	-4.200605e+01	-6.635898e+02
2.200000e-07	-5.950046e-06	-1.010545e-08	-4.166721e+01	-6.615488e+02
2.300000e-07	-5.899157e-06	-1.007164e-08	-4.131085e+01	-6.593172e+02
2.400000e-07	-5.845725e-06	-1.003598e-08	-4.093667e+01	-6.569285e+02
2.500000e-07	-5.790179e-06	-9.998550e-09	-4.054769e+01	-6.543805e+02
2.600000e-07	-5.732517e-06	-9.943331e-09	-4.014390e+01	-6.516562e+02
2.700000e-07	-5.672635e-06	-9.884056e-09	-3.972455e+01	-6.487691e+02
2.800000e-07	-5.610774e-06	-9.850508e-09	-3.929135e+01	-6.457866e+02
2.900000e-07	-5.547030e-06	-9.821616e-09	-3.884496e+01	-6.428038e+02
3.000000e-07	-5.481288e-06	-9.782577e-09	-3.838458e+01	-6.398795e+02
3.100000e-07	-5.413391e-06	-9.733780e-09	-3.790911e+01	-6.369787e+02
3.200000e-07	-5.343449e-06	-9.681973e-09	-3.741931e+01	-6.339706e+02
3.300000e-07	-5.271710e-06	-9.627064e-09	-3.691694e+01	-6.306918e+02
3.400000e-07	-5.198174e-06	-9.565062e-09	-3.640198e+01	-6.270389e+02
3.500000e-07	-5.122535e-06	-9.501556e-09	-3.587229e+01	-6.230321e+02
3.600000e-07	-5.044694e-06	-9.436266e-09	-3.532718e+01	-6.188054e+02
3.700000e-07	-4.964765e-06	-9.383906e-09	-3.476745e+01	-6.145282e+02
3.800000e-07	-4.882943e-06	-9.335250e-09	-3.419446e+01	-6.103083e+02
3.900000e-07	-4.799502e-06	-9.268123e-09	-3.361014e+01	-6.061356e+02
4.000000e-07	-4.714533e-06	-9.187748e-09	-3.301512e+01	-6.018978e+02
4.100000e-07	-4.628032e-06	-9.107075e-09	-3.240937e+01	-5.974521e+02
4.200000e-07	-4.540009e-06	-9.037409e-09	-3.179295e+01	-5.927028e+02
4.300000e-07	-4.450410e-06	-8.969116e-09	-3.116551e+01	-5.876367e+02
4.400000e-07	-4.359035e-06	-8.889911e-09	-3.052562e+01	-5.823035e+02
4.500000e-07	-4.265972e-06	-8.804864e-09	-2.987391e+01	-5.767650e+02
4.600000e-07	-4.171493e-06	-8.723056e-09	-2.921229e+01	-5.710539e+02
4.700000e-07	-4.075646e-06	-8.636772e-09	-2.854110e+01	-5.651676e+02
4.800000e-07	-3.978404e-06	-8.537479e-09	-2.786012e+01	-5.590918e+02
4.900000e-07	-3.879587e-06	-8.431070e-09	-2.716812e+01	-5.528257e+02
5.000000e-07	-3.779171e-06	-8.329417e-09	-2.646492e+01	-5.463831e+02
5.100000e-07	-3.677396e-06	-8.238128e-09	-2.575222e+01	-5.397692e+02
5.200000e-07	-3.574434e-06	-8.145964e-09	-2.503119e+01	-5.329535e+02
5.300000e-07	-3.470283e-06	-8.037246e-09	-2.430183e+01	-5.258664e+02
5.400000e-07	-3.364916e-06	-7.914686e-09	-2.356397e+01	-5.184298e+02
5.500000e-07	-3.258191e-06	-7.791559e-09	-2.281659e+01	-5.106031e+02
5.600000e-07	-3.150130e-06	-7.667589e-09	-2.205985e+01	-5.024121e+02
5.700000e-07	-3.040992e-06	-7.536978e-09	-2.129558e+01	-4.939396e+02
5.800000e-07	-2.930896e-06	-7.400735e-09	-2.052459e+01	-4.852787e+02
5.900000e-07	-2.819786e-06	-7.268438e-09	-1.974650e+01	-4.764784e+02
6.000000e-07	-2.707582e-06	-7.138843e-09	-1.896076e+01	-4.675130e+02
6.100000e-07	-2.594487e-06	-7.000843e-09	-1.816877e+01	-4.582932e+02
6.200000e-07	-2.480453e-06	-6.850358e-09	-1.737021e+01	-4.487090e+02
6.300000e-07	-2.365172e-06	-6.690823e-09	-1.656292e+01	-4.386770e+02
6.400000e-07	-2.248785e-06	-6.530248e-09	-1.574788e+01	-4.281675e+02
6.500000e-07	-2.131587e-06	-6.365974e-09	-1.492716e+01	-4.172010e+02
6.600000e-07	-2.013659e-06	-6.192083e-09	-1.410133e+01	-4.058245e+02
6.700000e-07	-1.895050e-06	-6.011003e-09	-1.327073e+01	-3.940847e+02
6.800000e-07	-1.775805e-06	-5.827542e-09	-1.243568e+01	-3.820105e+02
6.900000e-07	-1.655894e-06	-5.642996e-09	-1.159596e+01	-3.696064e+02
7.000000e-07	-1.535355e-06	-5.450672e-09	-1.075185e+01	-3.568515e+02
7.100000e-07	-1.414323e-06	-5.244034e-09	-9.904278e+00	-3.436992e+02
7.200000e-07	-1.292891e-06	-5.028089e-09	-9.053911e+00	-3.300807e+02
7.300000e-07	-1.171046e-06	-4.810829e-09	-8.200644e+00	-3.159160e+02
7.400000e-07	-1.048664e-06	-4.587409e-09	-7.343627e+00	-3.011355e+02
7.500000e-07	-9.257418e-07	-4.352505e-09	-6.482821e+00	-2.857028e+02
7.600000e-07	-8.023212e-07	-4.105583e-09	-5.618527e+00	-2.696261e+02
7.700000e-07	-6.784990e-07	-3.851084e-09	-4.751419e+00	-2.529483e+02
7.800000e-07	-5.544640e-07	-3.591617e-09	-3.882822e+00	-2.357176e+02
7.900000e-07	-4.302907e-07	-3.322534e-09	-3.013257e+00	-2.179528e+02
8.000000e-07	-3.059764e-07	-3.039502e-09	-2.142703e+00	-1.996213e+02
8.100000e-07	-1.815346e-07	-2.744204e-09	-1.271257e+00	-1.806408e+02
8.200000e-07	-5.702755e-08	-2.442537e-09	-3.993547e-01	-1.609039e+02
8.300000e-07	6.750087e-08	-2.133061e-09	4.726977e-01	-1.403121e+02
8.400000e-07	1.920487e-07	-1.806574e-09	1.344886e+00	-1.188042e+02
8.500000e-07	3.165493e-07	-1.459288e-09	2.216744e+00	-9.636820e+01
8.600000e-07	4.409393e-07	-1.100478e-09	3.087827e+00	-7.303629e+01
8.700000e-07	5.652061e-07	-7.344108e-10	3.958047e+00	-4.886919e+01
8.800000e-07	6.892793e-07	-3.563186e-10	4.826912e+00	-2.393791e+01
8.900000e-07	8.130997e-07	3.637632e-11	5.694007e+00	1.689835e+00
9.000000e-07	9.365752e-07	4.415803e-10	6.558686e+00	2.795385e+01
9.100000e-07	1.059523e-06	8.505189e-10	7.419673e+00	5.479443e+01
9.200000e-07	1.181931e-06	1.264099e-09	8.276876e+00	8.213453e+01
9.300000e-07	1.303896e-06	1.687708e-09	9.130977e+00	1.098564e+02
9.400000e-07	1.425427e-06	2.118879e-09	9.982039e+00	1.377822e+02
9.500000e-07	1.546510e-06	2.548055e-09	1.082996e+01	1.656704e+02
9.600000e-07	1.667067e-06	2.964806e-09	1.167420e+01	1.932330e+02
9.700000e-07	1.786995e-06	3.369440e-09	1.251404e+01	2.201742e+02
9.800000e-07	1.906255e-06	3.765770e-09	1.334920e+01	2.462342e+02
9.900000e-07	2.024839e-06	4.150475e-09	1.417962e+01	2.712250e+02
1.000000e-06	2.142745e-06	4.516311e-09	1.500530e+01	2.950448e+02
1.010000e-06	2.259884e-06	4.860785e-09	1.582560e+01	3.176693e+02
1.020000e-06	2.376194e-06	5.187083e-09	1.664010e+01	3.391271e+02
1.030000e-06	2.491524e-06	5.499514e-09	1.744774e+01	3.594718e+02
1.040000e-06	2.605718e-06	5.795207e-09	1.824742e+01	3.787585e+02
1.050000e-06	2.718823e-06	6.070614e-09	1.903948e+01	3.970281e+02
1.060000e-06	2.830927e-06	6.330037e-09	1.982453e+01	4.142992e+02
1.070000e-06	2.942072e-06	6.578306e-09	2.060285e+01	4.305679e+02
1.080000e-06	3.052259e-06	6.812640e-09	2.137448e+01	4.458185e+02
1.090000e-06	3.161508e-06	7.030152e-09	2.213953e+01	4.600445e+02
1.100000e-06	3.269760e-06	7.230000e-09	2.289761e+01	4.732752e+02
1.110000e-06	3.376792e-06	7.414776e-09	2.364713e+01	4.855942e+02
1.120000e-06	3.482433e-06	7.590511e-09	2.438692e+01	4.971375e+02
1.130000e-06	3.586743e-06	7.757898e-09	2.511739e+01	5.080641e+02
1.140000e-06	3.689799e-06	7.917371e-09	2.583907e+01	5.185089e+02
1.150000e-06	3.791568e-06	8.069566e-09	2.655174e+01	5.285398e+02
1.160000e-06	3.892107e-06	8.216387e-09	2.725580e+01	5.381413e+02
1.170000e-06	3.991231e-06	8.357976e-09	2.794995e+01	5.472356e+02
1.180000e-06	4.088685e-06	8.489332e-09	2.863241e+01	5.557328e+02
1.190000e-06	4.184602e-06	8.608396e-09	2.930410e+01	5.635861e+02
1.200000e-06	4.279080e-06	8.715025e-09	2.996571e+01	5.708255e+02
1.210000e-06	4.372198e-06	8.815078e-09	3.061780e+01	5.775560e+02
1.220000e-06	4.463967e-06	8.914122e-09	3.126044e+01	5.839223e+02
1.230000e-06	4.554087e-06	9.010248e-09	3.189154e+01	5.900587e+02
1.240000e-06	4.642465e-06	9.101470e-09	3.251044e+01	5.960458e+02
1.250000e-06	4.729197e-06	9.190311e-09	3.311781e+01	6.018914e+02
1.260000e-06	4.814341e-06	9.276640e-09	3.371405e+01	6.075396e+02
1.270000e-06	4.897955e-06	9.357828e-09	3.429959e+01	6.129027e+02
1.280000e-06	4.979815e-06	9.432974e-09	3.487284e+01	6.179039e+02
1.290000e-06	5.059791e-06	9.500976e-09	3.543291e+01	6.225135e+02
1.300000e-06	5.137961e-06	9.564109e-09	3.598032e+01	6.267663e+02
1.310000e-06	5.214231e-06	9.624899e-09	3.651442e+01	6.307513e+02
1.320000e-06	5.288425e-06	9.683984e-09	3.703399e+01	6.345786e+02
1.330000e-06	5.360618e-06	9.741378e-09	3.753954e+01	6.383343e+02
1.340000e-06	5.430957e-06	9.798018e-09	3.803212e+01	6.420474e+02
1.350000e-06	5.499448e-06	9.853425e-09	3.851175e+01	6.456831e+02
1.360000e-06	5.565917e-06	9.905243e-09	3.897722e+01	6.491668e+02
1.370000e-06	5.630308e-06	9.952877e-09	3.942814e+01	6.524262e+02
1.380000e-06	5.692820e-06	9.995304e-09	3.986590e+01	6.554275e+02
1.390000e-06	5.753524e-06	1.003569e-08	4.029100e+01	6.581858e+02
1.400000e-06	5.812217e-06	1.007737e-08	4.070202e+01	6.607488e+02
1.410000e-06	5.868762e-06	1.011789e-08	4.109799e+01	6.631666e+02
1.420000e-06	5.923218e-06	1.015320e-08	4.147934e+01	6.654695e+02
1.430000e-06	5.975371e-06	1.018391e-08	4.184456e+01	6.676678e+02
1.440000e-06	6.024972e-06	1.021265e-08	4.219191e+01	6.697671e+02
1.450000e-06	6.072179e-06	1.024264e-08	4.252250e+01	6.717807e+02
1.460000e-06	6.117393e-06	1.027341e-08	4.283912e+01	6.737263e+02
1.470000e-06	6.160529e-06	1.030253e-08	4.314119e+01	6.756052e+02
1.480000e-06	6.201307e-06	1.033072e-08	4.342676e+01	6.773838e+02
1.490000e-06	6.239950e-06	1.035611e-08	4.369737e+01	6.789982e+02
1.500000e-06	6.276596e-06	1.037798e-08	4.395399e+01	6.803868e+02
1.510000e-06	6.310991e-06	1.039549e-08	4.419485e+01	6.815349e+02
1.520000e-06	6.343079e-06	1.040864e-08	4.441957e+01	6.824980e+02
1.530000e-06	6.373092e-06	1.042029e-08	4.462974e+01	6.833837e+02
1.540000e-06	6.401002e-06	1.043450e-08	4.482519e+01	6.842954e+02
1.550000e-06	6.426514e-06	1.045064e-08	4.500384e+01	6.852731e+02
1.560000e-06	6.449615e-06	1.046711e-08	4.516561e+01	6.862677e+02
1.570000e-06	6.470584e-06	1.048178e-08	4.531246e+01	6.871681e+02
1.580000e-06	6.489407e-06	1.049387e-08	4.544427e+01	6.878660e+02
1.590000e-06	6.505831e-06	1.050075e-08	4.555929e+01	6.883163e+02
1.600000e-06	6.519850e-06	1.050248e-08	4.565746e+01	6.885569e+02
1.610000e-06	6.531375e-06	1.050276e-08	4.573817e+01	6.886792e+02
1.620000e-06	6.540278e-06	1.050329e-08	4.580051e+01	6.887710e+02
1.630000e-06	6.546849e-06	1.050570e-08	4.584653e+01	6.888740e+02
1.640000e-06	6.551293e-06	1.050902e-08	4.587765e+01	6.889773e+02
1.650000e-06	6.553428e-06	1.051356e-08	4.589260e+01	6.890448e+02
1.660000e-06	6.553196e-06	1.051628e-08	4.589098e+01	6.890471e+02
1.670000e-06	6.550852e-06	1.051518e-08	4.587457e+01	6.889720e+02
1.680000e-06	6.546451e-06	1.051114e-08	4.584375e+01	6.888099e+02
1.690000e-06	6.539796e-06	1.050250e-08	4.579714e+01	6.885335e+02
1.700000e-06	6.530982e-06	1.049279e-08	4.573542e+01	6.880985e+02
1.710000e-06	6.520093e-06	1.048325e-08	4.565916e+01	6.874723e+02
1.720000e-06	6.506894e-06	1.047515e-08	4.556673e+01	6.866701e+02
1.730000e-06	6.491472e-06	1.047303e-08	4.545874e+01	6.857660e+02
1.740000e-06	6.474048e-06	1.045684e-08	4.533672e+01	6.848596e+02
1.750000e-06	6.454061e-06	1.043383e-08	4.519675e+01	6.840135e+02
1.760000e-06	6.430776e-06	1.041114e-08	4.503369e+01	6.832043e+02
1.770000e-06	6.404657e-06	1.039141e-08	4.485078e+01	6.823252e+02
1.780000e-06	6.376597e-06	1.039709e-08	4.465428e+01	6.812474e+02
1.790000e-06	6.346921e-06	1.038731e-08	4.444647e+01	6.799026e+02
1.800000e-06	6.315732e-06	1.033823e-08	4.422806e+01	6.783336e+02
1.810000e-06	6.282555e-06	1.032028e-08	4.399572e+01	6.766756e+02
1.820000e-06	6.247251e-06	1.029203e-08	4.374849e+01	6.750779e+02
1.830000e-06	6.210037e-06	1.026041e-08	4.348789e+01	6.736159e+02
1.840000e-06	6.170313e-06	1.025630e-08	4.320971e+01	6.722504e+02
1.850000e-06	6.128171e-06	1.021467e-08	4.291460e+01	6.708565e+02
1.860000e-06	6.084000e-06	1.018289e-08	4.260527e+01	6.692992e+02
1.870000e-06	6.037614e-06	1.017813e-08	4.228044e+01	6.675029e+02
1.880000e-06	5.989179e-06	1.014469e-08	4.194126e+01	6.654694e+02
1.890000e-06	5.938382e-06	1.009327e-08	4.158554e+01	6.632436e+02
1.900000e-06	5.884952e-06	1.005170e-08	4.121138e+01	6.608602e+02
1.910000e-06	5.829335e-06	1.003131e-08	4.082189e+01	6.583180e+02
1.920000e-06	5.771674e-06	1.001252e-08	4.041810e+01	6.555999e+02
1.930000e-06	5.712095e-06	9.956809e-09	4.000089e+01	6.527176e+02
1.940000e-06	5.650439e-06	9.901860e-09	3.956911e+01	6.497366e+02
1.950000e-06	5.586666e-06	9.850242e-09	3.912252e+01	6.467522e+02
1.960000e-06	5.520977e-06	9.799023e-09	3.866251e+01	6.438255e+02
1.970000e-06	5.453211e-06	9.762430e-09	3.818796e+01	6.409255e+02
1.980000e-06	5.383341e-06	9.714769e-09	3.769867e+01	6.379240e+02
1.990000e-06	5.311376e-06	9.669505e-09	3.719471e+01	6.346570e+02
2.000000e-06	5.237565e-06	9.622864e-09	3.667783e+01	6.310177e+02
2.010000e-06	5.161841e-06	9.567120e-09	3.614754e+01	6.270216e+02
2.020000e-06	5.083866e-06	9.501923e-09	3.560150e+01	6.227995e+02
2.030000e-06	5.003964e-06	9.410995e-09	3.504196e+01	6.185214e+02
2.040000e-06	4.922390e-06	9.338703e-09	3.447071e+01	6.142988e+02
2.050000e-06	4.839179e-06	9.286335e-09	3.388799e+01	6.101257e+02
2.060000e-06	4.754289e-06	9.236900e-09	3.329352e+01	6.058925e+02
2.070000e-06	4.667519e-06	9.170978e-09	3.268589e+01	6.014562e+02
2.080000e-06	4.579043e-06	9.089845e-09	3.206630e+01	5.967182e+02
2.090000e-06	4.489083e-06	9.019115e-09	3.143633e+01	5.916626e+02
2.100000e-06	4.397650e-06	8.935308e-09	3.079603e+01	5.863376e+02
2.110000e-06	4.304644e-06	8.844880e-09	3.014473e+01	5.808054e+02
2.120000e-06	4.209981e-06	8.745979e-09	2.948182e+01	5.751002e+02
2.130000e-06	4.113848e-06	8.659090e-09	2.880862e+01	5.692202e+02
2.140000e-06	4.016365e-06	8.583880e-09	2.812596e+01	5.631512e+02
2.150000e-06	3.917435e-06	8.494986e-09	2.743317e+01	5.568914e+02
2.160000e-06	3.817118e-06	8.390318e-09	2.673066e+01	5.504547e+02
2.170000e-06	3.715294e-06	8.274178e-09	2.601760e+01	5.438470e+02
2.180000e-06	3.611968e-06	8.171333e-09	2.529403e+01	5.370393e+02
2.190000e-06	3.507479e-06	8.067778e-09	2.456231e+01	5.299631e+02
2.200000e-06	3.401913e-06	7.956901e-09	2.382305e+01	5.225399e+02
2.210000e-06	3.295219e-06	7.835198e-09	2.307589e+01	5.147269e+02
2.220000e-06	3.187400e-06	7.714492e-09	2.232085e+01	5.065475e+02
2.230000e-06	3.078512e-06	7.596668e-09	2.155832e+01	4.980831e+02
2.240000e-06	2.968462e-06	7.467217e-09	2.078767e+01	4.894276e+02
2.250000e-06	2.857311e-06	7.325364e-09	2.000929e+01	4.806320e+02
2.260000e-06	2.745128e-06	7.177526e-09	1.922369e+01	4.716735e+02
2.270000e-06	2.631880e-06	7.038573e-09	1.843064e+01	4.624646e+02
2.280000e-06	2.517606e-06	6.898807e-09	1.763039e+01	4.528949e+02
2.290000e-06	2.402280e-06	6.750645e-09	1.682278e+01	4.428796e+02
2.300000e-06	2.286100e-06	6.590282e-09	1.600919e+01	4.323868e+02
2.310000e-06	2.169152e-06	6.425246e-09	1.519023e+01	4.214357e+02
2.320000e-06	2.051211e-06	6.256509e-09	1.436430e+01	4.100727e+02
2.330000e-06	1.932227e-06	6.077760e-09	1.353108e+01	3.983451e+02
2.340000e-06	1.812499e-06	5.885457e-09	1.269264e+01	3.862824e+02
2.350000e-06	1.692252e-06	5.687763e-09	1.185057e+01	3.738901e+02
2.360000e-06	1.571526e-06	5.499163e-09	1.100514e+01	3.611482e+02
2.370000e-06	1.450335e-06	5.310772e-09	1.015646e+01	3.480110e+02
2.380000e-06	1.328692e-06	5.107990e-09	9.304616e+00	3.344103e+02
2.390000e-06	1.206657e-06	4.886963e-09	8.450022e+00	3.202662e+02
2.400000e-06	1.084150e-06	4.659140e-09	7.592130e+00	3.055084e+02
2.410000e-06	9.611776e-07	4.429036e-09	6.730972e+00	2.900989e+02
2.420000e-06	8.378551e-07	4.187618e-09	5.867364e+00	2.740445e+02
2.430000e-06	7.142179e-07	3.928809e-09	5.001553e+00	2.573870e+02
2.440000e-06	5.903529e-07	3.657811e-09	4.134146e+00	2.401752e+02
2.450000e-06	4.663215e-07	3.389115e-09	3.265575e+00	2.224296e+02
2.460000e-06	3.421576e-07	3.119826e-09	2.396075e+00	2.041193e+02
2.470000e-06	2.178862e-07	2.834640e-09	1.525822e+00	1.851636e+02
2.480000e-06	9.352732e-08	2.528390e-09	6.549568e-01	1.654554e+02
2.490000e-06	-3.085904e-08	2.209582e-09	-2.161009e-01	1.448952e+02
2.500000e-06	-1.552426e-07	1.886529e-09	-1.087139e+00	1.234204e+02
2.510000e-06	-2.795718e-07	1.551078e-09	-1.957796e+00	1.010170e+02
2.520000e-06	-4.037577e-07	1.193133e-09	-2.827450e+00	7.771591e+01
2.530000e-06	-5.278054e-07	8.182606e-10	-3.696136e+00	5.357724e+01
2.540000e-06	-6.516783e-07	4.395931e-10	-4.563598e+00	2.867184e+01
2.550000e-06	-7.752654e-07	5.699707e-11	-5.429059e+00	3.067701e+00
2.560000e-06	-8.985367e-07	-3.408805e-10	-6.292308e+00	-2.317478e+01
2.570000e-06	-1.021441e-06	-7.553913e-10	-7.152984e+00	-4.999612e+01
2.580000e-06	-1.143928e-06	-1.175427e-09	-8.010745e+00	-7.732029e+01
2.590000e-06	-1.266027e-06	-1.593241e-09	-8.865787e+00	-1.050314e+02
2.600000e-06	-1.387645e-06	-2.013164e-09	-9.717452e+00	-1.329539e+02
2.610000e-06	-1.508724e-06	-2.440651e-09	-1.056535e+01	-1.608484e+02
2.620000e-06	-1.629342e-06	-2.868398e-09	-1.141002e+01	-1.884281e+02
2.630000e-06	-1.749512e-06	-3.282011e-09	-1.225155e+01	-2.153965e+02
2.640000e-06	-1.869099e-06	-3.675148e-09	-1.308900e+01	-2.414918e+02
2.650000e-06	-1.987905e-06	-4.054129e-09	-1.392098e+01	-2.665232e+02
2.660000e-06	-2.105828e-06	-4.422451e-09	-1.474678e+01	-2.903859e+02
2.670000e-06	-2.222863e-06	-4.771994e-09	-1.556635e+01	-3.130531e+02
2.680000e-06	-2.339014e-06	-5.096419e-09	-1.637974e+01	-3.345518e+02
2.690000e-06	-2.454180e-06	-5.401252e-09	-1.718623e+01	-3.549355e+02
2.700000e-06	-2.568261e-06	-5.696548e-09	-1.798512e+01	-3.742593e+02
2.710000e-06	-2.681246e-06	-5.982143e-09	-1.877633e+01	-3.925650e+02
2.720000e-06	-2.793153e-06	-6.249542e-09	-1.956000e+01	-4.098719e+02
2.730000e-06	-2.903986e-06	-6.495190e-09	-2.033615e+01	-4.261769e+02
2.740000e-06	-3.013730e-06	-6.725916e-09	-2.110467e+01	-4.414643e+02
2.750000e-06	-3.122413e-06	-6.946340e-09	-2.186575e+01	-4.557269e+02
2.760000e-06	-3.230124e-06	-7.152300e-09	-2.262004e+01	-4.689922e+02
2.770000e-06	-3.336833e-06	-7.340277e-09	-2.336730e+01	-4.813418e+02
2.780000e-06	-3.442418e-06	-7.513938e-09	-2.410670e+01	-4.929103e+02
2.790000e-06	-3.546836e-06	-7.681645e-09	-2.483792e+01	-5.038565e+02
2.800000e-06	-3.649970e-06	-7.846341e-09	-2.556015e+01	-5.143171e+02
2.810000e-06	-3.751635e-06	-8.002335e-09	-2.627210e+01	-5.243628e+02
2.820000e-06	-3.851822e-06	-8.144471e-09	-2.697369e+01	-5.339809e+02
2.830000e-06	-3.950664e-06	-8.276676e-09	-2.766587e+01	-5.430951e+02
2.840000e-06	-4.048186e-06	-8.406058e-09	-2.834879e+01	-5.516151e+02
2.850000e-06	-4.144416e-06	-8.530730e-09	-2.902268e+01	-5.594915e+02
2.860000e-06	-4.239233e-06	-8.643796e-09	-2.968667e+01	-5.667516e+02
2.870000e-06	-4.332385e-06	-8.744381e-09	-3.033899e+01	-5.734981e+02
2.880000e-06	-4.423983e-06	-8.838369e-09	-3.098044e+01	-5.798751e+02
2.890000e-06	-4.514062e-06	-8.932025e-09	-3.161125e+01	-5.860180e+02
2.900000e-06	-4.602554e-06	-9.025413e-09	-3.223095e+01	-5.920101e+02
2.910000e-06	-4.689398e-06	-9.114674e-09	-3.283910e+01	-5.978617e+02
2.920000e-06	-4.774391e-06	-9.199827e-09	-3.343429e+01	-6.035185e+02
2.930000e-06	-4.857675e-06	-9.281816e-09	-3.401752e+01	-6.088935e+02
2.940000e-06	-4.939406e-06	-9.359577e-09	-3.458987e+01	-6.139087e+02
2.950000e-06	-5.019512e-06	-9.431166e-09	-3.515084e+01	-6.185323e+02
2.960000e-06	-5.097740e-06	-9.494055e-09	-3.569866e+01	-6.227967e+02
2.970000e-06	-5.173863e-06	-9.553881e-09	-3.623173e+01	-6.267896e+02
2.980000e-06	-5.247954e-06	-9.614423e-09	-3.675058e+01	-6.306210e+02
2.990000e-06	-5.320203e-06	-9.674124e-09	-3.725653e+01	-6.343785e+02
3.000000e-06	-5.390521e-06	-9.730604e-09	-3.774895e+01	-6.380936e+02
3.010000e-06	-5.458753e-06	-9.783499e-09	-3.822677e+01	-6.417334e+02
3.020000e-06	-5.525063e-06	-9.837046e-09	-3.869113e+01	-6.452241e+02
3.030000e-06	-5.589575e-06	-9.891174e-09	-3.914290e+01	-6.484927e+02
3.040000e-06	-5.652162e-06	-9.939818e-09	-3.958118e+01	-6.515033e+02
3.050000e-06	-5.712643e-06	-9.979972e-09	-4.000472e+01	-6.542698e+02
3.060000e-06	-5.771010e-06	-1.001769e-08	-4.041345e+01	-6.568391e+02
3.070000e-06	-5.827428e-06	-1.005673e-08	-4.080854e+01	-6.592615e+02
3.080000e-06	-5.881738e-06	-1.009484e-08	-4.118887e+01	-6.615685e+02
3.090000e-06	-5.933618e-06	-1.012669e-08	-4.155217e+01	-6.637707e+02
3.100000e-06	-5.983017e-06	-1.015359e-08	-4.189810e+01	-6.658735e+02
3.110000e-06	-6.029973e-06	-1.018339e-08	-4.222693e+01	-6.678900e+02
3.120000e-06	-6.074823e-06	-1.021848e-08	-4.254101e+01	-6.698381e+02
3.130000e-06	-6.117839e-06	-1.025027e-08	-4.284224e+01	-6.717199e+02
3.140000e-06	-6.158923e-06	-1.027376e-08	-4.312995e+01	-6.735033e+02
3.150000e-06	-6.197873e-06	-1.029446e-08	-4.340271e+01	-6.751249e+02
3.160000e-06	-6.234557e-06	-1.031712e-08	-4.365960e+01	-6.765224e+02
3.170000e-06	-6.269028e-06	-1.033929e-08	-4.390099e+01	-6.776788e+02
3.180000e-06	-6.301383e-06	-1.035417e-08	-4.412757e+01	-6.786471e+02
3.190000e-06	-6.331484e-06	-1.036416e-08	-4.433836e+01	-6.795337e+02
3.200000e-06	-6.359226e-06	-1.037658e-08	-4.453264e+01	-6.804435e+02
3.210000e-06	-6.384751e-06	-1.039337e-08	-4.471139e+01	-6.814194e+02
3.220000e-06	-6.408053e-06	-1.040903e-08	-4.487456e+01	-6.824152e+02
3.230000e-06	-6.428995e-06	-1.041972e-08	-4.502122e+01	-6.833213e+02
3.240000e-06	-6.447667e-06	-1.042797e-08	-4.515197e+01	-6.840279e+02
3.250000e-06	-6.464185e-06	-1.043704e-08	-4.526765e+01	-6.844870e+02
3.260000e-06	-6.478257e-06	-1.044410e-08	-4.536619e+01	-6.847340e+02
3.270000e-06	-6.489713e-06	-1.044738e-08	-4.544642e+01	-6.848589e+02
3.280000e-06	-6.498875e-06	-1.044684e-08	-4.551058e+01	-6.849509e+02
3.290000e-06	-6.505794e-06	-1.044661e-08	-4.555903e+01	-6.850537e+02
3.300000e-06	-6.510319e-06	-1.044898e-08	-4.559072e+01	-6.851578e+02
3.310000e-06	-6.512569e-06	-1.044996e-08	-4.560648e+01	-6.852274e+02
3.320000e-06	-6.512665e-06	-1.044825e-08	-4.560714e+01	-6.852325e+02
