# Temperatura_=_20.0
# Concentracion g/m^3_=_10000.0
# C_Vs_to_Am_M_A/Vsm_=_65563218390.804596
# pendiente_HvsI_1/m_=_3716.3
# ordenada_HvsI_A/m_=_1297.0
# frecuencia_Hz_=_301048.72549619747

Tiempo_(s)	Campo_(V.s)	Magnetizacion_(V.s)	Campo_(kA/m)	Magnetizacion_(A/m)
0.000000e+00	-5.974609e-06	-1.015483e-08	-4.193989e+01	-6.647954e+02
1.000000e-08	-5.972919e-06	-1.015244e-08	-4.192803e+01	-6.647101e+02
2.000000e-08	-5.969129e-06	-1.015207e-08	-4.190142e+01	-6.646123e+02
3.000000e-08	-5.963405e-06	-1.015226e-08	-4.186124e+01	-6.644620e+02
4.000000e-08	-5.955876e-06	-1.015034e-08	-4.180839e+01	-6.641915e+02
5.000000e-08	-5.946540e-06	-1.014407e-08	-4.174285e+01	-6.637376e+02
6.000000e-08	-5.934992e-06	-1.013250e-08	-4.166179e+01	-6.630755e+02
7.000000e-08	-5.921208e-06	-1.011880e-08	-4.156503e+01	-6.622352e+02
8.000000e-08	-5.905184e-06	-1.009611e-08	-4.145254e+01	-6.612886e+02
9.000000e-08	-5.886751e-06	-1.007756e-08	-4.132315e+01	-6.603164e+02
1.000000e-07	-5.866098e-06	-1.008844e-08	-4.117817e+01	-6.593725e+02
1.100000e-07	-5.843261e-06	-1.008643e-08	-4.101787e+01	-6.584659e+02
1.200000e-07	-5.818240e-06	-1.006423e-08	-4.084222e+01	-6.575670e+02
1.300000e-07	-5.791159e-06	-1.004918e-08	-4.065212e+01	-6.566280e+02
1.400000e-07	-5.762526e-06	-1.001339e-08	-4.045113e+01	-6.556034e+02
1.500000e-07	-5.732430e-06	-9.990697e-09	-4.023986e+01	-6.544600e+02
1.600000e-07	-5.700505e-06	-9.999983e-09	-4.001576e+01	-6.531767e+02
1.700000e-07	-5.666657e-06	-9.942975e-09	-3.977816e+01	-6.517437e+02
1.800000e-07	-5.630695e-06	-9.906368e-09	-3.952572e+01	-6.501643e+02
1.900000e-07	-5.592709e-06	-9.910930e-09	-3.925907e+01	-6.484583e+02
2.000000e-07	-5.552948e-06	-9.861677e-09	-3.897996e+01	-6.466567e+02
2.100000e-07	-5.511196e-06	-9.849010e-09	-3.868687e+01	-6.447840e+02
2.200000e-07	-5.467265e-06	-9.824148e-09	-3.837849e+01	-6.428355e+02
2.300000e-07	-5.421307e-06	-9.768739e-09	-3.805588e+01	-6.407651e+02
2.400000e-07	-5.373249e-06	-9.741935e-09	-3.771853e+01	-6.384993e+02
2.500000e-07	-5.322936e-06	-9.708674e-09	-3.736535e+01	-6.359754e+02
2.600000e-07	-5.270334e-06	-9.675068e-09	-3.699610e+01	-6.331839e+02
2.700000e-07	-5.215628e-06	-9.610420e-09	-3.661207e+01	-6.301878e+02
2.800000e-07	-5.159167e-06	-9.554946e-09	-3.621574e+01	-6.271014e+02
2.900000e-07	-5.100829e-06	-9.537811e-09	-3.580622e+01	-6.240370e+02
3.000000e-07	-5.040515e-06	-9.484232e-09	-3.538284e+01	-6.210475e+02
3.100000e-07	-4.978396e-06	-9.439374e-09	-3.494678e+01	-6.180968e+02
3.200000e-07	-4.914602e-06	-9.387604e-09	-3.449897e+01	-6.150760e+02
3.300000e-07	-4.849100e-06	-9.328622e-09	-3.403916e+01	-6.118541e+02
3.400000e-07	-4.781733e-06	-9.289838e-09	-3.356627e+01	-6.083352e+02
3.500000e-07	-4.712582e-06	-9.226603e-09	-3.308085e+01	-6.044934e+02
3.600000e-07	-4.641742e-06	-9.160740e-09	-3.258358e+01	-6.003739e+02
3.700000e-07	-4.569350e-06	-9.085360e-09	-3.207541e+01	-5.960661e+02
3.800000e-07	-4.495301e-06	-9.024174e-09	-3.155561e+01	-5.916673e+02
3.900000e-07	-4.419325e-06	-8.968294e-09	-3.102228e+01	-5.872521e+02
4.000000e-07	-4.341456e-06	-8.894018e-09	-3.047567e+01	-5.828512e+02
4.100000e-07	-4.261792e-06	-8.822621e-09	-2.991644e+01	-5.784406e+02
4.200000e-07	-4.180450e-06	-8.749122e-09	-2.934545e+01	-5.739403e+02
4.300000e-07	-4.097685e-06	-8.689132e-09	-2.876447e+01	-5.692309e+02
4.400000e-07	-4.013639e-06	-8.611875e-09	-2.817449e+01	-5.641916e+02
4.500000e-07	-3.928293e-06	-8.515936e-09	-2.757539e+01	-5.587521e+02
4.600000e-07	-3.841710e-06	-8.421290e-09	-2.696760e+01	-5.529338e+02
4.700000e-07	-3.753937e-06	-8.333961e-09	-2.635146e+01	-5.468534e+02
4.800000e-07	-3.664925e-06	-8.252666e-09	-2.572663e+01	-5.406740e+02
4.900000e-07	-3.574473e-06	-8.159068e-09	-2.509169e+01	-5.345219e+02
5.000000e-07	-3.482484e-06	-8.060132e-09	-2.444595e+01	-5.284121e+02
5.100000e-07	-3.389199e-06	-7.960249e-09	-2.379112e+01	-5.222297e+02
5.200000e-07	-3.294832e-06	-7.866169e-09	-2.312869e+01	-5.157834e+02
5.300000e-07	-3.199476e-06	-7.761772e-09	-2.245932e+01	-5.089054e+02
5.400000e-07	-3.103051e-06	-7.639237e-09	-2.178245e+01	-5.015406e+02
5.500000e-07	-3.005428e-06	-7.517328e-09	-2.109717e+01	-4.937716e+02
5.600000e-07	-2.906524e-06	-7.404542e-09	-2.040289e+01	-4.857631e+02
5.700000e-07	-2.806359e-06	-7.290850e-09	-1.969976e+01	-4.776615e+02
5.800000e-07	-2.705227e-06	-7.165082e-09	-1.898985e+01	-4.695102e+02
5.900000e-07	-2.603244e-06	-7.030171e-09	-1.827396e+01	-4.612321e+02
6.000000e-07	-2.500316e-06	-6.895588e-09	-1.755144e+01	-4.526854e+02
6.100000e-07	-2.396554e-06	-6.763803e-09	-1.682306e+01	-4.437517e+02
6.200000e-07	-2.291976e-06	-6.624853e-09	-1.608895e+01	-4.343983e+02
6.300000e-07	-2.186569e-06	-6.473750e-09	-1.534903e+01	-4.246766e+02
6.400000e-07	-2.080378e-06	-6.317036e-09	-1.460360e+01	-4.146644e+02
6.500000e-07	-1.973267e-06	-6.165251e-09	-1.385172e+01	-4.043963e+02
6.600000e-07	-1.865233e-06	-6.013530e-09	-1.309335e+01	-3.938336e+02
6.700000e-07	-1.756539e-06	-5.848094e-09	-1.233036e+01	-3.828920e+02
6.800000e-07	-1.647413e-06	-5.667404e-09	-1.156433e+01	-3.715048e+02
6.900000e-07	-1.537799e-06	-5.484102e-09	-1.079487e+01	-3.596749e+02
7.000000e-07	-1.427597e-06	-5.303241e-09	-1.002129e+01	-3.474738e+02
7.100000e-07	-1.316897e-06	-5.115441e-09	-9.244205e+00	-3.349878e+02
7.200000e-07	-1.205810e-06	-4.915582e-09	-8.464407e+00	-3.222457e+02
7.300000e-07	-1.094329e-06	-4.710049e-09	-7.681849e+00	-3.091768e+02
7.400000e-07	-9.824709e-07	-4.507582e-09	-6.896639e+00	-2.956297e+02
7.500000e-07	-8.702194e-07	-4.300218e-09	-6.108668e+00	-2.814437e+02
7.600000e-07	-7.575093e-07	-4.075188e-09	-5.317479e+00	-2.665292e+02
7.700000e-07	-6.445010e-07	-3.830669e-09	-4.524196e+00	-2.509108e+02
7.800000e-07	-5.313509e-07	-3.577889e-09	-3.729917e+00	-2.347078e+02
7.900000e-07	-4.180829e-07	-3.325346e-09	-2.934812e+00	-2.180632e+02
8.000000e-07	-3.046689e-07	-3.067021e-09	-2.138681e+00	-2.010616e+02
8.100000e-07	-1.910488e-07	-2.797635e-09	-1.341103e+00	-1.836787e+02
8.200000e-07	-7.731947e-08	-2.520139e-09	-5.427585e-01	-1.657865e+02
8.300000e-07	3.635455e-08	-2.239896e-09	2.551976e-01	-1.472070e+02
8.400000e-07	1.499518e-07	-1.952403e-09	1.052615e+00	-1.277861e+02
8.500000e-07	2.634765e-07	-1.646208e-09	1.849522e+00	-1.074515e+02
8.600000e-07	3.769473e-07	-1.317479e-09	2.646052e+00	-8.623182e+01
8.700000e-07	4.903221e-07	-9.724518e-10	3.441908e+00	-6.423268e+01
8.800000e-07	6.034684e-07	-6.236106e-10	4.236160e+00	-4.158738e+01
8.900000e-07	7.164181e-07	-2.728132e-10	5.029031e+00	-1.840489e+01
9.000000e-07	8.291104e-07	8.769231e-11	5.820096e+00	5.260609e+00
9.100000e-07	9.414487e-07	4.574087e-10	6.608676e+00	2.940738e+01
9.200000e-07	1.053435e-06	8.340950e-10	7.394787e+00	5.405351e+01
9.300000e-07	1.165068e-06	1.215811e-09	8.178415e+00	7.918937e+01
9.400000e-07	1.276303e-06	1.604017e-09	8.959248e+00	1.047361e+02
9.500000e-07	1.387166e-06	1.999933e-09	9.737470e+00	1.305276e+02
9.600000e-07	1.497600e-06	2.397882e-09	1.051269e+01	1.563237e+02
9.700000e-07	1.607463e-06	2.788430e-09	1.128389e+01	1.818482e+02
9.800000e-07	1.716777e-06	3.166499e-09	1.205123e+01	2.068364e+02
9.900000e-07	1.825592e-06	3.533883e-09	1.281509e+01	2.310754e+02
1.000000e-06	1.933898e-06	3.891985e-09	1.357536e+01	2.544258e+02
1.010000e-06	2.041562e-06	4.234524e-09	1.433112e+01	2.768219e+02
1.020000e-06	2.148357e-06	4.558553e-09	1.508080e+01	2.982561e+02
1.030000e-06	2.254171e-06	4.869804e-09	1.582358e+01	3.187543e+02
1.040000e-06	2.359065e-06	5.170037e-09	1.655990e+01	3.383499e+02
1.050000e-06	2.463093e-06	5.457651e-09	1.729014e+01	3.570624e+02
1.060000e-06	2.566248e-06	5.727371e-09	1.801426e+01	3.748833e+02
1.070000e-06	2.668531e-06	5.980957e-09	1.873225e+01	3.917782e+02
1.080000e-06	2.769957e-06	6.222270e-09	1.944423e+01	4.077027e+02
1.090000e-06	2.870584e-06	6.450748e-09	2.015060e+01	4.226311e+02
1.100000e-06	2.970283e-06	6.664313e-09	2.085046e+01	4.365841e+02
1.110000e-06	3.068677e-06	6.862433e-09	2.154116e+01	4.496412e+02
1.120000e-06	3.165731e-06	7.048722e-09	2.222244e+01	4.619279e+02
1.130000e-06	3.261620e-06	7.226973e-09	2.289555e+01	4.735803e+02
1.140000e-06	3.356449e-06	7.398539e-09	2.356122e+01	4.847030e+02
1.150000e-06	3.450180e-06	7.560252e-09	2.421918e+01	4.953409e+02
1.160000e-06	3.542858e-06	7.712454e-09	2.486976e+01	5.054789e+02
1.170000e-06	3.634421e-06	7.857705e-09	2.551250e+01	5.150679e+02
1.180000e-06	3.724424e-06	7.998462e-09	2.614429e+01	5.240630e+02
1.190000e-06	3.812881e-06	8.129971e-09	2.676523e+01	5.324553e+02
1.200000e-06	3.900033e-06	8.250341e-09	2.737702e+01	5.402819e+02
1.210000e-06	3.985899e-06	8.363916e-09	2.797976e+01	5.476176e+02
1.220000e-06	4.070600e-06	8.471806e-09	2.857434e+01	5.545542e+02
1.230000e-06	4.154021e-06	8.576006e-09	2.915993e+01	5.611797e+02
1.240000e-06	4.235841e-06	8.672675e-09	2.973428e+01	5.675624e+02
1.250000e-06	4.316009e-06	8.760783e-09	3.029704e+01	5.737392e+02
1.260000e-06	4.394612e-06	8.846862e-09	3.084880e+01	5.797088e+02
1.270000e-06	4.471722e-06	8.934783e-09	3.139009e+01	5.854311e+02
1.280000e-06	4.547143e-06	9.021102e-09	3.191952e+01	5.908412e+02
1.290000e-06	4.620661e-06	9.100809e-09	3.243559e+01	5.958772e+02
1.300000e-06	4.692461e-06	9.172078e-09	3.293961e+01	6.005153e+02
1.310000e-06	4.762653e-06	9.235661e-09	3.343233e+01	6.047942e+02
1.320000e-06	4.831254e-06	9.296164e-09	3.391389e+01	6.088102e+02
1.330000e-06	4.898126e-06	9.354790e-09	3.438331e+01	6.126824e+02
1.340000e-06	4.963139e-06	9.409676e-09	3.483968e+01	6.165002e+02
1.350000e-06	5.026403e-06	9.461202e-09	3.528377e+01	6.202831e+02
1.360000e-06	5.088010e-06	9.513945e-09	3.571624e+01	6.239755e+02
1.370000e-06	5.147991e-06	9.569309e-09	3.613729e+01	6.274817e+02
1.380000e-06	5.206082e-06	9.621525e-09	3.654507e+01	6.307202e+02
1.390000e-06	5.262173e-06	9.667568e-09	3.693881e+01	6.336675e+02
1.400000e-06	5.316413e-06	9.709944e-09	3.731956e+01	6.363671e+02
1.410000e-06	5.368565e-06	9.750638e-09	3.768565e+01	6.389014e+02
1.420000e-06	5.418406e-06	9.787214e-09	3.803551e+01	6.413474e+02
1.430000e-06	5.466151e-06	9.818617e-09	3.837067e+01	6.437426e+02
1.440000e-06	5.512031e-06	9.847655e-09	3.869274e+01	6.460792e+02
1.450000e-06	5.556070e-06	9.879826e-09	3.900187e+01	6.483232e+02
1.460000e-06	5.598033e-06	9.914521e-09	3.929644e+01	6.504415e+02
1.470000e-06	5.637910e-06	9.947401e-09	3.957637e+01	6.524186e+02
1.480000e-06	5.675968e-06	9.976948e-09	3.984352e+01	6.542546e+02
1.490000e-06	5.712208e-06	1.000198e-08	4.009791e+01	6.559537e+02
1.500000e-06	5.746341e-06	1.002524e-08	4.033752e+01	6.575150e+02
1.510000e-06	5.778333e-06	1.004653e-08	4.056209e+01	6.589344e+02
1.520000e-06	5.808418e-06	1.006376e-08	4.077328e+01	6.602144e+02
1.530000e-06	5.836635e-06	1.007634e-08	4.097136e+01	6.613707e+02
1.540000e-06	5.862660e-06	1.008855e-08	4.115404e+01	6.624293e+02
1.550000e-06	5.886406e-06	1.010590e-08	4.132073e+01	6.634148e+02
1.560000e-06	5.908167e-06	1.012420e-08	4.147348e+01	6.643374e+02
1.570000e-06	5.928012e-06	1.013805e-08	4.161279e+01	6.651896e+02
1.580000e-06	5.945777e-06	1.014868e-08	4.173749e+01	6.659529e+02
1.590000e-06	5.961299e-06	1.015825e-08	4.184645e+01	6.666089e+02
1.600000e-06	5.974647e-06	1.016732e-08	4.194015e+01	6.671464e+02
1.610000e-06	5.985632e-06	1.017357e-08	4.201727e+01	6.675607e+02
1.620000e-06	5.994247e-06	1.017319e-08	4.207774e+01	6.678507e+02
1.630000e-06	6.000838e-06	1.017136e-08	4.212401e+01	6.680190e+02
1.640000e-06	6.005512e-06	1.017375e-08	4.215682e+01	6.680774e+02
1.650000e-06	6.007998e-06	1.017838e-08	4.217427e+01	6.680526e+02
1.660000e-06	6.008288e-06	1.017892e-08	4.217630e+01	6.679818e+02
1.670000e-06	6.006650e-06	1.017513e-08	4.216481e+01	6.678967e+02
1.680000e-06	6.003141e-06	1.017066e-08	4.214017e+01	6.678011e+02
1.690000e-06	5.997511e-06	1.016990e-08	4.210066e+01	6.676590e+02
1.700000e-06	5.989814e-06	1.016714e-08	4.204662e+01	6.674044e+02
1.710000e-06	5.980323e-06	1.015707e-08	4.198000e+01	6.669719e+02
1.720000e-06	5.968873e-06	1.014490e-08	4.189962e+01	6.663312e+02
1.730000e-06	5.955267e-06	1.013658e-08	4.180411e+01	6.655066e+02
1.740000e-06	5.939619e-06	1.014320e-08	4.169427e+01	6.645670e+02
1.750000e-06	5.921830e-06	1.011447e-08	4.156940e+01	6.635939e+02
1.760000e-06	5.901193e-06	1.007281e-08	4.142453e+01	6.626453e+02
1.770000e-06	5.877589e-06	1.005730e-08	4.125884e+01	6.617352e+02
1.780000e-06	5.851878e-06	1.004822e-08	4.107836e+01	6.608373e+02
1.790000e-06	5.824956e-06	1.006316e-08	4.088937e+01	6.599045e+02
1.800000e-06	5.797094e-06	1.004765e-08	4.069379e+01	6.588905e+02
1.810000e-06	5.767254e-06	9.992378e-09	4.048432e+01	6.577606e+02
1.820000e-06	5.734920e-06	1.001777e-08	4.025734e+01	6.564926e+02
1.830000e-06	5.700945e-06	1.000754e-08	4.001885e+01	6.550754e+02
1.840000e-06	5.664978e-06	9.953574e-09	3.976637e+01	6.535106e+02
1.850000e-06	5.626583e-06	9.967395e-09	3.949685e+01	6.518164e+02
1.860000e-06	5.586194e-06	9.902025e-09	3.921333e+01	6.500231e+02
1.870000e-06	5.543948e-06	9.860820e-09	3.891678e+01	6.481572e+02
1.880000e-06	5.500096e-06	9.874498e-09	3.860895e+01	6.462179e+02
1.890000e-06	5.454352e-06	9.814586e-09	3.828785e+01	6.441635e+02
1.900000e-06	5.406285e-06	9.794759e-09	3.795043e+01	6.419218e+02
1.910000e-06	5.356269e-06	9.737697e-09	3.759934e+01	6.394268e+02
1.920000e-06	5.304029e-06	9.695770e-09	3.723262e+01	6.366619e+02
1.930000e-06	5.249516e-06	9.702988e-09	3.684996e+01	6.336823e+02
1.940000e-06	5.193188e-06	9.597894e-09	3.645455e+01	6.305992e+02
1.950000e-06	5.135033e-06	9.561745e-09	3.604633e+01	6.275281e+02
1.960000e-06	5.075165e-06	9.514579e-09	3.562607e+01	6.245303e+02
1.970000e-06	5.013355e-06	9.463444e-09	3.519219e+01	6.215793e+02
1.980000e-06	4.949638e-06	9.453433e-09	3.474491e+01	6.185721e+02
1.990000e-06	4.884261e-06	9.369724e-09	3.428599e+01	6.153770e+02
2.000000e-06	4.817167e-06	9.334231e-09	3.381501e+01	6.118920e+02
2.010000e-06	4.748333e-06	9.261636e-09	3.333182e+01	6.080834e+02
2.020000e-06	4.677571e-06	9.215272e-09	3.283509e+01	6.039894e+02
2.030000e-06	4.605060e-06	9.160396e-09	3.232608e+01	5.996966e+02
2.040000e-06	4.530836e-06	9.056532e-09	3.180505e+01	5.953030e+02
2.050000e-06	4.454812e-06	9.015535e-09	3.127139e+01	5.908868e+02
2.060000e-06	4.377128e-06	8.937459e-09	3.072607e+01	5.864841e+02
2.070000e-06	4.297726e-06	8.888664e-09	3.016870e+01	5.820771e+02
2.080000e-06	4.216778e-06	8.804670e-09	2.960046e+01	5.775912e+02
2.090000e-06	4.134470e-06	8.724418e-09	2.902269e+01	5.729100e+02
2.100000e-06	4.050748e-06	8.668576e-09	2.843499e+01	5.679104e+02
2.110000e-06	3.965473e-06	8.581332e-09	2.783638e+01	5.625141e+02
2.120000e-06	3.878605e-06	8.510014e-09	2.722660e+01	5.567318e+02
2.130000e-06	3.790367e-06	8.394158e-09	2.660719e+01	5.506715e+02
2.140000e-06	3.700956e-06	8.303020e-09	2.597955e+01	5.444949e+02
2.150000e-06	3.610331e-06	8.207478e-09	2.534339e+01	5.383364e+02
2.160000e-06	3.518391e-06	8.119008e-09	2.469800e+01	5.322251e+02
2.170000e-06	3.425168e-06	8.026169e-09	2.404361e+01	5.260586e+02
2.180000e-06	3.330607e-06	7.920645e-09	2.337982e+01	5.196496e+02
2.190000e-06	3.234826e-06	7.830391e-09	2.270746e+01	5.128225e+02
2.200000e-06	3.138062e-06	7.719735e-09	2.202822e+01	5.055078e+02
2.210000e-06	3.040293e-06	7.606687e-09	2.134191e+01	4.977745e+02
2.220000e-06	2.941432e-06	7.469299e-09	2.064793e+01	4.897830e+02
2.230000e-06	2.841458e-06	7.344979e-09	1.994615e+01	4.816867e+02
2.240000e-06	2.740516e-06	7.225216e-09	1.923757e+01	4.735421e+02
2.250000e-06	2.638567e-06	7.106883e-09	1.852191e+01	4.652836e+02
2.260000e-06	2.535500e-06	6.977913e-09	1.779842e+01	4.567721e+02
2.270000e-06	2.431479e-06	6.835544e-09	1.706822e+01	4.478828e+02
2.280000e-06	2.326651e-06	6.696502e-09	1.633237e+01	4.385726e+02
2.290000e-06	2.221061e-06	6.547975e-09	1.559116e+01	4.288861e+02
2.300000e-06	2.114848e-06	6.399204e-09	1.484557e+01	4.189017e+02
2.310000e-06	2.008021e-06	6.235300e-09	1.409568e+01	4.086612e+02
2.320000e-06	1.900481e-06	6.072943e-09	1.334078e+01	3.981334e+02
2.330000e-06	1.792306e-06	5.907350e-09	1.258143e+01	3.872360e+02
2.340000e-06	1.683535e-06	5.736734e-09	1.181789e+01	3.758975e+02
2.350000e-06	1.574175e-06	5.558590e-09	1.105021e+01	3.641122e+02
2.360000e-06	1.464240e-06	5.369852e-09	1.027851e+01	3.519459e+02
2.370000e-06	1.353754e-06	5.182545e-09	9.502931e+00	3.394871e+02
2.380000e-06	1.242723e-06	4.991098e-09	8.723527e+00	3.267737e+02
2.390000e-06	1.131248e-06	4.794180e-09	7.941009e+00	3.137456e+02
2.400000e-06	1.019417e-06	4.584505e-09	7.155989e+00	3.002576e+02
2.410000e-06	9.072125e-07	4.365475e-09	6.368348e+00	2.861458e+02
2.420000e-06	7.946453e-07	4.137735e-09	5.578162e+00	2.713098e+02
2.430000e-06	6.817020e-07	3.902011e-09	4.785335e+00	2.557619e+02
2.440000e-06	5.683766e-07	3.661006e-09	3.989826e+00	2.396140e+02
2.450000e-06	4.548186e-07	3.411257e-09	3.192685e+00	2.230107e+02
2.460000e-06	3.411844e-07	3.155114e-09	2.395008e+00	2.060460e+02
2.470000e-06	2.274283e-07	2.891463e-09	1.596476e+00	1.887082e+02
2.480000e-06	1.135539e-07	2.618669e-09	7.971126e-01	1.708784e+02
2.490000e-06	-3.432354e-10	2.333831e-09	-2.409405e-03	1.523805e+02
2.500000e-06	-1.141984e-07	2.034639e-09	-8.016372e-01	1.330546e+02
2.510000e-06	-2.280048e-07	1.723885e-09	-1.600523e+00	1.128179e+02
2.520000e-06	-3.416961e-07	1.405640e-09	-2.398600e+00	9.168856e+01
2.530000e-06	-4.552960e-07	1.078835e-09	-3.196036e+00	6.976618e+01
2.540000e-06	-5.687124e-07	7.379964e-10	-3.992183e+00	4.718371e+01
2.550000e-06	-6.817821e-07	3.858257e-10	-4.785897e+00	2.405472e+01
2.560000e-06	-7.944783e-07	2.487451e-11	-5.576989e+00	4.397519e-01
2.570000e-06	-9.067197e-07	-3.439850e-10	-6.364888e+00	-2.365495e+01
2.580000e-06	-1.018465e-06	-7.219935e-10	-7.149308e+00	-4.824754e+01
2.590000e-06	-1.129853e-06	-1.107706e-09	-7.931214e+00	-7.333363e+01
2.600000e-06	-1.240846e-06	-1.494294e-09	-8.710353e+00	-9.884311e+01
2.610000e-06	-1.351281e-06	-1.882923e-09	-9.485571e+00	-1.246192e+02
2.620000e-06	-1.461156e-06	-2.273580e-09	-1.025686e+01	-1.504282e+02
2.630000e-06	-1.570471e-06	-2.664133e-09	-1.102422e+01	-1.759955e+02
2.640000e-06	-1.679248e-06	-3.048991e-09	-1.178780e+01	-2.010529e+02
2.650000e-06	-1.787506e-06	-3.423011e-09	-1.254773e+01	-2.253806e+02
2.660000e-06	-1.895260e-06	-3.782722e-09	-1.330413e+01	-2.488309e+02
2.670000e-06	-2.002457e-06	-4.126069e-09	-1.405662e+01	-2.713309e+02
2.680000e-06	-2.109037e-06	-4.452936e-09	-1.480478e+01	-2.928677e+02
2.690000e-06	-2.214940e-06	-4.764271e-09	-1.554818e+01	-3.134648e+02
2.700000e-06	-2.320079e-06	-5.063483e-09	-1.628623e+01	-3.331563e+02
2.710000e-06	-2.424431e-06	-5.350896e-09	-1.701875e+01	-3.519636e+02
2.720000e-06	-2.527952e-06	-5.627366e-09	-1.774543e+01	-3.698817e+02
2.730000e-06	-2.630507e-06	-5.891445e-09	-1.846534e+01	-3.868784e+02
2.740000e-06	-2.731911e-06	-6.139502e-09	-1.917716e+01	-4.029091e+02
2.750000e-06	-2.832186e-06	-6.369931e-09	-1.988106e+01	-4.179446e+02
2.760000e-06	-2.931496e-06	-6.582727e-09	-2.057818e+01	-4.319997e+02
2.770000e-06	-3.029810e-06	-6.781470e-09	-2.126832e+01	-4.451478e+02
2.780000e-06	-3.127042e-06	-6.969043e-09	-2.195085e+01	-4.575108e+02
2.790000e-06	-3.223279e-06	-7.147252e-09	-2.262641e+01	-4.692256e+02
2.800000e-06	-3.318575e-06	-7.319597e-09	-2.329536e+01	-4.804021e+02
2.810000e-06	-3.412669e-06	-7.487302e-09	-2.395587e+01	-4.910922e+02
2.820000e-06	-3.505320e-06	-7.645688e-09	-2.460625e+01	-5.012863e+02
2.830000e-06	-3.596662e-06	-7.790529e-09	-2.524744e+01	-5.109370e+02
2.840000e-06	-3.686745e-06	-7.923852e-09	-2.587980e+01	-5.199974e+02
2.850000e-06	-3.775463e-06	-8.050198e-09	-2.650257e+01	-5.284536e+02
2.860000e-06	-3.862952e-06	-8.168708e-09	-2.711672e+01	-5.363382e+02
2.870000e-06	-3.949087e-06	-8.277710e-09	-2.772136e+01	-5.437226e+02
2.880000e-06	-4.033592e-06	-8.382993e-09	-2.831456e+01	-5.506980e+02
2.890000e-06	-4.116665e-06	-8.487497e-09	-2.889770e+01	-5.573535e+02
2.900000e-06	-4.198440e-06	-8.589165e-09	-2.947174e+01	-5.637601e+02
2.910000e-06	-4.278846e-06	-8.685749e-09	-3.003616e+01	-5.699587e+02
2.920000e-06	-4.357718e-06	-8.778195e-09	-3.058982e+01	-5.759522e+02
2.930000e-06	-4.434738e-06	-8.866196e-09	-3.113047e+01	-5.817043e+02
2.940000e-06	-4.509944e-06	-8.948089e-09	-3.165839e+01	-5.871516e+02
2.950000e-06	-4.583547e-06	-9.023379e-09	-3.217507e+01	-5.922301e+02
2.960000e-06	-4.655557e-06	-9.091832e-09	-3.268056e+01	-5.969106e+02
2.970000e-06	-4.725860e-06	-9.157458e-09	-3.317406e+01	-6.012245e+02
2.980000e-06	-4.794309e-06	-9.222521e-09	-3.365455e+01	-6.052634e+02
2.990000e-06	-4.860990e-06	-9.286916e-09	-3.412263e+01	-6.091462e+02
3.000000e-06	-4.926047e-06	-9.348920e-09	-3.457931e+01	-6.129679e+02
3.010000e-06	-4.989529e-06	-9.406909e-09	-3.502494e+01	-6.167564e+02
3.020000e-06	-5.051188e-06	-9.461221e-09	-3.545776e+01	-6.204632e+02
3.030000e-06	-5.110819e-06	-9.513096e-09	-3.587635e+01	-6.239943e+02
3.040000e-06	-5.168640e-06	-9.563185e-09	-3.628224e+01	-6.272643e+02
3.050000e-06	-5.224818e-06	-9.609031e-09	-3.667659e+01	-6.302422e+02
3.060000e-06	-5.279100e-06	-9.649871e-09	-3.705763e+01	-6.329651e+02
3.070000e-06	-5.331167e-06	-9.689691e-09	-3.742312e+01	-6.355133e+02
3.080000e-06	-5.381035e-06	-9.731212e-09	-3.777318e+01	-6.379665e+02
3.090000e-06	-5.428640e-06	-9.772241e-09	-3.810736e+01	-6.403672e+02
3.100000e-06	-5.474174e-06	-9.809341e-09	-3.842699e+01	-6.427119e+02
3.110000e-06	-5.518049e-06	-9.842371e-09	-3.873498e+01	-6.449680e+02
3.120000e-06	-5.560206e-06	-9.874044e-09	-3.903091e+01	-6.471013e+02
3.130000e-06	-5.600551e-06	-9.903634e-09	-3.931411e+01	-6.490941e+02
3.140000e-06	-5.638971e-06	-9.929629e-09	-3.958381e+01	-6.509454e+02
3.150000e-06	-5.675262e-06	-9.955372e-09	-3.983856e+01	-6.526594e+02
3.160000e-06	-5.709492e-06	-9.981034e-09	-4.007885e+01	-6.542361e+02
3.170000e-06	-5.741834e-06	-1.000641e-08	-4.030588e+01	-6.556713e+02
3.180000e-06	-5.772126e-06	-1.003099e-08	-4.051852e+01	-6.569661e+02
3.190000e-06	-5.800269e-06	-1.005107e-08	-4.071608e+01	-6.581348e+02
3.200000e-06	-5.826446e-06	-1.006711e-08	-4.089983e+01	-6.592030e+02
3.210000e-06	-5.850629e-06	-1.007979e-08	-4.106958e+01	-6.601960e+02
3.220000e-06	-5.872624e-06	-1.009075e-08	-4.122398e+01	-6.611258e+02
3.230000e-06	-5.892436e-06	-1.010428e-08	-4.136306e+01	-6.619866e+02
3.240000e-06	-5.910314e-06	-1.011921e-08	-4.148856e+01	-6.627608e+02
3.250000e-06	-5.926278e-06	-1.013112e-08	-4.160062e+01	-6.634294e+02
3.260000e-06	-5.939857e-06	-1.014154e-08	-4.169594e+01	-6.639803e+02
3.270000e-06	-5.950912e-06	-1.015056e-08	-4.177354e+01	-6.644083e+02
3.280000e-06	-5.959842e-06	-1.015698e-08	-4.183623e+01	-6.647120e+02
3.290000e-06	-5.966808e-06	-1.016032e-08	-4.188513e+01	-6.648934e+02
3.300000e-06	-5.971600e-06	-1.015989e-08	-4.191876e+01	-6.649630e+02
3.310000e-06	-5.974256e-06	-1.015788e-08	-4.193741e+01	-6.649457e+02
3.320000e-06	-5.975004e-06	-1.015641e-08	-4.194266e+01	-6.648785e+02
