# Temperatura_=_20.0
# Concentracion g/m^3_=_10000.0
# C_Vs_to_Am_M_A/Vsm_=_65563218390.804596
# pendiente_HvsI_1/m_=_3716.3
# ordenada_HvsI_A/m_=_1297.0
# frecuencia_Hz_=_301098.04241425474

Tiempo_(s)	Campo_(V.s)	Magnetizacion_(V.s)	Campo_(kA/m)	Magnetizacion_(A/m)
0.000000e+00	-6.219040e-06	-1.022174e-08	-4.376159e+01	-6.687567e+02
1.000000e-08	-6.215696e-06	-1.021862e-08	-4.373806e+01	-6.685080e+02
2.000000e-08	-6.210310e-06	-1.021105e-08	-4.370016e+01	-6.681835e+02
3.000000e-08	-6.203130e-06	-1.020679e-08	-4.364964e+01	-6.677873e+02
4.000000e-08	-6.194061e-06	-1.020228e-08	-4.358583e+01	-6.673265e+02
5.000000e-08	-6.182673e-06	-1.019366e-08	-4.350570e+01	-6.668147e+02
6.000000e-08	-6.168888e-06	-1.017980e-08	-4.340869e+01	-6.662593e+02
7.000000e-08	-6.152754e-06	-1.014631e-08	-4.329516e+01	-6.656407e+02
8.000000e-08	-6.134351e-06	-1.014838e-08	-4.316566e+01	-6.649053e+02
9.000000e-08	-6.113810e-06	-1.020142e-08	-4.302113e+01	-6.639872e+02
1.000000e-07	-6.090899e-06	-1.016063e-08	-4.285991e+01	-6.628520e+02
1.100000e-07	-6.065582e-06	-1.010598e-08	-4.268176e+01	-6.615348e+02
1.200000e-07	-6.038075e-06	-1.010476e-08	-4.248820e+01	-6.601418e+02
1.300000e-07	-6.008891e-06	-1.000914e-08	-4.228284e+01	-6.588060e+02
1.400000e-07	-5.978178e-06	-1.001563e-08	-4.206672e+01	-6.576166e+02
1.500000e-07	-5.945542e-06	-1.012759e-08	-4.183707e+01	-6.565655e+02
1.600000e-07	-5.910744e-06	-9.949357e-09	-4.159221e+01	-6.555437e+02
1.700000e-07	-5.873994e-06	-9.961665e-09	-4.133361e+01	-6.543923e+02
1.800000e-07	-5.835268e-06	-1.003186e-08	-4.106110e+01	-6.529787e+02
1.900000e-07	-5.794609e-06	-9.880942e-09	-4.077500e+01	-6.512541e+02
2.000000e-07	-5.751877e-06	-9.962415e-09	-4.047431e+01	-6.492610e+02
2.100000e-07	-5.706796e-06	-9.896960e-09	-4.015708e+01	-6.470929e+02
2.200000e-07	-5.659598e-06	-9.777635e-09	-3.982496e+01	-6.448366e+02
2.300000e-07	-5.610115e-06	-9.816433e-09	-3.947676e+01	-6.425327e+02
2.400000e-07	-5.558177e-06	-9.772257e-09	-3.911130e+01	-6.401729e+02
2.500000e-07	-5.503998e-06	-9.749486e-09	-3.873005e+01	-6.377253e+02
2.600000e-07	-5.447805e-06	-9.692313e-09	-3.833464e+01	-6.351645e+02
2.700000e-07	-5.389605e-06	-9.623946e-09	-3.792510e+01	-6.324832e+02
2.800000e-07	-5.329419e-06	-9.618481e-09	-3.750159e+01	-6.296841e+02
2.900000e-07	-5.267357e-06	-9.582365e-09	-3.706488e+01	-6.267650e+02
3.000000e-07	-5.203521e-06	-9.536440e-09	-3.661568e+01	-6.237125e+02
3.100000e-07	-5.137759e-06	-9.428544e-09	-3.615293e+01	-6.205114e+02
3.200000e-07	-5.069947e-06	-9.399768e-09	-3.567576e+01	-6.171583e+02
3.300000e-07	-5.000311e-06	-9.384388e-09	-3.518575e+01	-6.136668e+02
3.400000e-07	-4.929047e-06	-9.308630e-09	-3.468429e+01	-6.100568e+02
3.500000e-07	-4.856137e-06	-9.266735e-09	-3.417124e+01	-6.063357e+02
3.600000e-07	-4.781216e-06	-9.170044e-09	-3.364405e+01	-6.024863e+02
3.700000e-07	-4.704266e-06	-9.128526e-09	-3.310256e+01	-5.984736e+02
3.800000e-07	-4.625328e-06	-9.091887e-09	-3.254711e+01	-5.942660e+02
3.900000e-07	-4.544375e-06	-9.005052e-09	-3.197746e+01	-5.898563e+02
4.000000e-07	-4.461816e-06	-8.916349e-09	-3.139652e+01	-5.852667e+02
4.100000e-07	-4.377970e-06	-8.832534e-09	-3.080652e+01	-5.805334e+02
4.200000e-07	-4.292879e-06	-8.796202e-09	-3.020775e+01	-5.756812e+02
4.300000e-07	-4.206379e-06	-8.724688e-09	-2.959908e+01	-5.707059e+02
4.400000e-07	-4.118452e-06	-8.635639e-09	-2.898036e+01	-5.655752e+02
4.500000e-07	-4.028996e-06	-8.536887e-09	-2.835089e+01	-5.602469e+02
4.600000e-07	-3.937882e-06	-8.462013e-09	-2.770974e+01	-5.546906e+02
4.700000e-07	-3.845378e-06	-8.397604e-09	-2.705882e+01	-5.489006e+02
4.800000e-07	-3.751580e-06	-8.291057e-09	-2.639879e+01	-5.428905e+02
4.900000e-07	-3.656484e-06	-8.177096e-09	-2.572963e+01	-5.366792e+02
5.000000e-07	-3.560154e-06	-8.069978e-09	-2.505178e+01	-5.302750e+02
5.100000e-07	-3.462503e-06	-7.992452e-09	-2.436464e+01	-5.236696e+02
5.200000e-07	-3.363464e-06	-7.903526e-09	-2.366773e+01	-5.168408e+02
5.300000e-07	-3.263151e-06	-7.785245e-09	-2.296186e+01	-5.097611e+02
5.400000e-07	-3.161736e-06	-7.652956e-09	-2.224823e+01	-5.024073e+02
5.500000e-07	-3.059218e-06	-7.538111e-09	-2.152684e+01	-4.947662e+02
5.600000e-07	-2.955629e-06	-7.433813e-09	-2.079791e+01	-4.868381e+02
5.700000e-07	-2.851079e-06	-7.306518e-09	-2.006222e+01	-4.786360e+02
5.800000e-07	-2.745504e-06	-7.162028e-09	-1.931932e+01	-4.701794e+02
5.900000e-07	-2.638690e-06	-7.022341e-09	-1.856770e+01	-4.614828e+02
6.000000e-07	-2.530767e-06	-6.901551e-09	-1.780828e+01	-4.525419e+02
6.100000e-07	-2.422070e-06	-6.773373e-09	-1.704341e+01	-4.433273e+02
6.200000e-07	-2.312568e-06	-6.620234e-09	-1.627288e+01	-4.337911e+02
6.300000e-07	-2.202219e-06	-6.450228e-09	-1.549639e+01	-4.238862e+02
6.400000e-07	-2.091227e-06	-6.292938e-09	-1.471536e+01	-4.135900e+02
6.500000e-07	-1.979559e-06	-6.147707e-09	-1.392959e+01	-4.029142e+02
6.600000e-07	-1.867104e-06	-5.986292e-09	-1.313827e+01	-3.918956e+02
6.700000e-07	-1.753974e-06	-5.801962e-09	-1.234221e+01	-3.805684e+02
6.800000e-07	-1.640180e-06	-5.614633e-09	-1.154148e+01	-3.689369e+02
6.900000e-07	-1.525570e-06	-5.440961e-09	-1.073499e+01	-3.569651e+02
7.000000e-07	-1.410054e-06	-5.262702e-09	-9.922143e+00	-3.445909e+02
7.100000e-07	-1.293881e-06	-5.060417e-09	-9.104671e+00	-3.317551e+02
7.200000e-07	-1.177344e-06	-4.840898e-09	-8.284634e+00	-3.184252e+02
7.300000e-07	-1.060478e-06	-4.628526e-09	-7.462276e+00	-3.045993e+02
7.400000e-07	-9.432709e-07	-4.422434e-09	-6.637526e+00	-2.902894e+02
7.500000e-07	-8.256914e-07	-4.205117e-09	-5.810153e+00	-2.754984e+02
7.600000e-07	-7.077472e-07	-3.963542e-09	-4.980214e+00	-2.602086e+02
7.700000e-07	-5.895326e-07	-3.710628e-09	-4.148371e+00	-2.443877e+02
7.800000e-07	-4.711567e-07	-3.465747e-09	-3.315394e+00	-2.280054e+02
7.900000e-07	-3.526683e-07	-3.218549e-09	-2.481626e+00	-2.110422e+02
8.000000e-07	-2.340585e-07	-2.948891e-09	-1.647003e+00	-1.934827e+02
8.100000e-07	-1.153563e-07	-2.656704e-09	-8.117289e-01	-1.752979e+02
8.200000e-07	3.376338e-09	-2.363369e-09	2.375832e-02	-1.564349e+02
8.300000e-07	1.220865e-07	-2.073743e-09	8.590874e-01	-1.368275e+02
8.400000e-07	2.407189e-07	-1.772224e-09	1.693870e+00	-1.164259e+02
8.500000e-07	3.592910e-07	-1.443460e-09	2.528228e+00	-9.522619e+01
8.600000e-07	4.777998e-07	-1.098036e-09	3.362140e+00	-7.327555e+01
8.700000e-07	5.961915e-07	-7.524376e-10	4.195228e+00	-5.064594e+01
8.800000e-07	7.143886e-07	-4.050087e-10	5.026947e+00	-2.739155e+01
8.900000e-07	8.323413e-07	-4.198778e-11	5.856947e+00	-3.520689e+00
9.000000e-07	9.499998e-07	3.420277e-10	6.684875e+00	2.099355e+01
9.100000e-07	1.067247e-06	7.341203e-10	7.509910e+00	4.616470e+01
9.200000e-07	1.184108e-06	1.124114e-09	8.332230e+00	7.193387e+01
9.300000e-07	1.300608e-06	1.514787e-09	9.152002e+00	9.813724e+01
9.400000e-07	1.416676e-06	1.916387e-09	9.968739e+00	1.245221e+02
9.500000e-07	1.532064e-06	2.324671e-09	1.078070e+01	1.508036e+02
9.600000e-07	1.646592e-06	2.723263e-09	1.158659e+01	1.767300e+02
9.700000e-07	1.760341e-06	3.104538e-09	1.238701e+01	2.021222e+02
9.800000e-07	1.873446e-06	3.477186e-09	1.318290e+01	2.268707e+02
9.900000e-07	1.985977e-06	3.847640e-09	1.397475e+01	2.509023e+02
1.000000e-06	2.097768e-06	4.207575e-09	1.476139e+01	2.741438e+02
1.010000e-06	2.208764e-06	4.546630e-09	1.554244e+01	2.965060e+02
1.020000e-06	2.319077e-06	4.864692e-09	1.631868e+01	3.178942e+02
1.030000e-06	2.428621e-06	5.173187e-09	1.708951e+01	3.382307e+02
1.040000e-06	2.537401e-06	5.471929e-09	1.785496e+01	3.574742e+02
1.050000e-06	2.645464e-06	5.752575e-09	1.861537e+01	3.756228e+02
1.060000e-06	2.752508e-06	6.010048e-09	1.936861e+01	3.927070e+02
1.070000e-06	2.858334e-06	6.251509e-09	2.011327e+01	4.087800e+02
1.080000e-06	2.963071e-06	6.481582e-09	2.085028e+01	4.239124e+02
1.090000e-06	3.066736e-06	6.700883e-09	2.157974e+01	4.381877e+02
1.100000e-06	3.169324e-06	6.903465e-09	2.230162e+01	4.516914e+02
1.110000e-06	3.270838e-06	7.090009e-09	2.301594e+01	4.644945e+02
1.120000e-06	3.371319e-06	7.273161e-09	2.372301e+01	4.766373e+02
1.130000e-06	3.470555e-06	7.453229e-09	2.442130e+01	4.881274e+02
1.140000e-06	3.568331e-06	7.622182e-09	2.510932e+01	4.989555e+02
1.150000e-06	3.664778e-06	7.775460e-09	2.578799e+01	5.091226e+02
1.160000e-06	3.759912e-06	7.918583e-09	2.645742e+01	5.186600e+02
1.170000e-06	3.853778e-06	8.057986e-09	2.711793e+01	5.276294e+02
1.180000e-06	3.946463e-06	8.191526e-09	2.777012e+01	5.361022e+02
1.190000e-06	4.037817e-06	8.311092e-09	2.841295e+01	5.441354e+02
1.200000e-06	4.127579e-06	8.420000e-09	2.904459e+01	5.517610e+02
1.210000e-06	4.215772e-06	8.527220e-09	2.966517e+01	5.589951e+02
1.220000e-06	4.302546e-06	8.637177e-09	3.027578e+01	5.658576e+02
1.230000e-06	4.387930e-06	8.741762e-09	3.087660e+01	5.723823e+02
1.240000e-06	4.471917e-06	8.834325e-09	3.146759e+01	5.786062e+02
1.250000e-06	4.554371e-06	8.919342e-09	3.204780e+01	5.845470e+02
1.260000e-06	4.635109e-06	9.004220e-09	3.261593e+01	5.901887e+02
1.270000e-06	4.714096e-06	9.088696e-09	3.317174e+01	5.954938e+02
1.280000e-06	4.791400e-06	9.166116e-09	3.371570e+01	6.004394e+02
1.290000e-06	4.866897e-06	9.231768e-09	3.424696e+01	6.050533e+02
1.300000e-06	4.940430e-06	9.291711e-09	3.476439e+01	6.094195e+02
1.310000e-06	5.012142e-06	9.356890e-09	3.526901e+01	6.136431e+02
1.320000e-06	5.082131e-06	9.423941e-09	3.576149e+01	6.177913e+02
1.330000e-06	5.150436e-06	9.483854e-09	3.624213e+01	6.218508e+02
1.340000e-06	5.216870e-06	9.537176e-09	3.670961e+01	6.257323e+02
1.350000e-06	5.281267e-06	9.590810e-09	3.716276e+01	6.293256e+02
1.360000e-06	5.343861e-06	9.645775e-09	3.760322e+01	6.325717e+02
1.370000e-06	5.404809e-06	9.694132e-09	3.803208e+01	6.355069e+02
1.380000e-06	5.463949e-06	9.732177e-09	3.844824e+01	6.382486e+02
1.390000e-06	5.521002e-06	9.768347e-09	3.884970e+01	6.409316e+02
1.400000e-06	5.576025e-06	9.808449e-09	3.923689e+01	6.436358e+02
1.410000e-06	5.629055e-06	9.851273e-09	3.961004e+01	6.463482e+02
1.420000e-06	5.679705e-06	9.891701e-09	3.996645e+01	6.489816e+02
1.430000e-06	5.727961e-06	9.926345e-09	4.030602e+01	6.514314e+02
1.440000e-06	5.774191e-06	9.960864e-09	4.063132e+01	6.536344e+02
1.450000e-06	5.818552e-06	9.995778e-09	4.094348e+01	6.555931e+02
1.460000e-06	5.860803e-06	1.002522e-08	4.124079e+01	6.573602e+02
1.470000e-06	5.900844e-06	1.004662e-08	4.152254e+01	6.590006e+02
1.480000e-06	5.938925e-06	1.006408e-08	4.179051e+01	6.605601e+02
1.490000e-06	5.975086e-06	1.008558e-08	4.204496e+01	6.620583e+02
1.500000e-06	6.009068e-06	1.011112e-08	4.228409e+01	6.634983e+02
1.510000e-06	6.040815e-06	1.013282e-08	4.250748e+01	6.648776e+02
1.520000e-06	6.070604e-06	1.014997e-08	4.271709e+01	6.661878e+02
1.530000e-06	6.098419e-06	1.016792e-08	4.291282e+01	6.674048e+02
1.540000e-06	6.123869e-06	1.018631e-08	4.309190e+01	6.684865e+02
1.550000e-06	6.146996e-06	1.020123e-08	4.325464e+01	6.693868e+02
1.560000e-06	6.168133e-06	1.020939e-08	4.340338e+01	6.700835e+02
1.570000e-06	6.187288e-06	1.021450e-08	4.353817e+01	6.705996e+02
1.580000e-06	6.204275e-06	1.022083e-08	4.365770e+01	6.710003e+02
1.590000e-06	6.218921e-06	1.022689e-08	4.376076e+01	6.713627e+02
1.600000e-06	6.231202e-06	1.023187e-08	4.384718e+01	6.717357e+02
1.610000e-06	6.240976e-06	1.023531e-08	4.391596e+01	6.721163e+02
1.620000e-06	6.248365e-06	1.023848e-08	4.396795e+01	6.724565e+02
1.630000e-06	6.253697e-06	1.024350e-08	4.400547e+01	6.726961e+02
1.640000e-06	6.256892e-06	1.024708e-08	4.402795e+01	6.727968e+02
1.650000e-06	6.257816e-06	1.024884e-08	4.403445e+01	6.727569e+02
1.660000e-06	6.256607e-06	1.024571e-08	4.402595e+01	6.726004e+02
1.670000e-06	6.253489e-06	1.023598e-08	4.400401e+01	6.723535e+02
1.680000e-06	6.248265e-06	1.023193e-08	4.396725e+01	6.720304e+02
1.690000e-06	6.240879e-06	1.022449e-08	4.391527e+01	6.716356e+02
1.700000e-06	6.231598e-06	1.021401e-08	4.384996e+01	6.711757e+02
1.710000e-06	6.220323e-06	1.020748e-08	4.377063e+01	6.706644e+02
1.720000e-06	6.206710e-06	1.021756e-08	4.367483e+01	6.701095e+02
1.730000e-06	6.190957e-06	1.024205e-08	4.356399e+01	6.694927e+02
1.740000e-06	6.173226e-06	1.015335e-08	4.343921e+01	6.687615e+02
1.750000e-06	6.152690e-06	1.011946e-08	4.329471e+01	6.678497e+02
1.760000e-06	6.128946e-06	1.013986e-08	4.312763e+01	6.667210e+02
1.770000e-06	6.102765e-06	1.010393e-08	4.294340e+01	6.654076e+02
1.780000e-06	6.075215e-06	1.018509e-08	4.274954e+01	6.640139e+02
1.790000e-06	6.046716e-06	1.012154e-08	4.254901e+01	6.626729e+02
1.800000e-06	6.016352e-06	9.952633e-09	4.233534e+01	6.614765e+02
1.810000e-06	5.983359e-06	1.013303e-08	4.210318e+01	6.604208e+02
1.820000e-06	5.948518e-06	1.007001e-08	4.185801e+01	6.593994e+02
1.830000e-06	5.911888e-06	9.990463e-09	4.160026e+01	6.582541e+02
1.840000e-06	5.872795e-06	1.013145e-08	4.132517e+01	6.568501e+02
1.850000e-06	5.831560e-06	9.884936e-09	4.103501e+01	6.551352e+02
1.860000e-06	5.788392e-06	9.917979e-09	4.073125e+01	6.531491e+02
1.870000e-06	5.743297e-06	1.002787e-08	4.041393e+01	6.509844e+02
1.880000e-06	5.696275e-06	9.863519e-09	4.008305e+01	6.487291e+02
1.890000e-06	5.646878e-06	9.901717e-09	3.973546e+01	6.464257e+02
1.900000e-06	5.595260e-06	9.776654e-09	3.937223e+01	6.440672e+02
1.910000e-06	5.541409e-06	9.767263e-09	3.899330e+01	6.416222e+02
1.920000e-06	5.485296e-06	9.834590e-09	3.859845e+01	6.390645e+02
1.930000e-06	5.427375e-06	9.657479e-09	3.819088e+01	6.363862e+02
1.940000e-06	5.367553e-06	9.670984e-09	3.776993e+01	6.335902e+02
1.950000e-06	5.305737e-06	9.580606e-09	3.733495e+01	6.306744e+02
1.960000e-06	5.241852e-06	9.607941e-09	3.688540e+01	6.276258e+02
1.970000e-06	5.176084e-06	9.571215e-09	3.642262e+01	6.244290e+02
1.980000e-06	5.108677e-06	9.423646e-09	3.594829e+01	6.210800e+02
1.990000e-06	5.039213e-06	9.446288e-09	3.545950e+01	6.175919e+02
2.000000e-06	4.967800e-06	9.318067e-09	3.495698e+01	6.139848e+02
2.010000e-06	4.894733e-06	9.359074e-09	3.444283e+01	6.102667e+02
2.020000e-06	4.819856e-06	9.272288e-09	3.391594e+01	6.064213e+02
2.030000e-06	4.742937e-06	9.139726e-09	3.337468e+01	6.024139e+02
2.040000e-06	4.664028e-06	9.122154e-09	3.281942e+01	5.982124e+02
2.050000e-06	4.583571e-06	9.036365e-09	3.225327e+01	5.938085e+02
2.060000e-06	4.501590e-06	9.048288e-09	3.167639e+01	5.892236e+02
2.070000e-06	4.418071e-06	8.901495e-09	3.108870e+01	5.844937e+02
2.080000e-06	4.332833e-06	8.827331e-09	3.048890e+01	5.796444e+02
2.090000e-06	4.245832e-06	8.763186e-09	2.987670e+01	5.746728e+02
2.100000e-06	4.157454e-06	8.696918e-09	2.925481e+01	5.695473e+02
2.110000e-06	4.067749e-06	8.629201e-09	2.862358e+01	5.642255e+02
2.120000e-06	3.976716e-06	8.476720e-09	2.798301e+01	5.586765e+02
2.130000e-06	3.884289e-06	8.424709e-09	2.733262e+01	5.528935e+02
2.140000e-06	3.790326e-06	8.339120e-09	2.667143e+01	5.468898e+02
2.150000e-06	3.694916e-06	8.281863e-09	2.600006e+01	5.406842e+02
2.160000e-06	3.598271e-06	8.153764e-09	2.532000e+01	5.342859e+02
2.170000e-06	3.500453e-06	8.026436e-09	2.463168e+01	5.276868e+02
2.180000e-06	3.401471e-06	7.937061e-09	2.393517e+01	5.208652e+02
2.190000e-06	3.301377e-06	7.843390e-09	2.323084e+01	5.137938e+02
2.200000e-06	3.199975e-06	7.746913e-09	2.251730e+01	5.064489e+02
2.210000e-06	3.097187e-06	7.593644e-09	2.179401e+01	4.988170e+02
2.220000e-06	2.993225e-06	7.475398e-09	2.106247e+01	4.908979e+02
2.230000e-06	2.888326e-06	7.363602e-09	2.032432e+01	4.827041e+02
2.240000e-06	2.782530e-06	7.258562e-09	1.957987e+01	4.742552e+02
2.250000e-06	2.675857e-06	7.112869e-09	1.882924e+01	4.655658e+02
2.260000e-06	2.568379e-06	6.953476e-09	1.807294e+01	4.566329e+02
2.270000e-06	2.460098e-06	6.817407e-09	1.731100e+01	4.474277e+02
2.280000e-06	2.350899e-06	6.693872e-09	1.654260e+01	4.379027e+02
2.290000e-06	2.240738e-06	6.554975e-09	1.576743e+01	4.280104e+02
2.300000e-06	2.129775e-06	6.373202e-09	1.498661e+01	4.177270e+02
2.310000e-06	2.018101e-06	6.196844e-09	1.420080e+01	4.070631e+02
2.320000e-06	1.905620e-06	6.038274e-09	1.340930e+01	3.960549e+02
2.330000e-06	1.792295e-06	5.884188e-09	1.261186e+01	3.847372e+02
2.340000e-06	1.678329e-06	5.699352e-09	1.180992e+01	3.731158e+02
2.350000e-06	1.563819e-06	5.498205e-09	1.100415e+01	3.611560e+02
2.360000e-06	1.448668e-06	5.311942e-09	1.019386e+01	3.487962e+02
2.370000e-06	1.332846e-06	5.135938e-09	9.378856e+00	3.359765e+02
2.380000e-06	1.216521e-06	4.942776e-09	8.560309e+00	3.226632e+02
2.390000e-06	1.099823e-06	4.718264e-09	7.739139e+00	3.088537e+02
2.400000e-06	9.826506e-07	4.485937e-09	6.914630e+00	2.945598e+02
2.410000e-06	8.650112e-07	4.267771e-09	6.086835e+00	2.797850e+02
2.420000e-06	7.469540e-07	4.048064e-09	5.256100e+00	2.645124e+02
2.430000e-06	6.284693e-07	3.803054e-09	4.422358e+00	2.487099e+02
2.440000e-06	5.096892e-07	3.537754e-09	3.586536e+00	2.323469e+02
2.450000e-06	3.907200e-07	3.278403e-09	2.749384e+00	2.154035e+02
2.460000e-06	2.715781e-07	3.030888e-09	1.911017e+00	1.978645e+02
2.470000e-06	1.523179e-07	2.767732e-09	1.071817e+00	1.797017e+02
2.480000e-06	3.302725e-08	2.471349e-09	2.324033e-01	1.608629e+02
2.490000e-06	-8.624128e-08	2.156641e-09	-6.068551e-01	1.412819e+02
2.500000e-06	-2.054231e-07	1.846644e-09	-1.445504e+00	1.209079e+02
2.510000e-06	-3.245198e-07	1.535275e-09	-2.283553e+00	9.973503e+01
2.520000e-06	-4.434902e-07	1.202884e-09	-3.120713e+00	7.780885e+01
2.530000e-06	-5.622761e-07	8.461836e-10	-3.956575e+00	5.520118e+01
2.540000e-06	-6.807739e-07	4.886882e-10	-4.790410e+00	3.196751e+01
2.550000e-06	-7.988713e-07	1.398136e-10	-5.621428e+00	8.117875e+00
2.560000e-06	-9.165091e-07	-2.198534e-10	-6.449211e+00	-1.637405e+01
2.570000e-06	-1.033695e-06	-6.072890e-10	-7.273818e+00	-4.152333e+01
2.580000e-06	-1.150468e-06	-1.014271e-09	-8.095516e+00	-6.727447e+01
2.590000e-06	-1.266744e-06	-1.415533e-09	-8.913712e+00	-9.346744e+01
2.600000e-06	-1.382523e-06	-1.807510e-09	-9.728420e+00	-1.198519e+02
2.610000e-06	-1.497707e-06	-2.205245e-09	-1.053893e+01	-1.461429e+02
2.620000e-06	-1.612220e-06	-2.612820e-09	-1.134473e+01	-1.720867e+02
2.630000e-06	-1.726161e-06	-3.009307e-09	-1.214650e+01	-1.975014e+02
2.640000e-06	-1.839345e-06	-3.379365e-09	-1.294294e+01	-2.222754e+02
2.650000e-06	-1.951576e-06	-3.733627e-09	-1.373268e+01	-2.463349e+02
2.660000e-06	-2.062911e-06	-4.088016e-09	-1.451611e+01	-2.696072e+02
2.670000e-06	-2.173479e-06	-4.440846e-09	-1.529415e+01	-2.920037e+02
2.680000e-06	-2.283313e-06	-4.772427e-09	-1.606701e+01	-3.134292e+02
2.690000e-06	-2.392298e-06	-5.075957e-09	-1.683391e+01	-3.338055e+02
2.700000e-06	-2.500502e-06	-5.364683e-09	-1.759531e+01	-3.530894e+02
2.710000e-06	-2.608012e-06	-5.648432e-09	-1.835183e+01	-3.712779e+02
2.720000e-06	-2.714706e-06	-5.919239e-09	-1.910261e+01	-3.884004e+02
2.730000e-06	-2.820506e-06	-6.163200e-09	-1.984709e+01	-4.045096e+02
2.740000e-06	-2.925346e-06	-6.386727e-09	-2.058482e+01	-4.196754e+02
2.750000e-06	-3.029196e-06	-6.604949e-09	-2.131558e+01	-4.339809e+02
2.760000e-06	-3.131944e-06	-6.821458e-09	-2.203859e+01	-4.475120e+02
2.770000e-06	-3.233331e-06	-7.024447e-09	-2.275202e+01	-4.603403e+02
2.780000e-06	-3.333423e-06	-7.204091e-09	-2.345634e+01	-4.725076e+02
2.790000e-06	-3.432383e-06	-7.372226e-09	-2.415270e+01	-4.840223e+02
2.800000e-06	-3.530222e-06	-7.541655e-09	-2.484115e+01	-4.948753e+02
2.810000e-06	-3.626897e-06	-7.705507e-09	-2.552143e+01	-5.050668e+02
2.820000e-06	-3.722421e-06	-7.850314e-09	-2.619360e+01	-5.146270e+02
2.830000e-06	-3.816630e-06	-7.977685e-09	-2.685653e+01	-5.236165e+02
2.840000e-06	-3.909294e-06	-8.103731e-09	-2.750858e+01	-5.321071e+02
2.850000e-06	-4.000548e-06	-8.234125e-09	-2.815070e+01	-5.401565e+02
2.860000e-06	-4.090427e-06	-8.355686e-09	-2.878316e+01	-5.477974e+02
2.870000e-06	-4.178864e-06	-8.461270e-09	-2.940546e+01	-5.550464e+02
2.880000e-06	-4.265831e-06	-8.558925e-09	-3.001743e+01	-5.619229e+02
2.890000e-06	-4.351178e-06	-8.660689e-09	-3.061799e+01	-5.684600e+02
2.900000e-06	-4.434918e-06	-8.765127e-09	-3.120724e+01	-5.746954e+02
2.910000e-06	-4.517172e-06	-8.857962e-09	-3.178604e+01	-5.806475e+02
2.920000e-06	-4.597926e-06	-8.937445e-09	-3.235428e+01	-5.863017e+02
2.930000e-06	-4.677082e-06	-9.013339e-09	-3.291128e+01	-5.916205e+02
2.940000e-06	-4.754347e-06	-9.092857e-09	-3.345497e+01	-5.965800e+02
2.950000e-06	-4.829640e-06	-9.170775e-09	-3.398479e+01	-6.012057e+02
2.960000e-06	-4.903172e-06	-9.239003e-09	-3.450221e+01	-6.055801e+02
2.970000e-06	-4.975073e-06	-9.300211e-09	-3.500816e+01	-6.098084e+02
2.980000e-06	-5.045127e-06	-9.363402e-09	-3.550111e+01	-6.139602e+02
2.990000e-06	-5.113166e-06	-9.431283e-09	-3.597988e+01	-6.180252e+02
3.000000e-06	-5.179382e-06	-9.493768e-09	-3.644582e+01	-6.219162e+02
3.010000e-06	-5.243881e-06	-9.543626e-09	-3.689969e+01	-6.255224e+02
3.020000e-06	-5.306604e-06	-9.587431e-09	-3.734104e+01	-6.287820e+02
3.030000e-06	-5.367330e-06	-9.635449e-09	-3.776836e+01	-6.317278e+02
3.040000e-06	-5.426063e-06	-9.684696e-09	-3.818165e+01	-6.344751e+02
3.050000e-06	-5.483008e-06	-9.727723e-09	-3.858235e+01	-6.371595e+02
3.060000e-06	-5.538140e-06	-9.763236e-09	-3.897030e+01	-6.398638e+02
3.070000e-06	-5.590992e-06	-9.802764e-09	-3.934220e+01	-6.425783e+02
3.080000e-06	-5.641392e-06	-9.848669e-09	-3.969685e+01	-6.452175e+02
3.090000e-06	-5.689407e-06	-9.889977e-09	-4.003472e+01	-6.476765e+02
3.100000e-06	-5.735194e-06	-9.920345e-09	-4.035691e+01	-6.498897e+02
3.110000e-06	-5.779215e-06	-9.943816e-09	-4.066668e+01	-6.518576e+02
3.120000e-06	-5.821531e-06	-9.972303e-09	-4.096444e+01	-6.536316e+02
3.130000e-06	-5.862009e-06	-1.000377e-08	-4.124927e+01	-6.552767e+02
3.140000e-06	-5.900454e-06	-1.002940e-08	-4.151980e+01	-6.568398e+02
3.150000e-06	-5.936651e-06	-1.004943e-08	-4.177451e+01	-6.583412e+02
3.160000e-06	-5.970727e-06	-1.006939e-08	-4.201429e+01	-6.597844e+02
3.170000e-06	-6.002818e-06	-1.009448e-08	-4.224010e+01	-6.611672e+02
3.180000e-06	-6.032679e-06	-1.011796e-08	-4.245023e+01	-6.624812e+02
3.190000e-06	-6.060323e-06	-1.013433e-08	-4.264475e+01	-6.637034e+02
3.200000e-06	-6.085942e-06	-1.014715e-08	-4.282502e+01	-6.647919e+02
3.210000e-06	-6.109493e-06	-1.016272e-08	-4.299075e+01	-6.657005e+02
3.220000e-06	-6.130726e-06	-1.017915e-08	-4.314015e+01	-6.664055e+02
3.230000e-06	-6.149747e-06	-1.018964e-08	-4.327400e+01	-6.669282e+02
3.240000e-06	-6.166835e-06	-1.019340e-08	-4.339425e+01	-6.673328e+02
3.250000e-06	-6.181652e-06	-1.019624e-08	-4.349851e+01	-6.676966e+02
3.260000e-06	-6.193921e-06	-1.020437e-08	-4.358484e+01	-6.680702e+02
3.270000e-06	-6.203872e-06	-1.021405e-08	-4.365487e+01	-6.684523e+02
3.280000e-06	-6.211701e-06	-1.022047e-08	-4.370996e+01	-6.687962e+02
3.290000e-06	-6.217277e-06	-1.022114e-08	-4.374919e+01	-6.690413e+02
3.300000e-06	-6.220629e-06	-1.022254e-08	-4.377278e+01	-6.691484e+02
3.310000e-06	-6.221898e-06	-1.022234e-08	-4.378171e+01	-6.691144e+02
3.320000e-06	-6.221074e-06	-1.022055e-08	-4.377591e+01	-6.689627e+02
