# Temperatura_=_20.0
# Concentracion g/m^3_=_10000.0
# C_Vs_to_Am_M_A/Vsm_=_65563218390.804596
# pendiente_HvsI_1/m_=_3716.3
# ordenada_HvsI_A/m_=_1297.0
# frecuencia_Hz_=_301104.4343531965

Tiempo_(s)	Campo_(V.s)	Magnetizacion_(V.s)	Campo_(kA/m)	Magnetizacion_(A/m)
0.000000e+00	-6.259683e-06	-1.033871e-08	-4.376326e+01	-6.772700e+02
1.000000e-08	-6.256567e-06	-1.033406e-08	-4.374148e+01	-6.770284e+02
2.000000e-08	-6.251401e-06	-1.032763e-08	-4.370536e+01	-6.766952e+02
3.000000e-08	-6.244325e-06	-1.032495e-08	-4.365589e+01	-6.762663e+02
4.000000e-08	-6.235310e-06	-1.032033e-08	-4.359287e+01	-6.757190e+02
5.000000e-08	-6.224052e-06	-1.031167e-08	-4.351416e+01	-6.750476e+02
6.000000e-08	-6.210397e-06	-1.029904e-08	-4.341869e+01	-6.742892e+02
7.000000e-08	-6.194395e-06	-1.026908e-08	-4.330681e+01	-6.735103e+02
8.000000e-08	-6.176018e-06	-1.027143e-08	-4.317834e+01	-6.727593e+02
9.000000e-08	-6.155421e-06	-1.032437e-08	-4.303434e+01	-6.720184e+02
1.000000e-07	-6.132565e-06	-1.028754e-08	-4.287454e+01	-6.711961e+02
1.100000e-07	-6.107294e-06	-1.023478e-08	-4.269787e+01	-6.701769e+02
1.200000e-07	-6.079780e-06	-1.023718e-08	-4.250551e+01	-6.689010e+02
1.300000e-07	-6.050552e-06	-1.013191e-08	-4.230116e+01	-6.674216e+02
1.400000e-07	-6.019834e-06	-1.010966e-08	-4.208641e+01	-6.658949e+02
1.500000e-07	-5.987152e-06	-1.024461e-08	-4.185792e+01	-6.644983e+02
1.600000e-07	-5.952285e-06	-1.008139e-08	-4.161416e+01	-6.633224e+02
1.700000e-07	-5.915455e-06	-1.007657e-08	-4.135667e+01	-6.623029e+02
1.800000e-07	-5.876578e-06	-1.017656e-08	-4.108486e+01	-6.612372e+02
1.900000e-07	-5.835692e-06	-1.002379e-08	-4.079902e+01	-6.598819e+02
2.000000e-07	-5.792687e-06	-1.008061e-08	-4.049836e+01	-6.580764e+02
2.100000e-07	-5.747422e-06	-1.002732e-08	-4.018189e+01	-6.558216e+02
2.200000e-07	-5.700109e-06	-9.899998e-09	-3.985112e+01	-6.532704e+02
2.300000e-07	-5.650498e-06	-9.927741e-09	-3.950428e+01	-6.506388e+02
2.400000e-07	-5.598355e-06	-9.897103e-09	-3.913973e+01	-6.480917e+02
2.500000e-07	-5.543939e-06	-9.881232e-09	-3.875929e+01	-6.456673e+02
2.600000e-07	-5.487507e-06	-9.827928e-09	-3.836476e+01	-6.432773e+02
2.700000e-07	-5.429085e-06	-9.757820e-09	-3.795631e+01	-6.407740e+02
2.800000e-07	-5.368718e-06	-9.751601e-09	-3.753427e+01	-6.380373e+02
2.900000e-07	-5.306539e-06	-9.708502e-09	-3.709956e+01	-6.350313e+02
3.000000e-07	-5.242501e-06	-9.662480e-09	-3.665185e+01	-6.318047e+02
3.100000e-07	-5.176428e-06	-9.561494e-09	-3.618991e+01	-6.284449e+02
3.200000e-07	-5.108373e-06	-9.525839e-09	-3.571412e+01	-6.250191e+02
3.300000e-07	-5.038506e-06	-9.512169e-09	-3.522566e+01	-6.215393e+02
3.400000e-07	-4.966955e-06	-9.438579e-09	-3.472543e+01	-6.179649e+02
3.500000e-07	-4.893643e-06	-9.395478e-09	-3.421288e+01	-6.142334e+02
3.600000e-07	-4.818286e-06	-9.302749e-09	-3.368604e+01	-6.102975e+02
3.700000e-07	-4.740947e-06	-9.256795e-09	-3.314534e+01	-6.061458e+02
3.800000e-07	-4.661642e-06	-9.213124e-09	-3.259090e+01	-6.018009e+02
3.900000e-07	-4.580378e-06	-9.122636e-09	-3.202276e+01	-5.973020e+02
4.000000e-07	-4.497482e-06	-9.030841e-09	-3.144320e+01	-5.926832e+02
4.100000e-07	-4.413223e-06	-8.945544e-09	-3.085413e+01	-5.879596e+02
4.200000e-07	-4.327694e-06	-8.910105e-09	-3.025617e+01	-5.831220e+02
4.300000e-07	-4.240820e-06	-8.845130e-09	-2.964880e+01	-5.781397e+02
4.400000e-07	-4.152464e-06	-8.759567e-09	-2.903108e+01	-5.729682e+02
4.500000e-07	-4.062500e-06	-8.663001e-09	-2.840212e+01	-5.675612e+02
4.600000e-07	-3.970966e-06	-8.584149e-09	-2.776218e+01	-5.618850e+02
4.700000e-07	-3.878079e-06	-8.509941e-09	-2.711278e+01	-5.559316e+02
4.800000e-07	-3.783884e-06	-8.398546e-09	-2.645423e+01	-5.497240e+02
4.900000e-07	-3.688324e-06	-8.282943e-09	-2.578615e+01	-5.433067e+02
5.000000e-07	-3.591397e-06	-8.179226e-09	-2.510850e+01	-5.367221e+02
5.100000e-07	-3.493076e-06	-8.101889e-09	-2.442111e+01	-5.299844e+02
5.200000e-07	-3.393391e-06	-8.010662e-09	-2.372418e+01	-5.230631e+02
5.300000e-07	-3.292517e-06	-7.890482e-09	-2.301894e+01	-5.158918e+02
5.400000e-07	-3.190581e-06	-7.757358e-09	-2.230628e+01	-5.083982e+02
5.500000e-07	-3.087546e-06	-7.640377e-09	-2.158593e+01	-5.005433e+02
5.600000e-07	-2.983377e-06	-7.530056e-09	-2.085766e+01	-4.923441e+02
5.700000e-07	-2.878135e-06	-7.397242e-09	-2.012188e+01	-4.838663e+02
5.800000e-07	-2.771903e-06	-7.249969e-09	-1.937918e+01	-4.751851e+02
5.900000e-07	-2.664522e-06	-7.112820e-09	-1.862845e+01	-4.663366e+02
6.000000e-07	-2.556036e-06	-6.992498e-09	-1.786999e+01	-4.572863e+02
6.100000e-07	-2.446670e-06	-6.859011e-09	-1.710538e+01	-4.479382e+02
6.200000e-07	-2.336496e-06	-6.698857e-09	-1.633512e+01	-4.381798e+02
6.300000e-07	-2.225583e-06	-6.526076e-09	-1.555970e+01	-4.279411e+02
6.400000e-07	-2.113960e-06	-6.366794e-09	-1.477931e+01	-4.172321e+02
6.500000e-07	-2.001626e-06	-6.213028e-09	-1.399395e+01	-4.061345e+02
6.600000e-07	-1.888492e-06	-6.041094e-09	-1.320299e+01	-3.947530e+02
6.700000e-07	-1.774560e-06	-5.851653e-09	-1.240647e+01	-3.831511e+02
6.800000e-07	-1.659882e-06	-5.665025e-09	-1.160472e+01	-3.713099e+02
6.900000e-07	-1.544406e-06	-5.487935e-09	-1.079739e+01	-3.591342e+02
7.000000e-07	-1.428202e-06	-5.300621e-09	-9.984977e+00	-3.465004e+02
7.100000e-07	-1.311439e-06	-5.089733e-09	-9.168652e+00	-3.333170e+02
7.200000e-07	-1.194222e-06	-4.865896e-09	-8.349152e+00	-3.195623e+02
7.300000e-07	-1.076624e-06	-4.649184e-09	-7.526991e+00	-3.052775e+02
7.400000e-07	-9.586427e-07	-4.434548e-09	-6.702150e+00	-2.905237e+02
7.500000e-07	-8.402965e-07	-4.208022e-09	-5.874757e+00	-2.753316e+02
7.600000e-07	-7.216475e-07	-3.961424e-09	-5.045247e+00	-2.596751e+02
7.700000e-07	-6.027811e-07	-3.706570e-09	-4.214218e+00	-2.434824e+02
7.800000e-07	-4.837769e-07	-3.453469e-09	-3.382225e+00	-2.266730e+02
7.900000e-07	-3.646567e-07	-3.192577e-09	-2.549421e+00	-2.091917e+02
8.000000e-07	-2.454141e-07	-2.911604e-09	-1.715761e+00	-1.910202e+02
8.100000e-07	-1.260761e-07	-2.612526e-09	-8.814346e-01	-1.721602e+02
8.200000e-07	-6.701313e-09	-2.310364e-09	-4.685083e-02	-1.526075e+02
8.300000e-07	1.126661e-07	-2.006145e-09	7.876817e-01	-1.323374e+02
8.400000e-07	2.319965e-07	-1.691297e-09	1.621955e+00	-1.113132e+02
8.500000e-07	3.512457e-07	-1.355259e-09	2.455661e+00	-8.950832e+01
8.600000e-07	4.703773e-07	-1.004413e-09	3.288544e+00	-6.692398e+01
8.700000e-07	5.894216e-07	-6.481739e-10	4.120818e+00	-4.358583e+01
8.800000e-07	7.083480e-07	-2.838635e-10	4.952267e+00	-1.952465e+01
8.900000e-07	8.270153e-07	9.680437e-11	5.781904e+00	5.240508e+00
9.000000e-07	9.454001e-07	4.940897e-10	6.609567e+00	3.069621e+01
9.100000e-07	1.063418e-06	8.970072e-10	7.434662e+00	5.680170e+01
9.200000e-07	1.181020e-06	1.300630e-09	8.256857e+00	8.344706e+01
9.300000e-07	1.298245e-06	1.706386e-09	9.076408e+00	1.104318e+02
9.400000e-07	1.415034e-06	2.118276e-09	9.892914e+00	1.374834e+02
9.500000e-07	1.531274e-06	2.529803e-09	1.070558e+01	1.643115e+02
9.600000e-07	1.646779e-06	2.933135e-09	1.151311e+01	1.906692e+02
9.700000e-07	1.761501e-06	3.324524e-09	1.231516e+01	2.163876e+02
9.800000e-07	1.875550e-06	3.705600e-09	1.311251e+01	2.413681e+02
9.900000e-07	1.988915e-06	4.077360e-09	1.390508e+01	2.655415e+02
1.000000e-06	2.101468e-06	4.432749e-09	1.469197e+01	2.888268e+02
1.010000e-06	2.213203e-06	4.768600e-09	1.547314e+01	3.111181e+02
1.020000e-06	2.324192e-06	5.085909e-09	1.624910e+01	3.323069e+02
1.030000e-06	2.434464e-06	5.391496e-09	1.702005e+01	3.523246e+02
1.040000e-06	2.543962e-06	5.682939e-09	1.778558e+01	3.711720e+02
1.050000e-06	2.652666e-06	5.954596e-09	1.854556e+01	3.889168e+02
1.060000e-06	2.760441e-06	6.207404e-09	1.929905e+01	4.056582e+02
1.070000e-06	2.867179e-06	6.447539e-09	2.004528e+01	4.214838e+02
1.080000e-06	2.972834e-06	6.675676e-09	2.078395e+01	4.364430e+02
1.090000e-06	3.077264e-06	6.889339e-09	2.151405e+01	4.505515e+02
1.100000e-06	3.180578e-06	7.085847e-09	2.223635e+01	4.638187e+02
1.110000e-06	3.282853e-06	7.269438e-09	2.295138e+01	4.762765e+02
1.120000e-06	3.384074e-06	7.450745e-09	2.365905e+01	4.879888e+02
1.130000e-06	3.484112e-06	7.626441e-09	2.435844e+01	4.990384e+02
1.140000e-06	3.582731e-06	7.788438e-09	2.504792e+01	5.095005e+02
1.150000e-06	3.679909e-06	7.935521e-09	2.572732e+01	5.194232e+02
1.160000e-06	3.775690e-06	8.076004e-09	2.639695e+01	5.288244e+02
1.170000e-06	3.870190e-06	8.214943e-09	2.705762e+01	5.377060e+02
1.180000e-06	3.963503e-06	8.347158e-09	2.771000e+01	5.460743e+02
1.190000e-06	4.055572e-06	8.464858e-09	2.835368e+01	5.539547e+02
1.200000e-06	4.146147e-06	8.572775e-09	2.898692e+01	5.613939e+02
1.210000e-06	4.235100e-06	8.681293e-09	2.960881e+01	5.684510e+02
1.220000e-06	4.322565e-06	8.790713e-09	3.022031e+01	5.751827e+02
1.230000e-06	4.408607e-06	8.891449e-09	3.082185e+01	5.816291e+02
1.240000e-06	4.493239e-06	8.979850e-09	3.141354e+01	5.878039e+02
1.250000e-06	4.576363e-06	9.062656e-09	3.199468e+01	5.936933e+02
1.260000e-06	4.657781e-06	9.146635e-09	3.256390e+01	5.992662e+02
1.270000e-06	4.737457e-06	9.229365e-09	3.312094e+01	6.044937e+02
1.280000e-06	4.815482e-06	9.304962e-09	3.366643e+01	6.093723e+02
1.290000e-06	4.891689e-06	9.371920e-09	3.419922e+01	6.139386e+02
1.300000e-06	4.965807e-06	9.436863e-09	3.471740e+01	6.182636e+02
1.310000e-06	5.038058e-06	9.504802e-09	3.522253e+01	6.224275e+02
1.320000e-06	5.108623e-06	9.569808e-09	3.571587e+01	6.264836e+02
1.330000e-06	5.177511e-06	9.626175e-09	3.619748e+01	6.304343e+02
1.340000e-06	5.244574e-06	9.677197e-09	3.666634e+01	6.342331e+02
1.350000e-06	5.309579e-06	9.729675e-09	3.712081e+01	6.378154e+02
1.360000e-06	5.372715e-06	9.784022e-09	3.756221e+01	6.411392e+02
1.370000e-06	5.434191e-06	9.834604e-09	3.799201e+01	6.442113e+02
1.380000e-06	5.493889e-06	9.877298e-09	3.840937e+01	6.470830e+02
1.390000e-06	5.551490e-06	9.917666e-09	3.881208e+01	6.498197e+02
1.400000e-06	5.607032e-06	9.959493e-09	3.920039e+01	6.524651e+02
1.410000e-06	5.660550e-06	9.999478e-09	3.957455e+01	6.550249e+02
1.420000e-06	5.711718e-06	1.003488e-08	3.993228e+01	6.574783e+02
1.430000e-06	5.760529e-06	1.006670e-08	4.027353e+01	6.598046e+02
1.440000e-06	5.807300e-06	1.010038e-08	4.060052e+01	6.620025e+02
1.450000e-06	5.852172e-06	1.013622e-08	4.091424e+01	6.640847e+02
1.460000e-06	5.894928e-06	1.016899e-08	4.121315e+01	6.660552e+02
1.470000e-06	5.935462e-06	1.019593e-08	4.149654e+01	6.678891e+02
1.480000e-06	5.973960e-06	1.021796e-08	4.176569e+01	6.695393e+02
1.490000e-06	6.010564e-06	1.023993e-08	4.202160e+01	6.709696e+02
1.500000e-06	6.045016e-06	1.026071e-08	4.226246e+01	6.721940e+02
1.510000e-06	6.077168e-06	1.027666e-08	4.248725e+01	6.732885e+02
1.520000e-06	6.107321e-06	1.029027e-08	4.269806e+01	6.743602e+02
1.530000e-06	6.135569e-06	1.030509e-08	4.289554e+01	6.754862e+02
1.540000e-06	6.161494e-06	1.032396e-08	4.307680e+01	6.766611e+02
1.550000e-06	6.184994e-06	1.034223e-08	4.324109e+01	6.777912e+02
1.560000e-06	6.206454e-06	1.035484e-08	4.339112e+01	6.787434e+02
1.570000e-06	6.225944e-06	1.036392e-08	4.352739e+01	6.794227e+02
1.580000e-06	6.243194e-06	1.037228e-08	4.364799e+01	6.798288e+02
1.590000e-06	6.258080e-06	1.037800e-08	4.375206e+01	6.800562e+02
1.600000e-06	6.270633e-06	1.038036e-08	4.383982e+01	6.802379e+02
1.610000e-06	6.280668e-06	1.038072e-08	4.390997e+01	6.804693e+02
1.620000e-06	6.288320e-06	1.038053e-08	4.396347e+01	6.807606e+02
1.630000e-06	6.293902e-06	1.038411e-08	4.400250e+01	6.810459e+02
1.640000e-06	6.297341e-06	1.038875e-08	4.402654e+01	6.812350e+02
1.650000e-06	6.298472e-06	1.039322e-08	4.403445e+01	6.812709e+02
1.660000e-06	6.297452e-06	1.039253e-08	4.402731e+01	6.811523e+02
1.670000e-06	6.294496e-06	1.038288e-08	4.400665e+01	6.809134e+02
1.680000e-06	6.289432e-06	1.037833e-08	4.397125e+01	6.805822e+02
1.690000e-06	6.282196e-06	1.037062e-08	4.392066e+01	6.801561e+02
1.700000e-06	6.272983e-06	1.035789e-08	4.385625e+01	6.796122e+02
1.710000e-06	6.261776e-06	1.034696e-08	4.377790e+01	6.789439e+02
1.720000e-06	6.248283e-06	1.035030e-08	4.368356e+01	6.781865e+02
1.730000e-06	6.232618e-06	1.036836e-08	4.357404e+01	6.774061e+02
1.740000e-06	6.214952e-06	1.027993e-08	4.345054e+01	6.766529e+02
1.750000e-06	6.194503e-06	1.024146e-08	4.330757e+01	6.759118e+02
1.760000e-06	6.170843e-06	1.026387e-08	4.314216e+01	6.750934e+02
1.770000e-06	6.144743e-06	1.022874e-08	4.295968e+01	6.740818e+02
1.780000e-06	6.117212e-06	1.031764e-08	4.276721e+01	6.728138e+02
1.790000e-06	6.088599e-06	1.028913e-08	4.256717e+01	6.713384e+02
1.800000e-06	6.058181e-06	1.009618e-08	4.235451e+01	6.698091e+02
1.810000e-06	6.025224e-06	1.024864e-08	4.212409e+01	6.684044e+02
1.820000e-06	5.990356e-06	1.019935e-08	4.188032e+01	6.672197e+02
1.830000e-06	5.953675e-06	1.008632e-08	4.162387e+01	6.661964e+02
1.840000e-06	5.914465e-06	1.023607e-08	4.134975e+01	6.651356e+02
1.850000e-06	5.873107e-06	1.002658e-08	4.106060e+01	6.637932e+02
1.860000e-06	5.829838e-06	1.003811e-08	4.075809e+01	6.620037e+02
1.870000e-06	5.784584e-06	1.016084e-08	4.044171e+01	6.597620e+02
1.880000e-06	5.737408e-06	1.000226e-08	4.011188e+01	6.572166e+02
1.890000e-06	5.687846e-06	1.001458e-08	3.976539e+01	6.545835e+02
1.900000e-06	5.636068e-06	9.893276e-09	3.940339e+01	6.520308e+02
1.910000e-06	5.582121e-06	9.869607e-09	3.902623e+01	6.496018e+02
1.920000e-06	5.525911e-06	9.938428e-09	3.863325e+01	6.472120e+02
1.930000e-06	5.467826e-06	9.773388e-09	3.822716e+01	6.447142e+02
1.940000e-06	5.407702e-06	9.785082e-09	3.780681e+01	6.419860e+02
1.950000e-06	5.345550e-06	9.703686e-09	3.737230e+01	6.389881e+02
1.960000e-06	5.281472e-06	9.716771e-09	3.692430e+01	6.357669e+02
1.970000e-06	5.215539e-06	9.682103e-09	3.646335e+01	6.324093e+02
1.980000e-06	5.147818e-06	9.531726e-09	3.598989e+01	6.289842e+02
1.990000e-06	5.078006e-06	9.549018e-09	3.550181e+01	6.255058e+02
2.000000e-06	5.006303e-06	9.433647e-09	3.500052e+01	6.219347e+02
2.010000e-06	4.932929e-06	9.454300e-09	3.448754e+01	6.182088e+02
2.020000e-06	4.857654e-06	9.373392e-09	3.396127e+01	6.142796e+02
2.030000e-06	4.780376e-06	9.247145e-09	3.342100e+01	6.101343e+02
2.040000e-06	4.701171e-06	9.230412e-09	3.286725e+01	6.057946e+02
2.050000e-06	4.620359e-06	9.150287e-09	3.230227e+01	6.012995e+02
2.060000e-06	4.538055e-06	9.149771e-09	3.172686e+01	5.966835e+02
2.070000e-06	4.454163e-06	9.011437e-09	3.114035e+01	5.919626e+02
2.080000e-06	4.368527e-06	8.932368e-09	3.054164e+01	5.871285e+02
2.090000e-06	4.281214e-06	8.865275e-09	2.993121e+01	5.821510e+02
2.100000e-06	4.192465e-06	8.789428e-09	2.931074e+01	5.769861e+02
2.110000e-06	4.102355e-06	8.719618e-09	2.868076e+01	5.715871e+02
2.120000e-06	4.010887e-06	8.580228e-09	2.804128e+01	5.659197e+02
2.130000e-06	3.917920e-06	8.525026e-09	2.739132e+01	5.599750e+02
2.140000e-06	3.823456e-06	8.441122e-09	2.673089e+01	5.537748e+02
2.150000e-06	3.727652e-06	8.371566e-09	2.606110e+01	5.473630e+02
2.160000e-06	3.630537e-06	8.239866e-09	2.538214e+01	5.407829e+02
2.170000e-06	3.532196e-06	8.110902e-09	2.469461e+01	5.340498e+02
2.180000e-06	3.432688e-06	8.018684e-09	2.399892e+01	5.271350e+02
2.190000e-06	3.331958e-06	7.922032e-09	2.329468e+01	5.199729e+02
2.200000e-06	3.229905e-06	7.817662e-09	2.258120e+01	5.124908e+02
2.210000e-06	3.126562e-06	7.668030e-09	2.185870e+01	5.046478e+02
2.220000e-06	3.022075e-06	7.552274e-09	2.112821e+01	4.964589e+02
2.230000e-06	2.916643e-06	7.437587e-09	2.039110e+01	4.879886e+02
2.240000e-06	2.810359e-06	7.318515e-09	1.964803e+01	4.793127e+02
2.250000e-06	2.703199e-06	7.165220e-09	1.889885e+01	4.704692e+02
2.260000e-06	2.595113e-06	7.008171e-09	1.814319e+01	4.614265e+02
2.270000e-06	2.486155e-06	6.873576e-09	1.738143e+01	4.520899e+02
2.280000e-06	2.376270e-06	6.743625e-09	1.661320e+01	4.423467e+02
2.290000e-06	2.265428e-06	6.594492e-09	1.583827e+01	4.321245e+02
2.300000e-06	2.153765e-06	6.411591e-09	1.505760e+01	4.214301e+02
2.310000e-06	2.041298e-06	6.237906e-09	1.427131e+01	4.103435e+02
2.320000e-06	1.928106e-06	6.075593e-09	1.347995e+01	3.989696e+02
2.330000e-06	1.814155e-06	5.910244e-09	1.268328e+01	3.873743e+02
2.340000e-06	1.699476e-06	5.719797e-09	1.188153e+01	3.755419e+02
2.350000e-06	1.584138e-06	5.521166e-09	1.107517e+01	3.633793e+02
2.360000e-06	1.468143e-06	5.336031e-09	1.026421e+01	3.507627e+02
2.370000e-06	1.351491e-06	5.152068e-09	9.448664e+00	3.375986e+02
2.380000e-06	1.234299e-06	4.946517e-09	8.629341e+00	3.238628e+02
2.390000e-06	1.116653e-06	4.715766e-09	7.806844e+00	3.095948e+02
2.400000e-06	9.985636e-07	4.482236e-09	6.981248e+00	2.948560e+02
2.410000e-06	8.800863e-07	4.259325e-09	6.152939e+00	2.796785e+02
2.420000e-06	7.612134e-07	4.030203e-09	5.321864e+00	2.640386e+02
2.430000e-06	6.419977e-07	3.779242e-09	4.488393e+00	2.478655e+02
2.440000e-06	5.225832e-07	3.513672e-09	3.653531e+00	2.310782e+02
2.450000e-06	4.030426e-07	3.250384e-09	2.817788e+00	2.136204e+02
2.460000e-06	2.833432e-07	2.989399e-09	1.980935e+00	1.954725e+02
2.470000e-06	1.635368e-07	2.709034e-09	1.143333e+00	1.766360e+02
2.480000e-06	4.366772e-08	2.401403e-09	3.052938e-01	1.571073e+02
2.490000e-06	-7.619447e-08	2.082570e-09	-5.326977e-01	1.368624e+02
2.500000e-06	-1.960031e-07	1.767124e-09	-1.370314e+00	1.158646e+02
2.510000e-06	-3.157753e-07	1.444858e-09	-2.207677e+00	9.408672e+01
2.520000e-06	-4.354523e-07	1.100069e-09	-3.044373e+00	7.152883e+01
2.530000e-06	-5.549562e-07	7.353904e-10	-3.879860e+00	4.821598e+01
2.540000e-06	-6.741934e-07	3.707812e-10	-4.713482e+00	2.417916e+01
2.550000e-06	-7.931110e-07	8.049335e-12	-5.544869e+00	-5.621107e-01
2.560000e-06	-9.116741e-07	-3.707732e-10	-6.373778e+00	-2.599462e+01
2.570000e-06	-1.029798e-06	-7.769703e-10	-7.199614e+00	-5.207933e+01
2.580000e-06	-1.147478e-06	-1.196438e-09	-8.022350e+00	-7.870938e+01
2.590000e-06	-1.264709e-06	-1.606890e-09	-8.841946e+00	-1.056874e+02
2.600000e-06	-1.381488e-06	-2.009882e-09	-9.658387e+00	-1.327428e+02
2.610000e-06	-1.497647e-06	-2.416156e-09	-1.047049e+01	-1.595846e+02
2.620000e-06	-1.612969e-06	-2.825480e-09	-1.127673e+01	-1.859635e+02
2.630000e-06	-1.727610e-06	-3.219205e-09	-1.207822e+01	-2.117079e+02
2.640000e-06	-1.841665e-06	-3.590451e-09	-1.287561e+01	-2.367169e+02
2.650000e-06	-1.954964e-06	-3.951960e-09	-1.366772e+01	-2.609215e+02
2.660000e-06	-2.067347e-06	-4.315351e-09	-1.445342e+01	-2.842413e+02
2.670000e-06	-2.178853e-06	-4.671741e-09	-1.523299e+01	-3.065711e+02
2.680000e-06	-2.289551e-06	-4.998487e-09	-1.600692e+01	-3.278018e+02
2.690000e-06	-2.399320e-06	-5.294726e-09	-1.677434e+01	-3.478629e+02
2.700000e-06	-2.508182e-06	-5.576286e-09	-1.753543e+01	-3.667523e+02
2.710000e-06	-2.616332e-06	-5.850961e-09	-1.829154e+01	-3.845358e+02
2.720000e-06	-2.723729e-06	-6.111573e-09	-1.904238e+01	-4.013125e+02
2.730000e-06	-2.830265e-06	-6.349781e-09	-1.978721e+01	-4.171708e+02
2.740000e-06	-2.935848e-06	-6.574092e-09	-2.052537e+01	-4.321615e+02
2.750000e-06	-3.040372e-06	-6.795975e-09	-2.125613e+01	-4.463013e+02
2.760000e-06	-3.143801e-06	-7.009838e-09	-2.197923e+01	-4.595993e+02
2.770000e-06	-3.246079e-06	-7.202434e-09	-2.269428e+01	-4.720861e+02
2.780000e-06	-3.347035e-06	-7.372233e-09	-2.340009e+01	-4.838247e+02
2.790000e-06	-3.446663e-06	-7.534113e-09	-2.409662e+01	-4.948976e+02
2.800000e-06	-3.545148e-06	-7.697120e-09	-2.478516e+01	-5.053807e+02
2.810000e-06	-3.642450e-06	-7.852904e-09	-2.546543e+01	-5.153233e+02
2.820000e-06	-3.738552e-06	-7.993416e-09	-2.613730e+01	-5.247441e+02
2.830000e-06	-3.833397e-06	-8.123544e-09	-2.680039e+01	-5.336453e+02
2.840000e-06	-3.926828e-06	-8.253081e-09	-2.745359e+01	-5.420327e+02
2.850000e-06	-4.018821e-06	-8.380899e-09	-2.809675e+01	-5.499309e+02
2.860000e-06	-4.109416e-06	-8.495042e-09	-2.873012e+01	-5.573859e+02
2.870000e-06	-4.198530e-06	-8.594498e-09	-2.935315e+01	-5.644566e+02
2.880000e-06	-4.286151e-06	-8.691842e-09	-2.996572e+01	-5.712002e+02
2.890000e-06	-4.372247e-06	-8.794120e-09	-3.056765e+01	-5.776574e+02
2.900000e-06	-4.456693e-06	-8.895371e-09	-3.115804e+01	-5.838431e+02
2.910000e-06	-4.539573e-06	-8.986311e-09	-3.173747e+01	-5.897442e+02
2.920000e-06	-4.620951e-06	-9.068765e-09	-3.230641e+01	-5.953300e+02
2.930000e-06	-4.700765e-06	-9.147432e-09	-3.286442e+01	-6.005712e+02
2.940000e-06	-4.778769e-06	-9.224308e-09	-3.340976e+01	-6.054630e+02
2.950000e-06	-4.854763e-06	-9.296247e-09	-3.394106e+01	-6.100404e+02
2.960000e-06	-4.928905e-06	-9.359538e-09	-3.445940e+01	-6.143737e+02
2.970000e-06	-5.001373e-06	-9.420032e-09	-3.496605e+01	-6.185432e+02
2.980000e-06	-5.072024e-06	-9.484708e-09	-3.545999e+01	-6.226038e+02
2.990000e-06	-5.140649e-06	-9.552110e-09	-3.593977e+01	-6.265598e+02
3.000000e-06	-5.207400e-06	-9.612964e-09	-3.640644e+01	-6.303663e+02
3.010000e-06	-5.272469e-06	-9.663762e-09	-3.686136e+01	-6.339583e+02
3.020000e-06	-5.335780e-06	-9.710896e-09	-3.730399e+01	-6.372926e+02
3.030000e-06	-5.397068e-06	-9.760762e-09	-3.773247e+01	-6.403740e+02
3.040000e-06	-5.456305e-06	-9.808778e-09	-3.814662e+01	-6.432528e+02
3.050000e-06	-5.513672e-06	-9.849788e-09	-3.854768e+01	-6.459945e+02
3.060000e-06	-5.569268e-06	-9.884606e-09	-3.893637e+01	-6.486439e+02
3.070000e-06	-5.622712e-06	-9.923898e-09	-3.931001e+01	-6.512080e+02
3.080000e-06	-5.673745e-06	-9.968728e-09	-3.966680e+01	-6.536667e+02
3.090000e-06	-5.722434e-06	-1.000752e-08	-4.000720e+01	-6.559988e+02
3.100000e-06	-5.768756e-06	-1.003777e-08	-4.033105e+01	-6.582021e+02
3.110000e-06	-5.813126e-06	-1.006438e-08	-4.064126e+01	-6.602893e+02
3.120000e-06	-5.855788e-06	-1.009649e-08	-4.093952e+01	-6.622650e+02
3.130000e-06	-5.896629e-06	-1.012879e-08	-4.122505e+01	-6.641057e+02
3.140000e-06	-5.935478e-06	-1.015275e-08	-4.149665e+01	-6.657643e+02
3.150000e-06	-5.972089e-06	-1.017266e-08	-4.175261e+01	-6.672036e+02
3.160000e-06	-6.006538e-06	-1.019329e-08	-4.199345e+01	-6.684354e+02
3.170000e-06	-6.039012e-06	-1.021571e-08	-4.222048e+01	-6.695338e+02
3.180000e-06	-6.069358e-06	-1.023414e-08	-4.243265e+01	-6.706057e+02
3.190000e-06	-6.097456e-06	-1.024852e-08	-4.262909e+01	-6.717303e+02
3.200000e-06	-6.123418e-06	-1.026506e-08	-4.281059e+01	-6.729057e+02
3.210000e-06	-6.147306e-06	-1.028472e-08	-4.297760e+01	-6.740407e+02
3.220000e-06	-6.168927e-06	-1.030078e-08	-4.312876e+01	-6.750024e+02
3.230000e-06	-6.188285e-06	-1.031009e-08	-4.326410e+01	-6.756931e+02
3.240000e-06	-6.205583e-06	-1.031436e-08	-4.338503e+01	-6.761089e+02
3.250000e-06	-6.220705e-06	-1.031812e-08	-4.349075e+01	-6.763415e+02
3.260000e-06	-6.233309e-06	-1.032531e-08	-4.357888e+01	-6.765238e+02
3.270000e-06	-6.243496e-06	-1.033133e-08	-4.365009e+01	-6.767537e+02
3.280000e-06	-6.251516e-06	-1.033565e-08	-4.370617e+01	-6.770447e+02
3.290000e-06	-6.257235e-06	-1.033848e-08	-4.374615e+01	-6.773329e+02
3.300000e-06	-6.260705e-06	-1.034251e-08	-4.377041e+01	-6.775278e+02
3.310000e-06	-6.262145e-06	-1.034237e-08	-4.378047e+01	-6.775706e+02
3.320000e-06	-6.261529e-06	-1.033926e-08	-4.377617e+01	-6.774581e+02
