# Temperatura_=_20.0
# Concentracion g/m^3_=_10000.0
# C_Vs_to_Am_M_A/Vsm_=_65563218390.804596
# pendiente_HvsI_1/m_=_3716.3
# ordenada_HvsI_A/m_=_1297.0
# frecuencia_Hz_=_301104.057789307

Tiempo_(s)	Campo_(V.s)	Magnetizacion_(V.s)	Campo_(kA/m)	Magnetizacion_(A/m)
0.000000e+00	-6.256348e-06	-1.031384e-08	-4.376244e+01	-6.752934e+02
1.000000e-08	-6.253255e-06	-1.031039e-08	-4.374080e+01	-6.751033e+02
2.000000e-08	-6.248039e-06	-1.030372e-08	-4.370431e+01	-6.748731e+02
3.000000e-08	-6.240900e-06	-1.030165e-08	-4.365438e+01	-6.745593e+02
4.000000e-08	-6.231816e-06	-1.029705e-08	-4.359084e+01	-6.741033e+02
5.000000e-08	-6.220452e-06	-1.028855e-08	-4.351135e+01	-6.734850e+02
6.000000e-08	-6.206690e-06	-1.027728e-08	-4.341509e+01	-6.727498e+02
7.000000e-08	-6.190596e-06	-1.024634e-08	-4.330251e+01	-6.719808e+02
8.000000e-08	-6.172210e-06	-1.025501e-08	-4.317390e+01	-6.712349e+02
9.000000e-08	-6.151621e-06	-1.031511e-08	-4.302989e+01	-6.704888e+02
1.000000e-07	-6.128698e-06	-1.026991e-08	-4.286954e+01	-6.696438e+02
1.100000e-07	-6.103389e-06	-1.021319e-08	-4.269251e+01	-6.685922e+02
1.200000e-07	-6.075813e-06	-1.021884e-08	-4.249961e+01	-6.673065e+02
1.300000e-07	-6.046518e-06	-1.010393e-08	-4.229470e+01	-6.658854e+02
1.400000e-07	-6.015753e-06	-1.010106e-08	-4.207950e+01	-6.645156e+02
1.500000e-07	-5.983039e-06	-1.024282e-08	-4.185067e+01	-6.633633e+02
1.600000e-07	-5.948096e-06	-1.004962e-08	-4.160625e+01	-6.624597e+02
1.700000e-07	-5.911208e-06	-1.007275e-08	-4.134822e+01	-6.616559e+02
1.800000e-07	-5.872342e-06	-1.016859e-08	-4.107636e+01	-6.606819e+02
1.900000e-07	-5.831507e-06	-9.996427e-09	-4.079072e+01	-6.592811e+02
2.000000e-07	-5.788581e-06	-1.007751e-08	-4.049046e+01	-6.573429e+02
2.100000e-07	-5.743279e-06	-9.998547e-09	-4.017358e+01	-6.549554e+02
2.200000e-07	-5.695867e-06	-9.874935e-09	-3.984194e+01	-6.523492e+02
2.300000e-07	-5.646162e-06	-9.927623e-09	-3.949426e+01	-6.497681e+02
2.400000e-07	-5.593960e-06	-9.880370e-09	-3.912911e+01	-6.473426e+02
2.500000e-07	-5.539556e-06	-9.866307e-09	-3.874856e+01	-6.450370e+02
2.600000e-07	-5.483151e-06	-9.815261e-09	-3.835401e+01	-6.426924e+02
2.700000e-07	-5.424736e-06	-9.743784e-09	-3.794541e+01	-6.401298e+02
2.800000e-07	-5.364388e-06	-9.736134e-09	-3.752328e+01	-6.372506e+02
2.900000e-07	-5.302161e-06	-9.693445e-09	-3.708801e+01	-6.340773e+02
3.000000e-07	-5.238072e-06	-9.639583e-09	-3.663972e+01	-6.307225e+02
3.100000e-07	-5.171991e-06	-9.529296e-09	-3.617748e+01	-6.273141e+02
3.200000e-07	-5.103959e-06	-9.513216e-09	-3.570161e+01	-6.239240e+02
3.300000e-07	-5.034166e-06	-9.496555e-09	-3.521342e+01	-6.205376e+02
3.400000e-07	-4.962702e-06	-9.416275e-09	-3.471353e+01	-6.170725e+02
3.500000e-07	-4.889481e-06	-9.381978e-09	-3.420136e+01	-6.134255e+02
3.600000e-07	-4.814198e-06	-9.285164e-09	-3.367476e+01	-6.095210e+02
3.700000e-07	-4.736904e-06	-9.243703e-09	-3.313410e+01	-6.053367e+02
3.800000e-07	-4.657633e-06	-9.200246e-09	-3.257961e+01	-6.009040e+02
3.900000e-07	-4.576447e-06	-9.103380e-09	-3.201172e+01	-5.962873e+02
4.000000e-07	-4.493651e-06	-9.011525e-09	-3.143257e+01	-5.915567e+02
4.100000e-07	-4.409446e-06	-8.930196e-09	-3.084357e+01	-5.867615e+02
4.200000e-07	-4.323925e-06	-8.897232e-09	-3.024536e+01	-5.819111e+02
4.300000e-07	-4.237061e-06	-8.823107e-09	-2.963775e+01	-5.769687e+02
4.400000e-07	-4.148740e-06	-8.735020e-09	-2.901996e+01	-5.718608e+02
4.500000e-07	-4.058790e-06	-8.637611e-09	-2.839077e+01	-5.665016e+02
4.600000e-07	-3.967257e-06	-8.563918e-09	-2.775051e+01	-5.608263e+02
4.700000e-07	-3.874375e-06	-8.493157e-09	-2.710081e+01	-5.548183e+02
4.800000e-07	-3.780187e-06	-8.377027e-09	-2.644198e+01	-5.485174e+02
4.900000e-07	-3.684703e-06	-8.261114e-09	-2.577407e+01	-5.420009e+02
5.000000e-07	-3.587886e-06	-8.156602e-09	-2.509685e+01	-5.353459e+02
5.100000e-07	-3.489651e-06	-8.077986e-09	-2.440971e+01	-5.285895e+02
5.200000e-07	-3.390062e-06	-7.980989e-09	-2.371310e+01	-5.217067e+02
5.300000e-07	-3.289230e-06	-7.859005e-09	-2.300779e+01	-5.146187e+02
5.400000e-07	-3.187284e-06	-7.728894e-09	-2.229469e+01	-5.072269e+02
5.500000e-07	-3.084286e-06	-7.618433e-09	-2.157423e+01	-4.994570e+02
5.600000e-07	-2.980244e-06	-7.511308e-09	-2.084647e+01	-4.912918e+02
5.700000e-07	-2.875130e-06	-7.374446e-09	-2.011121e+01	-4.827764e+02
5.800000e-07	-2.768883e-06	-7.223498e-09	-1.936802e+01	-4.739943e+02
5.900000e-07	-2.661474e-06	-7.084091e-09	-1.861670e+01	-4.650251e+02
6.000000e-07	-2.553051e-06	-6.963444e-09	-1.785830e+01	-4.559034e+02
6.100000e-07	-2.443807e-06	-6.829000e-09	-1.709415e+01	-4.465984e+02
6.200000e-07	-2.333757e-06	-6.671801e-09	-1.632436e+01	-4.370239e+02
6.300000e-07	-2.222890e-06	-6.505406e-09	-1.554886e+01	-4.270736e+02
6.400000e-07	-2.111276e-06	-6.352710e-09	-1.476813e+01	-4.166659e+02
6.500000e-07	-1.998955e-06	-6.201420e-09	-1.398246e+01	-4.057763e+02
6.600000e-07	-1.885858e-06	-6.026065e-09	-1.319136e+01	-3.944437e+02
6.700000e-07	-1.771983e-06	-5.832637e-09	-1.239482e+01	-3.827444e+02
6.800000e-07	-1.657282e-06	-5.644044e-09	-1.159250e+01	-3.707504e+02
6.900000e-07	-1.541832e-06	-5.468201e-09	-1.078494e+01	-3.584891e+02
7.000000e-07	-1.425750e-06	-5.283906e-09	-9.972958e+00	-3.459261e+02
7.100000e-07	-1.309086e-06	-5.078382e-09	-9.156907e+00	-3.329770e+02
7.200000e-07	-1.191911e-06	-4.860888e-09	-8.337284e+00	-3.195408e+02
7.300000e-07	-1.074325e-06	-4.650644e-09	-7.514777e+00	-3.055372e+02
7.400000e-07	-9.564205e-07	-4.438609e-09	-6.690051e+00	-2.909300e+02
7.500000e-07	-8.381616e-07	-4.208429e-09	-5.862844e+00	-2.757276e+02
7.600000e-07	-7.195797e-07	-3.956577e-09	-5.033378e+00	-2.599644e+02
7.700000e-07	-6.007850e-07	-3.700049e-09	-4.202422e+00	-2.436737e+02
7.800000e-07	-4.818334e-07	-3.451752e-09	-3.370369e+00	-2.268652e+02
7.900000e-07	-3.627539e-07	-3.196691e-09	-2.537422e+00	-2.095142e+02
8.000000e-07	-2.435049e-07	-2.917678e-09	-1.703289e+00	-1.915642e+02
8.100000e-07	-1.241046e-07	-2.619269e-09	-8.680973e-01	-1.729392e+02
8.200000e-07	-4.690483e-09	-2.321092e-09	-3.280939e-02	-1.535626e+02
8.300000e-07	1.147022e-07	-2.021974e-09	8.023289e-01	-1.333772e+02
8.400000e-07	2.340816e-07	-1.706399e-09	1.637374e+00	-1.123603e+02
8.500000e-07	3.533569e-07	-1.365888e-09	2.471691e+00	-9.052797e+01
8.600000e-07	4.724779e-07	-1.013914e-09	3.304928e+00	-6.792413e+01
8.700000e-07	5.914393e-07	-6.616596e-10	4.137050e+00	-4.459910e+01
8.800000e-07	7.102153e-07	-3.029943e-10	4.967875e+00	-2.058754e+01
8.900000e-07	8.288030e-07	7.310125e-11	5.797382e+00	4.098675e+00
9.000000e-07	9.471414e-07	4.679165e-10	6.625145e+00	2.945401e+01
9.100000e-07	1.065138e-06	8.686782e-10	7.450517e+00	5.544372e+01
9.200000e-07	1.182770e-06	1.268737e-09	8.273342e+00	8.196697e+01
9.300000e-07	1.300003e-06	1.673293e-09	9.093370e+00	1.088404e+02
9.400000e-07	1.416733e-06	2.088671e-09	9.909883e+00	1.358145e+02
9.500000e-07	1.532887e-06	2.505737e-09	1.072237e+01	1.626169e+02
9.600000e-07	1.648338e-06	2.909981e-09	1.152993e+01	1.890010e+02
9.700000e-07	1.762963e-06	3.297197e-09	1.233172e+01	2.147759e+02
9.800000e-07	1.876836e-06	3.674683e-09	1.312826e+01	2.398063e+02
9.900000e-07	1.990022e-06	4.046336e-09	1.391998e+01	2.639908e+02
1.000000e-06	2.102439e-06	4.401263e-09	1.470632e+01	2.872379e+02
1.010000e-06	2.214109e-06	4.734720e-09	1.548744e+01	3.094604e+02
1.020000e-06	2.325100e-06	5.051921e-09	1.626381e+01	3.305884e+02
1.030000e-06	2.435344e-06	5.361237e-09	1.703496e+01	3.505909e+02
1.040000e-06	2.544780e-06	5.656673e-09	1.780045e+01	3.694849e+02
1.050000e-06	2.653444e-06	5.929993e-09	1.856053e+01	3.873237e+02
1.060000e-06	2.761232e-06	6.182019e-09	1.931450e+01	4.041684e+02
1.070000e-06	2.867895e-06	6.421045e-09	2.006060e+01	4.200648e+02
1.080000e-06	2.973405e-06	6.649628e-09	2.079863e+01	4.350369e+02
1.090000e-06	3.077786e-06	6.864602e-09	2.152876e+01	4.491041e+02
1.100000e-06	3.181038e-06	7.059950e-09	2.225100e+01	4.623052e+02
1.110000e-06	3.283164e-06	7.241045e-09	2.296535e+01	4.747116e+02
1.120000e-06	3.384219e-06	7.422538e-09	2.367222e+01	4.864192e+02
1.130000e-06	3.484189e-06	7.600737e-09	2.437151e+01	4.975213e+02
1.140000e-06	3.582818e-06	7.765738e-09	2.506140e+01	5.080811e+02
1.150000e-06	3.680018e-06	7.914266e-09	2.574130e+01	5.181198e+02
1.160000e-06	3.775824e-06	8.054640e-09	2.641146e+01	5.276252e+02
1.170000e-06	3.870271e-06	8.192719e-09	2.707210e+01	5.365755e+02
1.180000e-06	3.963517e-06	8.324109e-09	2.772435e+01	5.449628e+02
1.190000e-06	4.055566e-06	8.441171e-09	2.836822e+01	5.528079e+02
1.200000e-06	4.146094e-06	8.548015e-09	2.900145e+01	5.601609e+02
1.210000e-06	4.234921e-06	8.653813e-09	2.962279e+01	5.670939e+02
1.220000e-06	4.322254e-06	8.760358e-09	3.023367e+01	5.736871e+02
1.230000e-06	4.408167e-06	8.860323e-09	3.083462e+01	5.800134e+02
1.240000e-06	4.492694e-06	8.950795e-09	3.142588e+01	5.861194e+02
1.250000e-06	4.575748e-06	9.036165e-09	3.200683e+01	5.920109e+02
1.260000e-06	4.657134e-06	9.123304e-09	3.257612e+01	5.976503e+02
1.270000e-06	4.736792e-06	9.208682e-09	3.313331e+01	6.029738e+02
1.280000e-06	4.814718e-06	9.284645e-09	3.367840e+01	6.079267e+02
1.290000e-06	4.890896e-06	9.349167e-09	3.421126e+01	6.125014e+02
1.300000e-06	4.965074e-06	9.409196e-09	3.473013e+01	6.167550e+02
1.310000e-06	5.037339e-06	9.473310e-09	3.523561e+01	6.207923e+02
1.320000e-06	5.107897e-06	9.535878e-09	3.572915e+01	6.247194e+02
1.330000e-06	5.176712e-06	9.592810e-09	3.621050e+01	6.285919e+02
1.340000e-06	5.243591e-06	9.646330e-09	3.667832e+01	6.323887e+02
1.350000e-06	5.308498e-06	9.701025e-09	3.713233e+01	6.360289e+02
1.360000e-06	5.371643e-06	9.756892e-09	3.757403e+01	6.394212e+02
1.370000e-06	5.433097e-06	9.806897e-09	3.800389e+01	6.425178e+02
1.380000e-06	5.492692e-06	9.848109e-09	3.842075e+01	6.453401e+02
1.390000e-06	5.550218e-06	9.886079e-09	3.882314e+01	6.479639e+02
1.400000e-06	5.605728e-06	9.924000e-09	3.921143e+01	6.504766e+02
1.410000e-06	5.659173e-06	9.961464e-09	3.958527e+01	6.529360e+02
1.420000e-06	5.710209e-06	9.995952e-09	3.994226e+01	6.553519e+02
1.430000e-06	5.758842e-06	1.002752e-08	4.028244e+01	6.576984e+02
1.440000e-06	5.805465e-06	1.006247e-08	4.060856e+01	6.599380e+02
1.450000e-06	5.850283e-06	1.009988e-08	4.092206e+01	6.620401e+02
1.460000e-06	5.892969e-06	1.013164e-08	4.122064e+01	6.639842e+02
1.470000e-06	5.933377e-06	1.015522e-08	4.150329e+01	6.657545e+02
1.480000e-06	5.971801e-06	1.017472e-08	4.177206e+01	6.673400e+02
1.490000e-06	6.008317e-06	1.019554e-08	4.202749e+01	6.687461e+02
1.500000e-06	6.042625e-06	1.021650e-08	4.226747e+01	6.700077e+02
1.510000e-06	6.074690e-06	1.023269e-08	4.249176e+01	6.711867e+02
1.520000e-06	6.104798e-06	1.024756e-08	4.270236e+01	6.723465e+02
1.530000e-06	6.132952e-06	1.026592e-08	4.289930e+01	6.735139e+02
1.540000e-06	6.158789e-06	1.028544e-08	4.308002e+01	6.746544e+02
1.550000e-06	6.182223e-06	1.030078e-08	4.324394e+01	6.756842e+02
1.560000e-06	6.203630e-06	1.031030e-08	4.339368e+01	6.765174e+02
1.570000e-06	6.223039e-06	1.031823e-08	4.352944e+01	6.771204e+02
1.580000e-06	6.240252e-06	1.032633e-08	4.364985e+01	6.775370e+02
1.590000e-06	6.255160e-06	1.033099e-08	4.375412e+01	6.778653e+02
1.600000e-06	6.267639e-06	1.033275e-08	4.384142e+01	6.781983e+02
1.610000e-06	6.277551e-06	1.033569e-08	4.391075e+01	6.785680e+02
1.620000e-06	6.285141e-06	1.034053e-08	4.396384e+01	6.789315e+02
1.630000e-06	6.290691e-06	1.034548e-08	4.400266e+01	6.792059e+02
1.640000e-06	6.294109e-06	1.034720e-08	4.402657e+01	6.793285e+02
1.650000e-06	6.295235e-06	1.035025e-08	4.403445e+01	6.792959e+02
1.660000e-06	6.294167e-06	1.035301e-08	4.402697e+01	6.791575e+02
1.670000e-06	6.291172e-06	1.034653e-08	4.400603e+01	6.789677e+02
1.680000e-06	6.286057e-06	1.034188e-08	4.397025e+01	6.787384e+02
1.690000e-06	6.278747e-06	1.033259e-08	4.391911e+01	6.784277e+02
1.700000e-06	6.269513e-06	1.031997e-08	4.385453e+01	6.779765e+02
1.710000e-06	6.258206e-06	1.031167e-08	4.377544e+01	6.773627e+02
1.720000e-06	6.244564e-06	1.031869e-08	4.368001e+01	6.766292e+02
1.730000e-06	6.228848e-06	1.033877e-08	4.357008e+01	6.758592e+02
1.740000e-06	6.211184e-06	1.023343e-08	4.344652e+01	6.751112e+02
1.750000e-06	6.190759e-06	1.020245e-08	4.330365e+01	6.743656e+02
1.760000e-06	6.167104e-06	1.023386e-08	4.313819e+01	6.735252e+02
1.770000e-06	6.140986e-06	1.019474e-08	4.295549e+01	6.724812e+02
1.780000e-06	6.113444e-06	1.030685e-08	4.276284e+01	6.712019e+02
1.790000e-06	6.084782e-06	1.025240e-08	4.256235e+01	6.697817e+02
1.800000e-06	6.054309e-06	1.004418e-08	4.234919e+01	6.684058e+02
1.810000e-06	6.021315e-06	1.024368e-08	4.211840e+01	6.672432e+02
1.820000e-06	5.986468e-06	1.017475e-08	4.187466e+01	6.663313e+02
1.830000e-06	5.949839e-06	1.008281e-08	4.161844e+01	6.655272e+02
1.840000e-06	5.910621e-06	1.025794e-08	4.134412e+01	6.645632e+02
1.850000e-06	5.869275e-06	1.000116e-08	4.105490e+01	6.631798e+02
1.860000e-06	5.825994e-06	1.005280e-08	4.075216e+01	6.612594e+02
1.870000e-06	5.780725e-06	1.017189e-08	4.043551e+01	6.588835e+02
1.880000e-06	5.733577e-06	9.982096e-09	4.010571e+01	6.562796e+02
1.890000e-06	5.684002e-06	1.002197e-08	3.975894e+01	6.536934e+02
1.900000e-06	5.632202e-06	9.876149e-09	3.939661e+01	6.512610e+02
1.910000e-06	5.578208e-06	9.868353e-09	3.901892e+01	6.489525e+02
1.920000e-06	5.521923e-06	9.947190e-09	3.862522e+01	6.466116e+02
1.930000e-06	5.463812e-06	9.762097e-09	3.821874e+01	6.440582e+02
1.940000e-06	5.403685e-06	9.786660e-09	3.779816e+01	6.411897e+02
1.950000e-06	5.341519e-06	9.694263e-09	3.736331e+01	6.380243e+02
1.960000e-06	5.277397e-06	9.725826e-09	3.691479e+01	6.346726e+02
1.970000e-06	5.211458e-06	9.670081e-09	3.645355e+01	6.312635e+02
1.980000e-06	5.143777e-06	9.518390e-09	3.598013e+01	6.278715e+02
1.990000e-06	5.073917e-06	9.551545e-09	3.549147e+01	6.244851e+02
2.000000e-06	5.002206e-06	9.414860e-09	3.498986e+01	6.210236e+02
2.010000e-06	4.928868e-06	9.461465e-09	3.447687e+01	6.173838e+02
2.020000e-06	4.853629e-06	9.363715e-09	3.395058e+01	6.134882e+02
2.030000e-06	4.776351e-06	9.240205e-09	3.341003e+01	6.093127e+02
2.040000e-06	4.697095e-06	9.228968e-09	3.285564e+01	6.048868e+02
2.050000e-06	4.616286e-06	9.140125e-09	3.229039e+01	6.002745e+02
2.060000e-06	4.534018e-06	9.145821e-09	3.171493e+01	5.955460e+02
2.070000e-06	4.450183e-06	8.986941e-09	3.112852e+01	5.907517e+02
2.080000e-06	4.364526e-06	8.920837e-09	3.052936e+01	5.859026e+02
2.090000e-06	4.277208e-06	8.855386e-09	2.991858e+01	5.809637e+02
2.100000e-06	4.188544e-06	8.791355e-09	2.929839e+01	5.758622e+02
2.110000e-06	4.098511e-06	8.716601e-09	2.866861e+01	5.705123e+02
2.120000e-06	4.007090e-06	8.566883e-09	2.802913e+01	5.648479e+02
2.130000e-06	3.914128e-06	8.518928e-09	2.737888e+01	5.588505e+02
2.140000e-06	3.819621e-06	8.426424e-09	2.671781e+01	5.525579e+02
2.150000e-06	3.723769e-06	8.359539e-09	2.604734e+01	5.460467e+02
2.160000e-06	3.626685e-06	8.218402e-09	2.536825e+01	5.393947e+02
2.170000e-06	3.528402e-06	8.095253e-09	2.468077e+01	5.326409e+02
2.180000e-06	3.428952e-06	8.009525e-09	2.398513e+01	5.257628e+02
2.190000e-06	3.328258e-06	7.918216e-09	2.328079e+01	5.186829e+02
2.200000e-06	3.226221e-06	7.811233e-09	2.256704e+01	5.113025e+02
2.210000e-06	3.122937e-06	7.653566e-09	2.184459e+01	5.035458e+02
2.220000e-06	3.018509e-06	7.540456e-09	2.111412e+01	4.953933e+02
2.230000e-06	2.913103e-06	7.426810e-09	2.037682e+01	4.868881e+02
2.240000e-06	2.806840e-06	7.311404e-09	1.963353e+01	4.781130e+02
2.250000e-06	2.699703e-06	7.153282e-09	1.888411e+01	4.691486e+02
2.260000e-06	2.591709e-06	6.996814e-09	1.812871e+01	4.600315e+02
2.270000e-06	2.482870e-06	6.865531e-09	1.736739e+01	4.507333e+02
2.280000e-06	2.373081e-06	6.738975e-09	1.659943e+01	4.411693e+02
2.290000e-06	2.262324e-06	6.588962e-09	1.582470e+01	4.312332e+02
2.300000e-06	2.150718e-06	6.404283e-09	1.504403e+01	4.208416e+02
2.310000e-06	2.038344e-06	6.235616e-09	1.425798e+01	4.099679e+02
2.320000e-06	1.925253e-06	6.079897e-09	1.346692e+01	3.986489e+02
2.330000e-06	1.811383e-06	5.917640e-09	1.267041e+01	3.869604e+02
2.340000e-06	1.696754e-06	5.722436e-09	1.186860e+01	3.749751e+02
2.350000e-06	1.581457e-06	5.520028e-09	1.106211e+01	3.627226e+02
2.360000e-06	1.465567e-06	5.335797e-09	1.025147e+01	3.501706e+02
2.370000e-06	1.348998e-06	5.155407e-09	9.436088e+00	3.372361e+02
2.380000e-06	1.231836e-06	4.951229e-09	8.616551e+00	3.238179e+02
2.390000e-06	1.114214e-06	4.720590e-09	7.793800e+00	3.098346e+02
2.400000e-06	9.960991e-07	4.492674e-09	6.967599e+00	2.952480e+02
2.410000e-06	8.775496e-07	4.276757e-09	6.138359e+00	2.800654e+02
2.420000e-06	7.586669e-07	4.047931e-09	5.306788e+00	2.643206e+02
2.430000e-06	6.395163e-07	3.789644e-09	4.473343e+00	2.480474e+02
2.440000e-06	5.201329e-07	3.518349e-09	3.638270e+00	2.312566e+02
2.450000e-06	4.006180e-07	3.259051e-09	2.802277e+00	2.139248e+02
2.460000e-06	2.810042e-07	3.004922e-09	1.965592e+00	1.959965e+02
2.470000e-06	1.612949e-07	2.726462e-09	1.128239e+00	1.773960e+02
2.480000e-06	4.151173e-08	2.417310e-09	2.903698e-01	1.580464e+02
2.490000e-06	-7.826824e-08	2.102178e-09	-5.474773e-01	1.378895e+02
2.500000e-06	-1.979656e-07	1.794587e-09	-1.384747e+00	1.169014e+02
2.510000e-06	-3.176220e-07	1.473965e-09	-2.221729e+00	9.509650e+01
2.520000e-06	-4.372096e-07	1.122853e-09	-3.058231e+00	7.251834e+01
2.530000e-06	-5.566773e-07	7.532044e-10	-3.893894e+00	4.921735e+01
2.540000e-06	-6.759415e-07	3.903891e-10	-4.728133e+00	2.522901e+01
2.550000e-06	-7.948800e-07	2.946956e-11	-5.560095e+00	5.658776e-01
2.560000e-06	-9.134294e-07	-3.525255e-10	-6.389334e+00	-2.476683e+01
2.570000e-06	-1.031566e-06	-7.608355e-10	-7.215687e+00	-5.073613e+01
2.580000e-06	-1.149263e-06	-1.175032e-09	-8.038961e+00	-7.724397e+01
2.590000e-06	-1.266443e-06	-1.576217e-09	-8.858622e+00	-1.041099e+02
2.600000e-06	-1.383075e-06	-1.975415e-09	-9.674451e+00	-1.310860e+02
2.610000e-06	-1.499105e-06	-2.385380e-09	-1.048607e+01	-1.579001e+02
2.620000e-06	-1.614484e-06	-2.798446e-09	-1.129313e+01	-1.843038e+02
2.630000e-06	-1.729194e-06	-3.193263e-09	-1.209551e+01	-2.101040e+02
2.640000e-06	-1.843233e-06	-3.566182e-09	-1.289320e+01	-2.351639e+02
2.650000e-06	-1.956532e-06	-3.931891e-09	-1.368572e+01	-2.593811e+02
2.660000e-06	-2.068888e-06	-4.296076e-09	-1.447163e+01	-2.826642e+02
2.670000e-06	-2.180289e-06	-4.646195e-09	-1.525087e+01	-3.049256e+02
2.680000e-06	-2.290823e-06	-4.964876e-09	-1.602404e+01	-3.260945e+02
2.690000e-06	-2.400445e-06	-5.260120e-09	-1.679084e+01	-3.461381e+02
2.700000e-06	-2.509190e-06	-5.547395e-09	-1.755150e+01	-3.650720e+02
2.710000e-06	-2.617212e-06	-5.828060e-09	-1.830710e+01	-3.829483e+02
2.720000e-06	-2.724502e-06	-6.090607e-09	-1.905758e+01	-3.998286e+02
2.730000e-06	-2.830944e-06	-6.328330e-09	-1.980213e+01	-4.157593e+02
2.740000e-06	-2.936462e-06	-6.553387e-09	-2.054021e+01	-4.307651e+02
2.750000e-06	-3.040951e-06	-6.774610e-09	-2.127110e+01	-4.448651e+02
2.760000e-06	-3.144417e-06	-6.986433e-09	-2.199484e+01	-4.580970e+02
2.770000e-06	-3.246662e-06	-7.176356e-09	-2.271003e+01	-4.705313e+02
2.780000e-06	-3.347504e-06	-7.345311e-09	-2.341540e+01	-4.822631e+02
2.790000e-06	-3.447077e-06	-7.510089e-09	-2.411191e+01	-4.933864e+02
2.800000e-06	-3.545509e-06	-7.678155e-09	-2.480043e+01	-5.039659e+02
2.810000e-06	-3.642774e-06	-7.837528e-09	-2.548079e+01	-5.140243e+02
2.820000e-06	-3.738858e-06	-7.978911e-09	-2.615288e+01	-5.235502e+02
2.830000e-06	-3.833723e-06	-8.109847e-09	-2.681645e+01	-5.325215e+02
2.840000e-06	-3.927101e-06	-8.241326e-09	-2.746962e+01	-5.409297e+02
2.850000e-06	-4.018961e-06	-8.369744e-09	-2.811217e+01	-5.487944e+02
2.860000e-06	-4.109411e-06	-8.481479e-09	-2.874486e+01	-5.561649e+02
2.870000e-06	-4.198399e-06	-8.579532e-09	-2.936732e+01	-5.631124e+02
2.880000e-06	-4.285943e-06	-8.677665e-09	-2.997968e+01	-5.697175e+02
2.890000e-06	-4.371903e-06	-8.778967e-09	-3.058096e+01	-5.760532e+02
2.900000e-06	-4.456190e-06	-8.875814e-09	-3.117054e+01	-5.821677e+02
2.910000e-06	-4.538928e-06	-8.962468e-09	-3.174928e+01	-5.880683e+02
2.920000e-06	-4.620200e-06	-9.045062e-09	-3.231777e+01	-5.937187e+02
2.930000e-06	-4.699978e-06	-9.128459e-09	-3.287581e+01	-5.990555e+02
2.940000e-06	-4.777961e-06	-9.209159e-09	-3.342129e+01	-6.040231e+02
2.950000e-06	-4.853895e-06	-9.279799e-09	-3.395244e+01	-6.086117e+02
2.960000e-06	-4.927971e-06	-9.341265e-09	-3.447059e+01	-6.128761e+02
2.970000e-06	-5.000329e-06	-9.402633e-09	-3.497673e+01	-6.169201e+02
2.980000e-06	-5.070882e-06	-9.467851e-09	-3.547024e+01	-6.208508e+02
2.990000e-06	-5.139519e-06	-9.531553e-09	-3.595035e+01	-6.247260e+02
3.000000e-06	-5.206264e-06	-9.587759e-09	-3.641722e+01	-6.285277e+02
3.010000e-06	-5.271279e-06	-9.639451e-09	-3.687199e+01	-6.321762e+02
3.020000e-06	-5.334517e-06	-9.691034e-09	-3.731433e+01	-6.355795e+02
3.030000e-06	-5.395736e-06	-9.742383e-09	-3.774256e+01	-6.386877e+02
3.040000e-06	-5.454900e-06	-9.786951e-09	-3.815640e+01	-6.415196e+02
3.050000e-06	-5.512193e-06	-9.824397e-09	-3.855715e+01	-6.441499e+02
3.060000e-06	-5.567729e-06	-9.860434e-09	-3.894562e+01	-6.466664e+02
3.070000e-06	-5.621115e-06	-9.900400e-09	-3.931906e+01	-6.491281e+02
3.080000e-06	-5.672057e-06	-9.941431e-09	-3.967539e+01	-6.515469e+02
3.090000e-06	-5.720609e-06	-9.976634e-09	-4.001500e+01	-6.538975e+02
3.100000e-06	-5.766856e-06	-1.000809e-08	-4.033850e+01	-6.561425e+02
3.110000e-06	-5.811201e-06	-1.003979e-08	-4.064868e+01	-6.582509e+02
3.120000e-06	-5.853824e-06	-1.007316e-08	-4.094683e+01	-6.602019e+02
3.130000e-06	-5.894600e-06	-1.010210e-08	-4.123205e+01	-6.619796e+02
3.140000e-06	-5.933345e-06	-1.012361e-08	-4.150307e+01	-6.635727e+02
3.150000e-06	-5.969867e-06	-1.014548e-08	-4.175853e+01	-6.649858e+02
3.160000e-06	-6.004257e-06	-1.016710e-08	-4.199909e+01	-6.662525e+02
3.170000e-06	-6.036648e-06	-1.018873e-08	-4.222566e+01	-6.674342e+02
3.180000e-06	-6.066836e-06	-1.020749e-08	-4.243682e+01	-6.685950e+02
3.190000e-06	-6.094788e-06	-1.022405e-08	-4.263234e+01	-6.697633e+02
3.200000e-06	-6.120635e-06	-1.024209e-08	-4.281314e+01	-6.709069e+02
3.210000e-06	-6.144384e-06	-1.026010e-08	-4.297926e+01	-6.719433e+02
3.220000e-06	-6.165831e-06	-1.027318e-08	-4.312928e+01	-6.727855e+02
3.230000e-06	-6.185073e-06	-1.027996e-08	-4.326387e+01	-6.733974e+02
3.240000e-06	-6.202333e-06	-1.028544e-08	-4.338461e+01	-6.738201e+02
3.250000e-06	-6.217412e-06	-1.029282e-08	-4.349008e+01	-6.741508e+02
3.260000e-06	-6.229991e-06	-1.030157e-08	-4.357807e+01	-6.744835e+02
3.270000e-06	-6.240123e-06	-1.030765e-08	-4.364894e+01	-6.748533e+02
3.280000e-06	-6.248146e-06	-1.031323e-08	-4.370507e+01	-6.752193e+02
3.290000e-06	-6.253927e-06	-1.031687e-08	-4.374550e+01	-6.754993e+02
3.300000e-06	-6.257390e-06	-1.032053e-08	-4.376972e+01	-6.756286e+02
3.310000e-06	-6.258785e-06	-1.031794e-08	-4.377948e+01	-6.756020e+02
3.320000e-06	-6.258148e-06	-1.031283e-08	-4.377503e+01	-6.754672e+02
