# Temperatura_=_20.0
# Concentracion g/m^3_=_10000.0
# C_Vs_to_Am_M_A/Vsm_=_65563218390.804596
# pendiente_HvsI_1/m_=_3716.3
# ordenada_HvsI_A/m_=_1297.0
# frecuencia_Hz_=_301118.59430871677

Tiempo_(s)	Campo_(V.s)	Magnetizacion_(V.s)	Campo_(kA/m)	Magnetizacion_(A/m)
0.000000e+00	-6.262459e-06	-3.310998e-10	-4.376468e+01	-2.173951e+01
1.000000e-08	-6.259347e-06	-3.294450e-10	-4.374294e+01	-2.178557e+01
2.000000e-08	-6.254127e-06	-3.274552e-10	-4.370646e+01	-2.172605e+01
3.000000e-08	-6.247065e-06	-3.301376e-10	-4.365710e+01	-2.158899e+01
4.000000e-08	-6.238033e-06	-3.340037e-10	-4.359399e+01	-2.143053e+01
5.000000e-08	-6.226696e-06	-3.349535e-10	-4.351476e+01	-2.130814e+01
6.000000e-08	-6.213037e-06	-3.351242e-10	-4.341931e+01	-2.125183e+01
7.000000e-08	-6.197034e-06	-3.321826e-10	-4.330747e+01	-2.124839e+01
8.000000e-08	-6.178705e-06	-3.359363e-10	-4.317938e+01	-2.124814e+01
9.000000e-08	-6.158140e-06	-3.548908e-10	-4.303566e+01	-2.119209e+01
1.000000e-07	-6.135237e-06	-3.308723e-10	-4.287561e+01	-2.104542e+01
1.100000e-07	-6.109979e-06	-3.073276e-10	-4.269909e+01	-2.081888e+01
1.200000e-07	-6.082479e-06	-3.115346e-10	-4.250691e+01	-2.056584e+01
1.300000e-07	-6.053232e-06	-2.951710e-10	-4.230252e+01	-2.035645e+01
1.400000e-07	-6.022513e-06	-3.109268e-10	-4.208784e+01	-2.024242e+01
1.500000e-07	-5.989811e-06	-3.537126e-10	-4.185931e+01	-2.023062e+01
1.600000e-07	-5.954837e-06	-2.872507e-10	-4.161489e+01	-2.027820e+01
1.700000e-07	-5.917988e-06	-3.116983e-10	-4.135738e+01	-2.031057e+01
1.800000e-07	-5.879210e-06	-3.472238e-10	-4.108638e+01	-2.025306e+01
1.900000e-07	-5.838447e-06	-2.790315e-10	-4.080151e+01	-2.006179e+01
2.000000e-07	-5.795507e-06	-3.288892e-10	-4.050143e+01	-1.974106e+01
2.100000e-07	-5.750207e-06	-2.992579e-10	-4.018485e+01	-1.934060e+01
2.200000e-07	-5.702855e-06	-2.509030e-10	-3.985394e+01	-1.893385e+01
2.300000e-07	-5.653206e-06	-2.997025e-10	-3.950697e+01	-1.858606e+01
2.400000e-07	-5.601068e-06	-2.964286e-10	-3.914261e+01	-1.832562e+01
2.500000e-07	-5.546685e-06	-2.856937e-10	-3.876256e+01	-1.813249e+01
2.600000e-07	-5.490310e-06	-2.926435e-10	-3.836859e+01	-1.795106e+01
2.700000e-07	-5.431930e-06	-2.768789e-10	-3.796060e+01	-1.772331e+01
2.800000e-07	-5.371591e-06	-2.758794e-10	-3.753893e+01	-1.742532e+01
2.900000e-07	-5.309367e-06	-2.709623e-10	-3.710408e+01	-1.708565e+01
3.000000e-07	-5.245282e-06	-2.574834e-10	-3.665623e+01	-1.677142e+01
3.100000e-07	-5.179212e-06	-2.311128e-10	-3.619451e+01	-1.654660e+01
3.200000e-07	-5.111107e-06	-2.534090e-10	-3.571856e+01	-1.642613e+01
3.300000e-07	-5.041174e-06	-2.797172e-10	-3.522983e+01	-1.635597e+01
3.400000e-07	-4.969637e-06	-2.594741e-10	-3.472991e+01	-1.623626e+01
3.500000e-07	-4.896370e-06	-2.581332e-10	-3.421789e+01	-1.597842e+01
3.600000e-07	-4.821010e-06	-2.371345e-10	-3.369124e+01	-1.556284e+01
3.700000e-07	-4.743647e-06	-2.330543e-10	-3.315059e+01	-1.505969e+01
3.800000e-07	-4.664308e-06	-2.358178e-10	-3.259614e+01	-1.459566e+01
3.900000e-07	-4.583061e-06	-2.221266e-10	-3.202835e+01	-1.428310e+01
4.000000e-07	-4.500238e-06	-2.147027e-10	-3.144955e+01	-1.415357e+01
4.100000e-07	-4.416052e-06	-2.200860e-10	-3.086122e+01	-1.413733e+01
4.200000e-07	-4.330536e-06	-2.368068e-10	-3.026360e+01	-1.410264e+01
4.300000e-07	-4.243580e-06	-2.241787e-10	-2.965591e+01	-1.393149e+01
4.400000e-07	-4.155113e-06	-2.068128e-10	-2.903767e+01	-1.358554e+01
4.500000e-07	-4.065026e-06	-1.944537e-10	-2.840811e+01	-1.312270e+01
4.600000e-07	-3.973403e-06	-2.002871e-10	-2.776780e+01	-1.265677e+01
4.700000e-07	-3.880471e-06	-2.074482e-10	-2.711836e+01	-1.228796e+01
4.800000e-07	-3.786244e-06	-1.929791e-10	-2.645986e+01	-1.204831e+01
4.900000e-07	-3.690711e-06	-1.810764e-10	-2.579224e+01	-1.189315e+01
5.000000e-07	-3.593771e-06	-1.799088e-10	-2.511478e+01	-1.173833e+01
5.100000e-07	-3.495393e-06	-1.854346e-10	-2.442727e+01	-1.151424e+01
5.200000e-07	-3.395726e-06	-1.806402e-10	-2.373076e+01	-1.120139e+01
5.300000e-07	-3.294813e-06	-1.693138e-10	-2.302553e+01	-1.082871e+01
5.400000e-07	-3.192730e-06	-1.576091e-10	-2.231214e+01	-1.044299e+01
5.500000e-07	-3.089630e-06	-1.609623e-10	-2.159163e+01	-1.007495e+01
5.600000e-07	-2.985497e-06	-1.670237e-10	-2.086390e+01	-9.725075e+00
5.700000e-07	-2.880209e-06	-1.573951e-10	-2.012810e+01	-9.374410e+00
5.800000e-07	-2.773790e-06	-1.402224e-10	-1.938441e+01	-9.006924e+00
5.900000e-07	-2.666359e-06	-1.310107e-10	-1.863364e+01	-8.624364e+00
6.000000e-07	-2.557963e-06	-1.328203e-10	-1.787612e+01	-8.243591e+00
6.100000e-07	-2.448662e-06	-1.295909e-10	-1.711227e+01	-7.881450e+00
6.200000e-07	-2.338524e-06	-1.194215e-10	-1.634258e+01	-7.540943e+00
6.300000e-07	-2.227580e-06	-1.099666e-10	-1.556726e+01	-7.209197e+00
6.400000e-07	-2.115993e-06	-1.130583e-10	-1.478745e+01	-6.866818e+00
6.500000e-07	-2.003713e-06	-1.173453e-10	-1.400278e+01	-6.499517e+00
6.600000e-07	-1.890516e-06	-1.082216e-10	-1.321172e+01	-6.103155e+00
6.700000e-07	-1.776456e-06	-8.920923e-11	-1.241462e+01	-5.680919e+00
6.800000e-07	-1.661606e-06	-7.634809e-11	-1.161200e+01	-5.238638e+00
6.900000e-07	-1.546039e-06	-7.486196e-11	-1.080436e+01	-4.784503e+00
7.000000e-07	-1.429880e-06	-7.219695e-11	-9.992603e+00	-4.332970e+00
7.100000e-07	-1.313151e-06	-6.361476e-11	-9.176851e+00	-3.906040e+00
7.200000e-07	-1.195903e-06	-5.446485e-11	-8.357472e+00	-3.525511e+00
7.300000e-07	-1.078178e-06	-5.288184e-11	-7.534757e+00	-3.197796e+00
7.400000e-07	-9.601041e-07	-5.247854e-11	-6.709610e+00	-2.901915e+00
7.500000e-07	-8.417942e-07	-4.522982e-11	-5.882811e+00	-2.592641e+00
7.600000e-07	-7.231613e-07	-3.212107e-11	-5.053754e+00	-2.221660e+00
7.700000e-07	-6.041611e-07	-2.030374e-11	-4.222131e+00	-1.765911e+00
7.800000e-07	-4.849810e-07	-1.744794e-11	-3.389250e+00	-1.244686e+00
7.900000e-07	-3.657427e-07	-1.749480e-11	-2.555963e+00	-7.124927e-01
8.000000e-07	-2.463698e-07	-8.946491e-12	-1.721736e+00	-2.302744e-01
8.100000e-07	-1.268999e-07	3.728762e-12	-8.868299e-01	1.676541e-01
8.200000e-07	-7.357848e-09	9.028299e-12	-5.141972e-02	4.905296e-01
8.300000e-07	1.121651e-07	7.526500e-12	7.838565e-01	7.825146e-01
8.400000e-07	2.315777e-07	9.184121e-12	1.618362e+00	1.096103e+00
8.500000e-07	3.509370e-07	1.846417e-11	2.452495e+00	1.465714e+00
8.600000e-07	4.702609e-07	2.795242e-11	3.286380e+00	1.896682e+00
8.700000e-07	5.894715e-07	3.456025e-11	4.119474e+00	2.371802e+00
8.800000e-07	7.084608e-07	4.107512e-11	4.951021e+00	2.865374e+00
8.900000e-07	8.271438e-07	5.134622e-11	5.780427e+00	3.352611e+00
9.000000e-07	9.455226e-07	6.480870e-11	6.607708e+00	3.810713e+00
9.100000e-07	1.063657e-06	7.166826e-11	7.433282e+00	4.218189e+00
9.200000e-07	1.181441e-06	7.042929e-11	8.256405e+00	4.561211e+00
9.300000e-07	1.298751e-06	6.837702e-11	9.076215e+00	4.847325e+00
9.400000e-07	1.415563e-06	7.160195e-11	9.892549e+00	5.115394e+00
9.500000e-07	1.531855e-06	8.078623e-11	1.070525e+01	5.427553e+00
9.600000e-07	1.647532e-06	9.190725e-11	1.151364e+01	5.839536e+00
9.700000e-07	1.762458e-06	1.025943e-10	1.231679e+01	6.363669e+00
9.800000e-07	1.876607e-06	1.130790e-10	1.311451e+01	6.949745e+00
9.900000e-07	1.989939e-06	1.231770e-10	1.390653e+01	7.502251e+00
1.000000e-06	2.102494e-06	1.277798e-10	1.469311e+01	7.929818e+00
1.010000e-06	2.214356e-06	1.258967e-10	1.547485e+01	8.199249e+00
1.020000e-06	2.325458e-06	1.234189e-10	1.625128e+01	8.359558e+00
1.030000e-06	2.435758e-06	1.273987e-10	1.702210e+01	8.518007e+00
1.040000e-06	2.545281e-06	1.373924e-10	1.778749e+01	8.780403e+00
1.050000e-06	2.654044e-06	1.493808e-10	1.854757e+01	9.191489e+00
1.060000e-06	2.761933e-06	1.622663e-10	1.930155e+01	9.711726e+00
1.070000e-06	2.868739e-06	1.738990e-10	2.004795e+01	1.024341e+01
1.080000e-06	2.974402e-06	1.788166e-10	2.078636e+01	1.068787e+01
1.090000e-06	3.078869e-06	1.784081e-10	2.151642e+01	1.099751e+01
1.100000e-06	3.182208e-06	1.747641e-10	2.223860e+01	1.119307e+01
1.110000e-06	3.284531e-06	1.748896e-10	2.295368e+01	1.134124e+01
1.120000e-06	3.385807e-06	1.810892e-10	2.366144e+01	1.151290e+01
1.130000e-06	3.485891e-06	1.896566e-10	2.436087e+01	1.174992e+01
1.140000e-06	3.584646e-06	1.964942e-10	2.505101e+01	1.205706e+01
1.150000e-06	3.681970e-06	2.020949e-10	2.573115e+01	1.241470e+01
1.160000e-06	3.777857e-06	2.090155e-10	2.640125e+01	1.279567e+01
1.170000e-06	3.872464e-06	2.142278e-10	2.706240e+01	1.317283e+01
1.180000e-06	3.965884e-06	2.173370e-10	2.771526e+01	1.351775e+01
1.190000e-06	4.058028e-06	2.182244e-10	2.835920e+01	1.380154e+01
1.200000e-06	4.148665e-06	2.202529e-10	2.899261e+01	1.400669e+01
1.210000e-06	4.237685e-06	2.239350e-10	2.961472e+01	1.414514e+01
1.220000e-06	4.325175e-06	2.273479e-10	3.022614e+01	1.426650e+01
1.230000e-06	4.411234e-06	2.311877e-10	3.082755e+01	1.444229e+01
1.240000e-06	4.495891e-06	2.367281e-10	3.141917e+01	1.472846e+01
1.250000e-06	4.579024e-06	2.410409e-10	3.200014e+01	1.512770e+01
1.260000e-06	4.660483e-06	2.448865e-10	3.256941e+01	1.557850e+01
1.270000e-06	4.740233e-06	2.486599e-10	3.312673e+01	1.598344e+01
1.280000e-06	4.818289e-06	2.553713e-10	3.367222e+01	1.626306e+01
1.290000e-06	4.894582e-06	2.600483e-10	3.420539e+01	1.640241e+01
1.300000e-06	4.968922e-06	2.591696e-10	3.472491e+01	1.645993e+01
1.310000e-06	5.041331e-06	2.579827e-10	3.523093e+01	1.653226e+01
1.320000e-06	5.111966e-06	2.594545e-10	3.572456e+01	1.669740e+01
1.330000e-06	5.180841e-06	2.645661e-10	3.620589e+01	1.697257e+01
1.340000e-06	5.247874e-06	2.696275e-10	3.667435e+01	1.731224e+01
1.350000e-06	5.312946e-06	2.728947e-10	3.712909e+01	1.764394e+01
1.360000e-06	5.376092e-06	2.775533e-10	3.757038e+01	1.791485e+01
1.370000e-06	5.437532e-06	2.850513e-10	3.799975e+01	1.811790e+01
1.380000e-06	5.497207e-06	2.910521e-10	3.841678e+01	1.828337e+01
1.390000e-06	5.554837e-06	2.943826e-10	3.881953e+01	1.844801e+01
1.400000e-06	5.610408e-06	2.951910e-10	3.920788e+01	1.862785e+01
1.410000e-06	5.663944e-06	2.964552e-10	3.958201e+01	1.881488e+01
1.420000e-06	5.715128e-06	2.987790e-10	3.993971e+01	1.899634e+01
1.430000e-06	5.763917e-06	2.985526e-10	4.028067e+01	1.917700e+01
1.440000e-06	5.810687e-06	2.977681e-10	4.060752e+01	1.938280e+01
1.450000e-06	5.855544e-06	3.013222e-10	4.092099e+01	1.964040e+01
1.460000e-06	5.898256e-06	3.108212e-10	4.121949e+01	1.994800e+01
1.470000e-06	5.938742e-06	3.194363e-10	4.150242e+01	2.026205e+01
1.480000e-06	5.977229e-06	3.236205e-10	4.177138e+01	2.051436e+01
1.490000e-06	6.013808e-06	3.241912e-10	4.202701e+01	2.065196e+01
1.500000e-06	6.048193e-06	3.244593e-10	4.226731e+01	2.067391e+01
1.510000e-06	6.080318e-06	3.249653e-10	4.249181e+01	2.063930e+01
1.520000e-06	6.110439e-06	3.229251e-10	4.270231e+01	2.063853e+01
1.530000e-06	6.138553e-06	3.202228e-10	4.289878e+01	2.074396e+01
1.540000e-06	6.164343e-06	3.201966e-10	4.307901e+01	2.096916e+01
1.550000e-06	6.187792e-06	3.264771e-10	4.324288e+01	2.126080e+01
1.560000e-06	6.209225e-06	3.364461e-10	4.339267e+01	2.152669e+01
1.570000e-06	6.228667e-06	3.425226e-10	4.352853e+01	2.168269e+01
1.580000e-06	6.245868e-06	3.420635e-10	4.364874e+01	2.169262e+01
1.590000e-06	6.260750e-06	3.372656e-10	4.375275e+01	2.158154e+01
1.600000e-06	6.273279e-06	3.332602e-10	4.384030e+01	2.141993e+01
1.610000e-06	6.283251e-06	3.304456e-10	4.390999e+01	2.129017e+01
1.620000e-06	6.290881e-06	3.260012e-10	4.396331e+01	2.125286e+01
1.630000e-06	6.296471e-06	3.247341e-10	4.400238e+01	2.132625e+01
1.640000e-06	6.299919e-06	3.292163e-10	4.402647e+01	2.148365e+01
1.650000e-06	6.301060e-06	3.389839e-10	4.403445e+01	2.166674e+01
1.660000e-06	6.300034e-06	3.469792e-10	4.402728e+01	2.180861e+01
1.670000e-06	6.297061e-06	3.438454e-10	4.400650e+01	2.185904e+01
1.680000e-06	6.291990e-06	3.397043e-10	4.397106e+01	2.180362e+01
1.690000e-06	6.284772e-06	3.343272e-10	4.392062e+01	2.166905e+01
1.700000e-06	6.275562e-06	3.297466e-10	4.385625e+01	2.151087e+01
1.710000e-06	6.264363e-06	3.247757e-10	4.377799e+01	2.138702e+01
1.720000e-06	6.250876e-06	3.202093e-10	4.368374e+01	2.132890e+01
1.730000e-06	6.235193e-06	3.287520e-10	4.357414e+01	2.132486e+01
1.740000e-06	6.217486e-06	3.049470e-10	4.345040e+01	2.132615e+01
1.750000e-06	6.197026e-06	3.058037e-10	4.330741e+01	2.127350e+01
1.760000e-06	6.173417e-06	3.293249e-10	4.314242e+01	2.113077e+01
1.770000e-06	6.147384e-06	3.259165e-10	4.296050e+01	2.090694e+01
1.780000e-06	6.119868e-06	3.453899e-10	4.276820e+01	2.065422e+01
1.790000e-06	6.091200e-06	3.289332e-10	4.256786e+01	2.044276e+01
1.800000e-06	6.060783e-06	2.608128e-10	4.235529e+01	2.032549e+01
1.810000e-06	6.027855e-06	3.297630e-10	4.212518e+01	2.031109e+01
1.820000e-06	5.992983e-06	3.241018e-10	4.188148e+01	2.035831e+01
1.830000e-06	5.956341e-06	2.922017e-10	4.162541e+01	2.039320e+01
1.840000e-06	5.917216e-06	3.668412e-10	4.135198e+01	2.034050e+01
1.850000e-06	5.875898e-06	2.789379e-10	4.106324e+01	2.015482e+01
1.860000e-06	5.832591e-06	2.938896e-10	4.076059e+01	1.983867e+01
1.870000e-06	5.787290e-06	3.580446e-10	4.044401e+01	1.944043e+01
1.880000e-06	5.740049e-06	2.831136e-10	4.011387e+01	1.903322e+01
1.890000e-06	5.690543e-06	3.079963e-10	3.976790e+01	1.868314e+01
1.900000e-06	5.638802e-06	2.720974e-10	3.940631e+01	1.842024e+01
1.910000e-06	5.584773e-06	2.549923e-10	3.902873e+01	1.822611e+01
1.920000e-06	5.528476e-06	3.030099e-10	3.863531e+01	1.804595e+01
1.930000e-06	5.470322e-06	2.423129e-10	3.822890e+01	1.782114e+01
1.940000e-06	5.410187e-06	2.705871e-10	3.780865e+01	1.752606e+01
1.950000e-06	5.348010e-06	2.588292e-10	3.737414e+01	1.718745e+01
1.960000e-06	5.283827e-06	2.872846e-10	3.692560e+01	1.687163e+01
1.970000e-06	5.217756e-06	2.894507e-10	3.646386e+01	1.664354e+01
1.980000e-06	5.149879e-06	2.161367e-10	3.598951e+01	1.652047e+01
1.990000e-06	5.079944e-06	2.549317e-10	3.550078e+01	1.645068e+01
2.000000e-06	5.008210e-06	2.263848e-10	3.499947e+01	1.633512e+01
2.010000e-06	4.934766e-06	2.561525e-10	3.448621e+01	1.608367e+01
2.020000e-06	4.859395e-06	2.494923e-10	3.395949e+01	1.567359e+01
2.030000e-06	4.781999e-06	2.108021e-10	3.341861e+01	1.517213e+01
2.040000e-06	4.702674e-06	2.371994e-10	3.286425e+01	1.470504e+01
2.050000e-06	4.621780e-06	2.145281e-10	3.229893e+01	1.438650e+01
2.060000e-06	4.539466e-06	2.379850e-10	3.172369e+01	1.425167e+01
2.070000e-06	4.455582e-06	2.033775e-10	3.113747e+01	1.423407e+01
2.080000e-06	4.369906e-06	2.077498e-10	3.053874e+01	1.420297e+01
2.090000e-06	4.282606e-06	2.202191e-10	2.992865e+01	1.403853e+01
2.100000e-06	4.193875e-06	2.108527e-10	2.930856e+01	1.369893e+01
2.110000e-06	4.103772e-06	2.144114e-10	2.867888e+01	1.323903e+01
2.120000e-06	4.012373e-06	1.756137e-10	2.804014e+01	1.277179e+01
2.130000e-06	3.919424e-06	1.907041e-10	2.739057e+01	1.239905e+01
2.140000e-06	3.824954e-06	1.830068e-10	2.673038e+01	1.215575e+01
2.150000e-06	3.729145e-06	1.895409e-10	2.606083e+01	1.199954e+01
2.160000e-06	3.632001e-06	1.794821e-10	2.538194e+01	1.184671e+01
2.170000e-06	3.533661e-06	1.661174e-10	2.469470e+01	1.162636e+01
2.180000e-06	3.434199e-06	1.755887e-10	2.399962e+01	1.131698e+01
2.190000e-06	3.333400e-06	1.689642e-10	2.329520e+01	1.094622e+01
2.200000e-06	3.231221e-06	1.675728e-10	2.258113e+01	1.056085e+01
2.210000e-06	3.127891e-06	1.410691e-10	2.185901e+01	1.019258e+01
2.220000e-06	3.023486e-06	1.395679e-10	2.112939e+01	9.842920e+00
2.230000e-06	2.918072e-06	1.410654e-10	2.039271e+01	9.493224e+00
2.240000e-06	2.811706e-06	1.406899e-10	1.964938e+01	9.127014e+00
2.250000e-06	2.704512e-06	1.344369e-10	1.890026e+01	8.745341e+00
2.260000e-06	2.596391e-06	1.208458e-10	1.814467e+01	8.364749e+00
2.270000e-06	2.487296e-06	1.235652e-10	1.738226e+01	8.002372e+00
2.280000e-06	2.377359e-06	1.236476e-10	1.661398e+01	7.661823e+00
2.290000e-06	2.266481e-06	1.170096e-10	1.583912e+01	7.330683e+00
2.300000e-06	2.154740e-06	9.878032e-11	1.505822e+01	6.989571e+00
2.310000e-06	2.042224e-06	8.860711e-11	1.427192e+01	6.623877e+00
2.320000e-06	1.928949e-06	9.028591e-11	1.348030e+01	6.229111e+00
2.330000e-06	1.814894e-06	9.093932e-11	1.268324e+01	5.808292e+00
2.340000e-06	1.700153e-06	8.346577e-11	1.188138e+01	5.367194e+00
2.350000e-06	1.584839e-06	7.210026e-11	1.107552e+01	4.913869e+00
2.360000e-06	1.468849e-06	6.865196e-11	1.026493e+01	4.462485e+00
2.370000e-06	1.352097e-06	6.556049e-11	9.449017e+00	4.034845e+00
2.380000e-06	1.234752e-06	5.638193e-11	8.628967e+00	3.652996e+00
2.390000e-06	1.117046e-06	4.589984e-11	7.806386e+00	3.324165e+00
2.400000e-06	9.989651e-07	4.078306e-11	6.981187e+00	3.028411e+00
2.410000e-06	8.805053e-07	4.478599e-11	6.153340e+00	2.721099e+00
2.420000e-06	7.615956e-07	4.259272e-11	5.322349e+00	2.353529e+00
2.430000e-06	6.423665e-07	3.068238e-11	4.489126e+00	1.901324e+00
2.440000e-06	5.229842e-07	1.704979e-11	3.654833e+00	1.382228e+00
2.450000e-06	4.034617e-07	9.529464e-12	2.819559e+00	8.498961e-01
2.460000e-06	2.837799e-07	9.547036e-12	1.983173e+00	3.656512e-01
2.470000e-06	1.638951e-07	4.650610e-12	1.145368e+00	-3.480668e-02
2.480000e-06	4.399841e-08	-4.311947e-12	3.074793e-01	-3.591583e-01
2.490000e-06	-7.583401e-08	-1.207318e-11	-5.299598e-01	-6.507177e-01
2.500000e-06	-1.956447e-07	-1.549052e-11	-1.367247e+00	-9.621930e-01
2.510000e-06	-3.154284e-07	-2.102938e-11	-2.204346e+00	-1.328955e+00
2.520000e-06	-4.351450e-07	-3.035119e-11	-3.040976e+00	-1.757348e+00
2.530000e-06	-5.546096e-07	-3.882715e-11	-3.875845e+00	-2.230735e+00
2.540000e-06	-6.737652e-07	-4.403994e-11	-4.708554e+00	-2.723506e+00
2.550000e-06	-7.926738e-07	-4.466782e-11	-5.539537e+00	-3.210783e+00
2.560000e-06	-9.113114e-07	-4.937228e-11	-6.368626e+00	-3.669724e+00
2.570000e-06	-1.029519e-06	-5.885226e-11	-7.194713e+00	-4.078742e+00
2.580000e-06	-1.147265e-06	-6.890612e-11	-8.017567e+00	-4.423520e+00
2.590000e-06	-1.264590e-06	-7.561515e-11	-8.837486e+00	-4.710601e+00
2.600000e-06	-1.381415e-06	-7.987244e-11	-9.653910e+00	-4.977733e+00
2.610000e-06	-1.497711e-06	-8.605219e-11	-1.046663e+01	-5.286620e+00
2.620000e-06	-1.613283e-06	-9.323231e-11	-1.127430e+01	-5.693890e+00
2.630000e-06	-1.727996e-06	-9.787300e-11	-1.207596e+01	-6.213927e+00
2.640000e-06	-1.841956e-06	-1.019411e-10	-1.287236e+01	-6.798698e+00
2.650000e-06	-1.955267e-06	-1.089888e-10	-1.366422e+01	-7.353589e+00
2.660000e-06	-2.067776e-06	-1.180229e-10	-1.445049e+01	-7.786073e+00
2.670000e-06	-2.179324e-06	-1.275591e-10	-1.523003e+01	-8.060199e+00
2.680000e-06	-2.289948e-06	-1.322495e-10	-1.600312e+01	-8.222169e+00
2.690000e-06	-2.399716e-06	-1.313821e-10	-1.677022e+01	-8.378070e+00
2.700000e-06	-2.508709e-06	-1.327326e-10	-1.753191e+01	-8.634907e+00
2.710000e-06	-2.616905e-06	-1.382750e-10	-1.828803e+01	-9.040298e+00
2.720000e-06	-2.724259e-06	-1.438983e-10	-1.903827e+01	-9.557538e+00
2.730000e-06	-2.830712e-06	-1.479850e-10	-1.978220e+01	-1.009010e+01
2.740000e-06	-2.936310e-06	-1.552456e-10	-2.052016e+01	-1.053831e+01
2.750000e-06	-3.040986e-06	-1.648871e-10	-2.125168e+01	-1.085221e+01
2.760000e-06	-3.144466e-06	-1.714612e-10	-2.197485e+01	-1.105026e+01
2.770000e-06	-3.246716e-06	-1.737258e-10	-2.268941e+01	-1.119823e+01
2.780000e-06	-3.347795e-06	-1.721516e-10	-2.339579e+01	-1.136751e+01
2.790000e-06	-3.447654e-06	-1.729379e-10	-2.409365e+01	-1.160133e+01
2.800000e-06	-3.546258e-06	-1.787502e-10	-2.478273e+01	-1.190563e+01
2.810000e-06	-3.643625e-06	-1.848709e-10	-2.546318e+01	-1.226134e+01
2.820000e-06	-3.739817e-06	-1.899750e-10	-2.613541e+01	-1.264136e+01
2.830000e-06	-3.834821e-06	-1.963134e-10	-2.679934e+01	-1.301855e+01
2.840000e-06	-3.928431e-06	-2.032757e-10	-2.745353e+01	-1.336454e+01
2.850000e-06	-4.020428e-06	-2.086584e-10	-2.809643e+01	-1.365035e+01
2.860000e-06	-4.110894e-06	-2.096909e-10	-2.872865e+01	-1.385774e+01
2.870000e-06	-4.200063e-06	-2.092876e-10	-2.935180e+01	-1.399734e+01
2.880000e-06	-4.287904e-06	-2.127943e-10	-2.996567e+01	-1.411754e+01
2.890000e-06	-4.374132e-06	-2.182117e-10	-3.056827e+01	-1.428961e+01
2.900000e-06	-4.458628e-06	-2.223024e-10	-3.115876e+01	-1.457081e+01
2.910000e-06	-4.541543e-06	-2.260395e-10	-3.173821e+01	-1.496614e+01
2.920000e-06	-4.623024e-06	-2.323836e-10	-3.230763e+01	-1.541612e+01
2.930000e-06	-4.702994e-06	-2.391332e-10	-3.286650e+01	-1.582376e+01
2.940000e-06	-4.781034e-06	-2.433592e-10	-3.341187e+01	-1.610799e+01
2.950000e-06	-4.857021e-06	-2.461798e-10	-3.394290e+01	-1.625113e+01
2.960000e-06	-4.931169e-06	-2.488385e-10	-3.446107e+01	-1.630940e+01
2.970000e-06	-5.003592e-06	-2.515045e-10	-3.496720e+01	-1.637900e+01
2.980000e-06	-5.074206e-06	-2.544780e-10	-3.546067e+01	-1.653952e+01
2.990000e-06	-5.142852e-06	-2.579061e-10	-3.594040e+01	-1.681066e+01
3.000000e-06	-5.209663e-06	-2.624970e-10	-3.640731e+01	-1.714867e+01
3.010000e-06	-5.274721e-06	-2.669507e-10	-3.686196e+01	-1.748121e+01
3.020000e-06	-5.337985e-06	-2.695445e-10	-3.730407e+01	-1.775412e+01
3.030000e-06	-5.399241e-06	-2.715898e-10	-3.773216e+01	-1.795863e+01
3.040000e-06	-5.458454e-06	-2.744131e-10	-3.814596e+01	-1.812416e+01
3.050000e-06	-5.515885e-06	-2.775818e-10	-3.854731e+01	-1.828779e+01
3.060000e-06	-5.571535e-06	-2.796915e-10	-3.893622e+01	-1.846654e+01
3.070000e-06	-5.625022e-06	-2.837326e-10	-3.931001e+01	-1.865299e+01
3.080000e-06	-5.676130e-06	-2.880412e-10	-3.966717e+01	-1.883413e+01
3.090000e-06	-5.724868e-06	-2.922706e-10	-4.000777e+01	-1.901388e+01
3.100000e-06	-5.771288e-06	-2.971876e-10	-4.033218e+01	-1.921765e+01
3.110000e-06	-5.815761e-06	-3.013494e-10	-4.064297e+01	-1.947261e+01
3.120000e-06	-5.858469e-06	-3.055397e-10	-4.094144e+01	-1.977836e+01
3.130000e-06	-5.899308e-06	-3.077278e-10	-4.122684e+01	-2.009271e+01
3.140000e-06	-5.938115e-06	-3.078456e-10	-4.149804e+01	-2.034777e+01
3.150000e-06	-5.974734e-06	-3.092289e-10	-4.175394e+01	-2.048928e+01
3.160000e-06	-6.009243e-06	-3.123615e-10	-4.199511e+01	-2.051407e+01
3.170000e-06	-6.041723e-06	-3.156132e-10	-4.222209e+01	-2.047938e+01
3.180000e-06	-6.072035e-06	-3.184102e-10	-4.243392e+01	-2.047533e+01
3.190000e-06	-6.100093e-06	-3.209448e-10	-4.263001e+01	-2.057572e+01
3.200000e-06	-6.126010e-06	-3.240275e-10	-4.281112e+01	-2.079662e+01
3.210000e-06	-6.149876e-06	-3.287918e-10	-4.297791e+01	-2.108679e+01
3.220000e-06	-6.171488e-06	-3.315954e-10	-4.312894e+01	-2.135465e+01
3.230000e-06	-6.190812e-06	-3.314464e-10	-4.326399e+01	-2.151498e+01
3.240000e-06	-6.208078e-06	-3.300674e-10	-4.338465e+01	-2.152945e+01
3.250000e-06	-6.223184e-06	-3.292498e-10	-4.349022e+01	-2.142108e+01
3.260000e-06	-6.235776e-06	-3.320374e-10	-4.357821e+01	-2.125923e+01
3.270000e-06	-6.245938e-06	-3.358091e-10	-4.364923e+01	-2.112649e+01
3.280000e-06	-6.253995e-06	-3.377446e-10	-4.370554e+01	-2.108471e+01
3.290000e-06	-6.259825e-06	-3.359780e-10	-4.374628e+01	-2.115377e+01
3.300000e-06	-6.263389e-06	-3.353042e-10	-4.377119e+01	-2.130846e+01
3.310000e-06	-6.264898e-06	-3.358388e-10	-4.378173e+01	-2.149122e+01
3.320000e-06	-6.264296e-06	-3.337554e-10	-4.377752e+01	-2.163501e+01
