# Temperatura_=_20.0
# Concentracion g/m^3_=_10000.0
# C_Vs_to_Am_M_A/Vsm_=_65563218390.804596
# pendiente_HvsI_1/m_=_3716.3
# ordenada_HvsI_A/m_=_1297.0
# frecuencia_Hz_=_301308.6307919526

Tiempo_(s)	Campo_(V.s)	Magnetizacion_(V.s)	Campo_(kA/m)	Magnetizacion_(A/m)
0.000000e+00	-7.314828e-06	-1.098524e-08	-5.140141e+01	-7.191934e+02
1.000000e-08	-7.312334e-06	-1.098364e-08	-5.138389e+01	-7.189241e+02
2.000000e-08	-7.307356e-06	-1.097791e-08	-5.134890e+01	-7.185435e+02
3.000000e-08	-7.300109e-06	-1.097017e-08	-5.129798e+01	-7.181305e+02
4.000000e-08	-7.290366e-06	-1.096054e-08	-5.122951e+01	-7.177316e+02
5.000000e-08	-7.278009e-06	-1.095107e-08	-5.114268e+01	-7.173439e+02
6.000000e-08	-7.262912e-06	-1.094173e-08	-5.103660e+01	-7.169262e+02
7.000000e-08	-7.245231e-06	-1.092631e-08	-5.091235e+01	-7.164294e+02
8.000000e-08	-7.225396e-06	-1.092440e-08	-5.077297e+01	-7.158238e+02
9.000000e-08	-7.203098e-06	-1.094626e-08	-5.061628e+01	-7.151082e+02
1.000000e-07	-7.177760e-06	-1.093142e-08	-5.043823e+01	-7.142963e+02
1.100000e-07	-7.149489e-06	-1.089777e-08	-5.023957e+01	-7.133956e+02
1.200000e-07	-7.118812e-06	-1.088808e-08	-5.002401e+01	-7.123956e+02
1.300000e-07	-7.085855e-06	-1.085997e-08	-4.979242e+01	-7.112776e+02
1.400000e-07	-7.050701e-06	-1.080994e-08	-4.954539e+01	-7.100370e+02
1.500000e-07	-7.013655e-06	-1.084116e-08	-4.928506e+01	-7.087012e+02
1.600000e-07	-6.974384e-06	-1.080780e-08	-4.900911e+01	-7.073253e+02
1.700000e-07	-6.932545e-06	-1.073819e-08	-4.871510e+01	-7.059616e+02
1.800000e-07	-6.888148e-06	-1.077418e-08	-4.840312e+01	-7.046207e+02
1.900000e-07	-6.841245e-06	-1.074290e-08	-4.807354e+01	-7.032484e+02
2.000000e-07	-6.791814e-06	-1.072163e-08	-4.772618e+01	-7.017383e+02
2.100000e-07	-6.739527e-06	-1.070053e-08	-4.735876e+01	-6.999775e+02
2.200000e-07	-6.684619e-06	-1.064496e-08	-4.697292e+01	-6.979026e+02
2.300000e-07	-6.627319e-06	-1.061959e-08	-4.657027e+01	-6.955346e+02
2.400000e-07	-6.567547e-06	-1.056291e-08	-4.615026e+01	-6.929734e+02
2.500000e-07	-6.505444e-06	-1.053461e-08	-4.571386e+01	-6.903514e+02
2.600000e-07	-6.440996e-06	-1.049878e-08	-4.526098e+01	-6.877708e+02
2.700000e-07	-6.374137e-06	-1.044053e-08	-4.479116e+01	-6.852539e+02
2.800000e-07	-6.304960e-06	-1.042810e-08	-4.430505e+01	-6.827325e+02
2.900000e-07	-6.233524e-06	-1.039655e-08	-4.380307e+01	-6.800791e+02
3.000000e-07	-6.159701e-06	-1.035437e-08	-4.328431e+01	-6.771647e+02
3.100000e-07	-6.083443e-06	-1.028708e-08	-4.274845e+01	-6.739174e+02
3.200000e-07	-6.004737e-06	-1.022768e-08	-4.219538e+01	-6.703552e+02
3.300000e-07	-5.923573e-06	-1.016873e-08	-4.162504e+01	-6.665776e+02
3.400000e-07	-5.840365e-06	-1.009969e-08	-4.104033e+01	-6.627204e+02
3.500000e-07	-5.755365e-06	-1.005467e-08	-4.044304e+01	-6.588911e+02
3.600000e-07	-5.668487e-06	-9.997042e-09	-3.983255e+01	-6.551147e+02
3.700000e-07	-5.579686e-06	-9.957984e-09	-3.920854e+01	-6.513160e+02
3.800000e-07	-5.488790e-06	-9.906979e-09	-3.856981e+01	-6.473492e+02
3.900000e-07	-5.395846e-06	-9.830416e-09	-3.791669e+01	-6.430655e+02
4.000000e-07	-5.301060e-06	-9.740569e-09	-3.725063e+01	-6.383841e+02
4.100000e-07	-5.204462e-06	-9.649129e-09	-3.657183e+01	-6.333328e+02
4.200000e-07	-5.105923e-06	-9.571668e-09	-3.587940e+01	-6.280308e+02
4.300000e-07	-5.005468e-06	-9.496333e-09	-3.517350e+01	-6.226238e+02
4.400000e-07	-4.903250e-06	-9.425586e-09	-3.445521e+01	-6.172025e+02
4.500000e-07	-4.799318e-06	-9.349747e-09	-3.372488e+01	-6.117526e+02
4.600000e-07	-4.693569e-06	-9.272327e-09	-3.298178e+01	-6.061643e+02
4.700000e-07	-4.586005e-06	-9.179261e-09	-3.222593e+01	-6.002958e+02
4.800000e-07	-4.476874e-06	-9.068791e-09	-3.145906e+01	-5.940521e+02
4.900000e-07	-4.366244e-06	-8.954039e-09	-3.068167e+01	-5.874317e+02
5.000000e-07	-4.254059e-06	-8.844215e-09	-2.989334e+01	-5.805139e+02
5.100000e-07	-4.140069e-06	-8.744217e-09	-2.909233e+01	-5.733975e+02
5.200000e-07	-4.024272e-06	-8.645080e-09	-2.827862e+01	-5.661336e+02
5.300000e-07	-3.907013e-06	-8.534244e-09	-2.745464e+01	-5.586945e+02
5.400000e-07	-3.788444e-06	-8.412127e-09	-2.662146e+01	-5.509984e+02
5.500000e-07	-3.668582e-06	-8.286422e-09	-2.577918e+01	-5.429679e+02
5.600000e-07	-3.547400e-06	-8.154259e-09	-2.492764e+01	-5.345793e+02
5.700000e-07	-3.424798e-06	-8.017278e-09	-2.406611e+01	-5.258675e+02
5.800000e-07	-3.300862e-06	-7.879781e-09	-2.319521e+01	-5.168848e+02
5.900000e-07	-3.175847e-06	-7.742759e-09	-2.231673e+01	-5.076448e+02
6.000000e-07	-3.049789e-06	-7.600407e-09	-2.143092e+01	-4.980940e+02
6.100000e-07	-2.922697e-06	-7.448454e-09	-2.053784e+01	-4.881342e+02
6.200000e-07	-2.794684e-06	-7.284126e-09	-1.963829e+01	-4.776818e+02
6.300000e-07	-2.665718e-06	-7.111697e-09	-1.873204e+01	-4.667230e+02
6.400000e-07	-2.535586e-06	-6.935740e-09	-1.781760e+01	-4.553249e+02
6.500000e-07	-2.404328e-06	-6.758424e-09	-1.689525e+01	-4.435932e+02
6.600000e-07	-2.272253e-06	-6.576072e-09	-1.596716e+01	-4.316010e+02
6.700000e-07	-2.139507e-06	-6.387956e-09	-1.503435e+01	-4.193345e+02
6.800000e-07	-2.006055e-06	-6.195089e-09	-1.409658e+01	-4.066902e+02
6.900000e-07	-1.871834e-06	-5.993124e-09	-1.315341e+01	-3.935237e+02
7.000000e-07	-1.736910e-06	-5.779807e-09	-1.220529e+01	-3.797181e+02
7.100000e-07	-1.601411e-06	-5.553435e-09	-1.125314e+01	-3.652325e+02
7.200000e-07	-1.465439e-06	-5.319465e-09	-1.029766e+01	-3.501034e+02
7.300000e-07	-1.329056e-06	-5.081738e-09	-9.339297e+00	-3.344031e+02
7.400000e-07	-1.192215e-06	-4.838787e-09	-8.377716e+00	-3.181850e+02
7.500000e-07	-1.054812e-06	-4.584036e-09	-7.412182e+00	-3.014456e+02
7.600000e-07	-9.168262e-07	-4.318366e-09	-6.442552e+00	-2.841195e+02
7.700000e-07	-7.783671e-07	-4.044243e-09	-5.469598e+00	-2.661026e+02
7.800000e-07	-6.396226e-07	-3.758001e-09	-4.494638e+00	-2.472848e+02
7.900000e-07	-5.005888e-07	-3.456154e-09	-3.517645e+00	-2.275773e+02
8.000000e-07	-3.613029e-07	-3.135218e-09	-2.538881e+00	-2.069240e+02
8.100000e-07	-2.218787e-07	-2.800880e-09	-1.559145e+00	-1.853026e+02
8.200000e-07	-8.233591e-08	-2.457772e-09	-5.785757e-01	-1.627162e+02
8.300000e-07	5.729112e-08	-2.104051e-09	4.025856e-01	-1.391789e+02
8.400000e-07	1.969088e-07	-1.732877e-09	1.383681e+00	-1.146961e+02
8.500000e-07	3.363853e-07	-1.342311e-09	2.363784e+00	-8.924637e+01
8.600000e-07	4.756911e-07	-9.360703e-10	3.342688e+00	-6.277486e+01
8.700000e-07	6.147626e-07	-5.155059e-10	4.319946e+00	-3.521006e+01
8.800000e-07	7.535158e-07	-7.895640e-11	5.294967e+00	-6.505291e+00
8.900000e-07	8.919472e-07	3.785606e-10	6.267727e+00	2.330915e+01
9.000000e-07	1.029929e-06	8.545725e-10	7.237330e+00	5.408688e+01
9.100000e-07	1.167286e-06	1.336209e-09	8.202538e+00	8.556051e+01
9.200000e-07	1.304088e-06	1.814907e-09	9.163850e+00	1.173755e+02
9.300000e-07	1.440457e-06	2.293911e-09	1.012211e+01	1.491473e+02
9.400000e-07	1.576430e-06	2.771783e-09	1.107760e+01	1.805158e+02
9.500000e-07	1.711944e-06	3.242151e-09	1.202985e+01	2.111763e+02
9.600000e-07	1.846836e-06	3.694803e-09	1.297775e+01	2.408831e+02
9.700000e-07	1.981012e-06	4.126620e-09	1.392060e+01	2.694383e+02
9.800000e-07	2.114470e-06	4.540646e-09	1.485841e+01	2.966831e+02
9.900000e-07	2.247218e-06	4.936859e-09	1.579123e+01	3.225005e+02
1.000000e-06	2.379309e-06	5.310430e-09	1.671944e+01	3.468253e+02
1.010000e-06	2.510658e-06	5.653819e-09	1.764244e+01	3.696496e+02
1.020000e-06	2.640958e-06	5.972167e-09	1.855805e+01	3.910134e+02
1.030000e-06	2.770044e-06	6.272692e-09	1.946514e+01	4.109847e+02
1.040000e-06	2.898117e-06	6.559530e-09	2.036511e+01	4.296400e+02
1.050000e-06	3.025276e-06	6.827601e-09	2.125866e+01	4.470554e+02
1.060000e-06	3.151384e-06	7.073445e-09	2.214482e+01	4.633099e+02
1.070000e-06	3.276442e-06	7.304796e-09	2.302361e+01	4.784923e+02
1.080000e-06	3.400506e-06	7.523658e-09	2.389541e+01	4.927006e+02
1.090000e-06	3.523391e-06	7.728330e-09	2.475893e+01	5.060302e+02
1.100000e-06	3.644791e-06	7.915783e-09	2.561201e+01	5.185577e+02
1.110000e-06	3.764793e-06	8.089281e-09	2.645526e+01	5.303342e+02
1.120000e-06	3.883554e-06	8.255119e-09	2.728979e+01	5.413927e+02
1.130000e-06	4.000942e-06	8.414627e-09	2.811468e+01	5.517657e+02
1.140000e-06	4.116775e-06	8.565977e-09	2.892864e+01	5.615002e+02
1.150000e-06	4.230795e-06	8.707357e-09	2.972986e+01	5.706581e+02
1.160000e-06	4.343094e-06	8.841122e-09	3.051899e+01	5.793018e+02
1.170000e-06	4.453898e-06	8.969441e-09	3.129761e+01	5.874776e+02
1.180000e-06	4.563234e-06	9.091104e-09	3.206592e+01	5.952097e+02
1.190000e-06	4.671128e-06	9.199673e-09	3.282409e+01	6.025101e+02
1.200000e-06	4.777243e-06	9.298540e-09	3.356976e+01	6.093963e+02
1.210000e-06	4.881490e-06	9.395977e-09	3.430231e+01	6.159023e+02
1.220000e-06	4.984089e-06	9.492596e-09	3.502327e+01	6.220731e+02
1.230000e-06	5.085019e-06	9.583866e-09	3.573250e+01	6.279471e+02
1.240000e-06	5.184024e-06	9.668110e-09	3.642822e+01	6.335409e+02
1.250000e-06	5.280937e-06	9.746568e-09	3.710923e+01	6.388492e+02
1.260000e-06	5.375946e-06	9.824466e-09	3.777685e+01	6.438632e+02
1.270000e-06	5.469236e-06	9.899609e-09	3.843240e+01	6.485911e+02
1.280000e-06	5.560677e-06	9.967192e-09	3.907497e+01	6.530668e+02
1.290000e-06	5.650055e-06	1.002879e-08	3.970302e+01	6.573368e+02
1.300000e-06	5.737381e-06	1.008615e-08	4.031667e+01	6.614354e+02
1.310000e-06	5.822775e-06	1.014661e-08	4.091673e+01	6.653672e+02
1.320000e-06	5.906248e-06	1.020689e-08	4.150330e+01	6.691116e+02
1.330000e-06	5.987637e-06	1.026023e-08	4.207522e+01	6.726490e+02
1.340000e-06	6.066829e-06	1.030780e-08	4.263170e+01	6.759865e+02
1.350000e-06	6.143850e-06	1.035551e-08	4.317293e+01	6.791642e+02
1.360000e-06	6.218439e-06	1.040555e-08	4.369707e+01	6.822326e+02
1.370000e-06	6.290582e-06	1.045141e-08	4.420401e+01	6.852158e+02
1.380000e-06	6.360542e-06	1.049247e-08	4.469563e+01	6.880881e+02
1.390000e-06	6.428321e-06	1.053041e-08	4.517191e+01	6.907839e+02
1.400000e-06	6.493773e-06	1.056783e-08	4.563184e+01	6.932405e+02
1.410000e-06	6.556879e-06	1.060447e-08	4.607529e+01	6.954462e+02
1.420000e-06	6.617835e-06	1.063510e-08	4.650363e+01	6.974603e+02
1.430000e-06	6.676439e-06	1.066316e-08	4.691544e+01	6.993885e+02
1.440000e-06	6.732628e-06	1.069381e-08	4.731028e+01	7.013241e+02
1.450000e-06	6.786424e-06	1.072597e-08	4.768831e+01	7.032906e+02
1.460000e-06	6.837414e-06	1.075582e-08	4.804662e+01	7.052228e+02
1.470000e-06	6.885587e-06	1.078039e-08	4.838513e+01	7.070009e+02
1.480000e-06	6.931349e-06	1.079864e-08	4.870670e+01	7.085184e+02
1.490000e-06	6.974760e-06	1.081519e-08	4.901175e+01	7.097466e+02
1.500000e-06	7.015585e-06	1.083130e-08	4.929862e+01	7.107556e+02
1.510000e-06	7.053944e-06	1.084514e-08	4.956817e+01	7.116808e+02
1.520000e-06	7.089976e-06	1.085884e-08	4.982137e+01	7.126526e+02
1.530000e-06	7.123420e-06	1.087663e-08	5.005638e+01	7.137297e+02
1.540000e-06	7.154314e-06	1.089765e-08	5.027347e+01	7.148706e+02
1.550000e-06	7.182816e-06	1.091458e-08	5.047376e+01	7.159581e+02
1.560000e-06	7.208645e-06	1.092354e-08	5.065526e+01	7.168612e+02
1.570000e-06	7.231802e-06	1.092762e-08	5.081799e+01	7.175013e+02
1.580000e-06	7.252637e-06	1.093258e-08	5.096439e+01	7.178887e+02
1.590000e-06	7.271044e-06	1.093826e-08	5.109374e+01	7.181141e+02
1.600000e-06	7.286755e-06	1.094268e-08	5.120414e+01	7.183002e+02
1.610000e-06	7.299696e-06	1.094568e-08	5.129508e+01	7.185418e+02
1.620000e-06	7.309775e-06	1.095007e-08	5.136591e+01	7.188624e+02
1.630000e-06	7.317107e-06	1.095749e-08	5.141742e+01	7.192091e+02
1.640000e-06	7.321946e-06	1.096302e-08	5.145143e+01	7.194837e+02
1.650000e-06	7.324169e-06	1.096177e-08	5.146705e+01	7.195943e+02
1.660000e-06	7.323792e-06	1.095567e-08	5.146440e+01	7.194997e+02
1.670000e-06	7.321131e-06	1.094950e-08	5.144570e+01	7.192249e+02
1.680000e-06	7.316082e-06	1.094790e-08	5.141022e+01	7.188419e+02
1.690000e-06	7.308499e-06	1.094440e-08	5.135694e+01	7.184289e+02
1.700000e-06	7.298550e-06	1.093679e-08	5.128703e+01	7.180307e+02
1.710000e-06	7.286037e-06	1.093094e-08	5.119910e+01	7.176427e+02
1.720000e-06	7.270911e-06	1.093681e-08	5.109280e+01	7.172229e+02
1.730000e-06	7.253609e-06	1.094580e-08	5.097122e+01	7.167225e+02
1.740000e-06	7.234120e-06	1.090042e-08	5.083427e+01	7.161129e+02
1.750000e-06	7.211590e-06	1.087032e-08	5.067595e+01	7.153935e+02
1.760000e-06	7.185445e-06	1.087200e-08	5.049223e+01	7.145784e+02
1.770000e-06	7.156114e-06	1.085478e-08	5.028612e+01	7.136743e+02
1.780000e-06	7.124461e-06	1.085718e-08	5.006370e+01	7.126704e+02
1.790000e-06	7.091163e-06	1.087013e-08	4.982971e+01	7.115479e+02
1.800000e-06	7.056372e-06	1.079316e-08	4.958524e+01	7.103031e+02
1.810000e-06	7.019299e-06	1.080559e-08	4.932472e+01	7.089648e+02
1.820000e-06	6.979467e-06	1.082063e-08	4.904482e+01	7.075885e+02
1.830000e-06	6.937445e-06	1.074426e-08	4.874953e+01	7.062259e+02
1.840000e-06	6.892918e-06	1.076142e-08	4.843664e+01	7.048851e+02
1.850000e-06	6.845754e-06	1.069403e-08	4.810522e+01	7.035098e+02
1.860000e-06	6.796138e-06	1.067196e-08	4.775657e+01	7.019925e+02
1.870000e-06	6.743615e-06	1.069049e-08	4.738749e+01	7.002212e+02
1.880000e-06	6.688512e-06	1.062668e-08	4.700028e+01	6.981348e+02
1.890000e-06	6.631121e-06	1.062072e-08	4.659699e+01	6.957578e+02
1.900000e-06	6.571351e-06	1.054963e-08	4.617699e+01	6.931921e+02
1.910000e-06	6.509115e-06	1.053206e-08	4.573965e+01	6.905702e+02
1.920000e-06	6.444343e-06	1.052559e-08	4.528449e+01	6.879919e+02
1.930000e-06	6.377379e-06	1.042898e-08	4.481394e+01	6.854765e+02
1.940000e-06	6.308002e-06	1.040871e-08	4.432643e+01	6.829528e+02
1.950000e-06	6.236230e-06	1.034260e-08	4.382208e+01	6.802920e+02
1.960000e-06	6.162217e-06	1.032595e-08	4.330200e+01	6.773664e+02
1.970000e-06	6.085580e-06	1.027663e-08	4.276347e+01	6.741070e+02
1.980000e-06	6.006532e-06	1.020543e-08	4.220799e+01	6.705349e+02
1.990000e-06	5.925411e-06	1.017649e-08	4.163796e+01	6.667521e+02
2.000000e-06	5.842400e-06	1.010194e-08	4.105464e+01	6.628944e+02
2.010000e-06	5.757292e-06	1.007628e-08	4.045658e+01	6.590671e+02
2.020000e-06	5.669922e-06	9.982712e-09	3.984263e+01	6.552917e+02
2.030000e-06	5.580614e-06	9.904861e-09	3.921506e+01	6.514897e+02
2.040000e-06	5.489488e-06	9.840703e-09	3.857472e+01	6.475139e+02
2.050000e-06	5.396367e-06	9.788995e-09	3.792035e+01	6.432167e+02
2.060000e-06	5.301184e-06	9.752375e-09	3.725150e+01	6.385210e+02
2.070000e-06	5.204162e-06	9.660537e-09	3.656973e+01	6.334582e+02
2.080000e-06	5.105416e-06	9.587304e-09	3.587584e+01	6.281500e+02
2.090000e-06	5.004830e-06	9.492969e-09	3.516902e+01	6.227415e+02
2.100000e-06	4.902261e-06	9.415665e-09	3.444826e+01	6.173200e+02
2.110000e-06	4.797870e-06	9.312144e-09	3.371471e+01	6.118674e+02
2.120000e-06	4.691871e-06	9.213672e-09	3.296985e+01	6.062715e+02
2.130000e-06	4.584365e-06	9.134953e-09	3.221440e+01	6.003907e+02
2.140000e-06	4.475291e-06	9.060678e-09	3.144794e+01	5.941329e+02
2.150000e-06	4.364488e-06	8.978229e-09	3.066932e+01	5.875001e+02
2.160000e-06	4.252037e-06	8.856410e-09	2.987913e+01	5.805736e+02
2.170000e-06	4.137990e-06	8.737491e-09	2.907772e+01	5.734515e+02
2.180000e-06	4.022322e-06	8.623190e-09	2.826492e+01	5.661822e+02
2.190000e-06	3.904954e-06	8.520275e-09	2.744017e+01	5.587354e+02
2.200000e-06	3.785916e-06	8.400247e-09	2.660369e+01	5.510285e+02
2.210000e-06	3.665517e-06	8.273667e-09	2.575764e+01	5.429852e+02
2.220000e-06	3.543905e-06	8.148251e-09	2.490307e+01	5.345841e+02
2.230000e-06	3.421090e-06	8.028145e-09	2.404005e+01	5.258618e+02
2.240000e-06	3.297131e-06	7.895449e-09	2.316899e+01	5.168700e+02
2.250000e-06	3.171985e-06	7.742613e-09	2.228959e+01	5.076202e+02
2.260000e-06	3.045514e-06	7.586623e-09	2.140087e+01	4.980565e+02
2.270000e-06	2.917887e-06	7.438243e-09	2.050404e+01	4.880802e+02
2.280000e-06	2.789288e-06	7.291815e-09	1.960037e+01	4.776094e+02
2.290000e-06	2.659775e-06	7.126521e-09	1.869028e+01	4.666332e+02
2.300000e-06	2.529431e-06	6.948204e-09	1.777435e+01	4.552214e+02
2.310000e-06	2.398281e-06	6.769174e-09	1.685276e+01	4.434795e+02
2.320000e-06	2.266349e-06	6.593863e-09	1.592567e+01	4.314783e+02
2.330000e-06	2.133624e-06	6.409422e-09	1.499301e+01	4.192004e+02
2.340000e-06	1.999992e-06	6.209361e-09	1.405397e+01	4.065400e+02
2.350000e-06	1.865410e-06	6.002296e-09	1.310827e+01	3.933523e+02
2.360000e-06	1.730134e-06	5.798633e-09	1.215768e+01	3.795225e+02
2.370000e-06	1.594339e-06	5.587820e-09	1.120344e+01	3.650130e+02
2.380000e-06	1.458060e-06	5.358367e-09	1.024581e+01	3.498621e+02
2.390000e-06	1.321340e-06	5.112852e-09	9.285078e+00	3.341426e+02
2.400000e-06	1.184147e-06	4.863200e-09	8.321020e+00	3.179063e+02
2.410000e-06	1.046544e-06	4.610966e-09	7.354079e+00	3.011473e+02
2.420000e-06	9.085889e-07	4.347345e-09	6.384669e+00	2.837985e+02
2.430000e-06	7.702704e-07	4.067413e-09	5.412702e+00	2.657547e+02
2.440000e-06	6.316616e-07	3.777174e-09	4.438696e+00	2.469065e+02
2.450000e-06	4.928600e-07	3.481671e-09	3.463335e+00	2.271659e+02
2.460000e-06	3.539051e-07	3.173138e-09	2.486896e+00	2.064781e+02
2.470000e-06	2.147996e-07	2.844011e-09	1.509400e+00	1.848221e+02
2.480000e-06	7.560420e-08	2.493688e-09	5.312719e-01	1.622015e+02
2.490000e-06	-6.355780e-08	2.132234e-09	-4.466217e-01	1.386303e+02
2.500000e-06	-2.026941e-07	1.762266e-09	-1.424335e+00	1.141135e+02
2.510000e-06	-3.417860e-07	1.376592e-09	-2.401736e+00	8.862842e+01
2.520000e-06	-4.807525e-07	9.689211e-10	-3.378255e+00	6.211905e+01
2.530000e-06	-6.195462e-07	5.437470e-10	-4.353561e+00	3.451400e+01
2.540000e-06	-7.580919e-07	1.081717e-10	-5.327124e+00	5.768423e+00
2.550000e-06	-8.963157e-07	-3.388019e-10	-6.298424e+00	-2.408374e+01
2.560000e-06	-1.034149e-06	-8.052253e-10	-7.266981e+00	-5.489162e+01
2.570000e-06	-1.171608e-06	-1.291876e-09	-8.232910e+00	-8.638396e+01
2.580000e-06	-1.308707e-06	-1.783239e-09	-9.196303e+00	-1.182041e+02
2.590000e-06	-1.445292e-06	-2.266977e-09	-1.015609e+01	-1.499674e+02
2.600000e-06	-1.581320e-06	-2.742716e-09	-1.111196e+01	-1.813156e+02
2.610000e-06	-1.716936e-06	-3.212079e-09	-1.206494e+01	-2.119459e+02
2.620000e-06	-1.852098e-06	-3.668552e-09	-1.301472e+01	-2.416148e+02
2.630000e-06	-1.986570e-06	-4.105082e-09	-1.395966e+01	-2.701258e+02
2.640000e-06	-2.120081e-06	-4.517358e-09	-1.489784e+01	-2.973214e+02
2.650000e-06	-2.252570e-06	-4.908703e-09	-1.582884e+01	-3.230863e+02
2.660000e-06	-2.384278e-06	-5.282289e-09	-1.675436e+01	-3.473574e+02
2.670000e-06	-2.515307e-06	-5.635746e-09	-1.767510e+01	-3.701286e+02
2.680000e-06	-2.645514e-06	-5.965072e-09	-1.859007e+01	-3.914414e+02
2.690000e-06	-2.774780e-06	-6.268474e-09	-1.949842e+01	-4.113645e+02
2.700000e-06	-2.903066e-06	-6.550806e-09	-2.039989e+01	-4.299743e+02
2.710000e-06	-3.030488e-06	-6.815930e-09	-2.129528e+01	-4.473468e+02
2.720000e-06	-3.156918e-06	-7.063469e-09	-2.218371e+01	-4.635614e+02
2.730000e-06	-3.282004e-06	-7.293482e-09	-2.306269e+01	-4.787074e+02
2.740000e-06	-3.405855e-06	-7.508883e-09	-2.393299e+01	-4.928828e+02
2.750000e-06	-3.528537e-06	-7.713057e-09	-2.479509e+01	-5.061826e+02
2.760000e-06	-3.649913e-06	-7.909383e-09	-2.564800e+01	-5.186826e+02
2.770000e-06	-3.769997e-06	-8.092784e-09	-2.649183e+01	-5.304330e+02
2.780000e-06	-3.888716e-06	-8.260370e-09	-2.732607e+01	-5.414664e+02
2.790000e-06	-4.005815e-06	-8.415441e-09	-2.814893e+01	-5.518157e+02
2.800000e-06	-4.121300e-06	-8.562311e-09	-2.896044e+01	-5.615286e+02
2.810000e-06	-4.235234e-06	-8.701324e-09	-2.976105e+01	-5.706672e+02
2.820000e-06	-4.347240e-06	-8.829645e-09	-3.054812e+01	-5.792936e+02
2.830000e-06	-4.457394e-06	-8.949891e-09	-3.132218e+01	-5.874533e+02
2.840000e-06	-4.566070e-06	-9.067221e-09	-3.208585e+01	-5.951698e+02
2.850000e-06	-4.673331e-06	-9.182186e-09	-3.283957e+01	-6.024550e+02
2.860000e-06	-4.779158e-06	-9.289713e-09	-3.358322e+01	-6.093270e+02
2.870000e-06	-4.883376e-06	-9.389085e-09	-3.431556e+01	-6.158203e+02
2.880000e-06	-4.985731e-06	-9.482887e-09	-3.503481e+01	-6.219800e+02
2.890000e-06	-5.086120e-06	-9.573011e-09	-3.574024e+01	-6.278439e+02
2.900000e-06	-5.184709e-06	-9.657814e-09	-3.643303e+01	-6.334277e+02
2.910000e-06	-5.281619e-06	-9.736471e-09	-3.711402e+01	-6.387257e+02
2.920000e-06	-5.376767e-06	-9.811389e-09	-3.778263e+01	-6.437291e+02
2.930000e-06	-5.469889e-06	-9.884393e-09	-3.843700e+01	-6.484473e+02
2.940000e-06	-5.561056e-06	-9.954921e-09	-3.907763e+01	-6.529149e+02
2.950000e-06	-5.650410e-06	-1.002261e-08	-3.970552e+01	-6.571784e+02
2.960000e-06	-5.737756e-06	-1.008596e-08	-4.031930e+01	-6.612713e+02
2.970000e-06	-5.822897e-06	-1.014579e-08	-4.091759e+01	-6.651968e+02
2.980000e-06	-5.905946e-06	-1.020536e-08	-4.150118e+01	-6.689342e+02
2.990000e-06	-5.987115e-06	-1.026032e-08	-4.207155e+01	-6.724641e+02
3.000000e-06	-6.066176e-06	-1.030981e-08	-4.262711e+01	-6.757951e+02
3.010000e-06	-6.142801e-06	-1.035579e-08	-4.316555e+01	-6.789681e+02
3.020000e-06	-6.216995e-06	-1.040101e-08	-4.368692e+01	-6.820333e+02
3.030000e-06	-6.288995e-06	-1.044880e-08	-4.419287e+01	-6.850134e+02
3.040000e-06	-6.358705e-06	-1.049524e-08	-4.468272e+01	-6.878806e+02
3.050000e-06	-6.426047e-06	-1.053665e-08	-4.515593e+01	-6.905688e+02
3.060000e-06	-6.491185e-06	-1.057558e-08	-4.561366e+01	-6.930164e+02
3.070000e-06	-6.554023e-06	-1.061064e-08	-4.605522e+01	-6.952138e+02
3.080000e-06	-6.614464e-06	-1.064104e-08	-4.647994e+01	-6.972229e+02
3.090000e-06	-6.672493e-06	-1.066811e-08	-4.688771e+01	-6.991501e+02
3.100000e-06	-6.728205e-06	-1.069311e-08	-4.727920e+01	-7.010870e+02
3.110000e-06	-6.781441e-06	-1.072212e-08	-4.765329e+01	-7.030539e+02
3.120000e-06	-6.831868e-06	-1.075402e-08	-4.800764e+01	-7.049829e+02
3.130000e-06	-6.879431e-06	-1.078460e-08	-4.834187e+01	-7.067532e+02
3.140000e-06	-6.924520e-06	-1.080980e-08	-4.865871e+01	-7.082603e+02
3.150000e-06	-6.967534e-06	-1.082964e-08	-4.896097e+01	-7.094790e+02
3.160000e-06	-7.008326e-06	-1.084832e-08	-4.924762e+01	-7.104826e+02
3.170000e-06	-7.046623e-06	-1.086460e-08	-4.951673e+01	-7.114074e+02
3.180000e-06	-7.082368e-06	-1.087675e-08	-4.976791e+01	-7.123826e+02
3.190000e-06	-7.115708e-06	-1.088756e-08	-5.000219e+01	-7.134633e+02
3.200000e-06	-7.146528e-06	-1.090333e-08	-5.021877e+01	-7.146047e+02
3.210000e-06	-7.174700e-06	-1.092267e-08	-5.041673e+01	-7.156878e+02
3.220000e-06	-7.200373e-06	-1.094143e-08	-5.059713e+01	-7.165824e+02
3.230000e-06	-7.223604e-06	-1.095440e-08	-5.076038e+01	-7.172127e+02
3.240000e-06	-7.244259e-06	-1.096049e-08	-5.090552e+01	-7.175925e+02
3.250000e-06	-7.262391e-06	-1.096460e-08	-5.103293e+01	-7.178145e+02
3.260000e-06	-7.278004e-06	-1.096794e-08	-5.114264e+01	-7.180013e+02
3.270000e-06	-7.290728e-06	-1.096997e-08	-5.123206e+01	-7.182458e+02
3.280000e-06	-7.300662e-06	-1.097175e-08	-5.130186e+01	-7.185687e+02
3.290000e-06	-7.308041e-06	-1.097639e-08	-5.135372e+01	-7.189147e+02
3.300000e-06	-7.312744e-06	-1.098230e-08	-5.138677e+01	-7.191848e+02
3.310000e-06	-7.314908e-06	-1.098547e-08	-5.140197e+01	-7.192885e+02
