# Temperatura_=_20.0
# Concentracion g/m^3_=_10000.0
# C_Vs_to_Am_M_A/Vsm_=_65563218390.804596
# pendiente_HvsI_1/m_=_3716.3
# ordenada_HvsI_A/m_=_1297.0
# frecuencia_Hz_=_301310.31613893557

Tiempo_(s)	Campo_(V.s)	Magnetizacion_(V.s)	Campo_(kA/m)	Magnetizacion_(A/m)
0.000000e+00	-7.334148e-06	-1.100018e-08	-5.140398e+01	-7.200485e+02
1.000000e-08	-7.332376e-06	-1.100013e-08	-5.139157e+01	-7.197793e+02
2.000000e-08	-7.328086e-06	-1.099442e-08	-5.136150e+01	-7.193931e+02
3.000000e-08	-7.321480e-06	-1.098497e-08	-5.131520e+01	-7.189515e+02
4.000000e-08	-7.312447e-06	-1.097577e-08	-5.125189e+01	-7.184848e+02
5.000000e-08	-7.300804e-06	-1.096433e-08	-5.117028e+01	-7.179961e+02
6.000000e-08	-7.286487e-06	-1.095347e-08	-5.106994e+01	-7.174826e+02
7.000000e-08	-7.269542e-06	-1.093576e-08	-5.095117e+01	-7.169494e+02
8.000000e-08	-7.250278e-06	-1.091454e-08	-5.081615e+01	-7.163982e+02
9.000000e-08	-7.228660e-06	-1.095848e-08	-5.066464e+01	-7.158029e+02
1.000000e-07	-7.204207e-06	-1.098630e-08	-5.049324e+01	-7.150971e+02
1.100000e-07	-7.176777e-06	-1.092523e-08	-5.030099e+01	-7.141984e+02
1.200000e-07	-7.146684e-06	-1.088827e-08	-5.009007e+01	-7.130619e+02
1.300000e-07	-7.114238e-06	-1.089221e-08	-4.986267e+01	-7.117298e+02
1.400000e-07	-7.079595e-06	-1.081041e-08	-4.961986e+01	-7.103360e+02
1.500000e-07	-7.042975e-06	-1.076711e-08	-4.936320e+01	-7.090479e+02
1.600000e-07	-7.004168e-06	-1.088573e-08	-4.909120e+01	-7.079732e+02
1.700000e-07	-6.962853e-06	-1.074700e-08	-4.880163e+01	-7.070840e+02
1.800000e-07	-6.919058e-06	-1.072776e-08	-4.849468e+01	-7.062105e+02
1.900000e-07	-6.872759e-06	-1.082079e-08	-4.817018e+01	-7.051140e+02
2.000000e-07	-6.823927e-06	-1.069530e-08	-4.782792e+01	-7.036006e+02
2.100000e-07	-6.772373e-06	-1.071023e-08	-4.746659e+01	-7.016133e+02
2.200000e-07	-6.718129e-06	-1.065354e-08	-4.708640e+01	-6.992492e+02
2.300000e-07	-6.661434e-06	-1.059362e-08	-4.668903e+01	-6.966988e+02
2.400000e-07	-6.602201e-06	-1.058213e-08	-4.627387e+01	-6.941461e+02
2.500000e-07	-6.540530e-06	-1.053203e-08	-4.584163e+01	-6.916867e+02
2.600000e-07	-6.476616e-06	-1.051558e-08	-4.539367e+01	-6.893047e+02
2.700000e-07	-6.410311e-06	-1.044206e-08	-4.492895e+01	-6.869070e+02
2.800000e-07	-6.341618e-06	-1.042699e-08	-4.444749e+01	-6.843828e+02
2.900000e-07	-6.270616e-06	-1.040645e-08	-4.394984e+01	-6.816518e+02
3.000000e-07	-6.197251e-06	-1.035433e-08	-4.343564e+01	-6.786791e+02
3.100000e-07	-6.121416e-06	-1.032073e-08	-4.290412e+01	-6.754671e+02
3.200000e-07	-6.043109e-06	-1.022464e-08	-4.235528e+01	-6.720401e+02
3.300000e-07	-5.962440e-06	-1.019454e-08	-4.178988e+01	-6.684381e+02
3.400000e-07	-5.879661e-06	-1.013327e-08	-4.120969e+01	-6.647137e+02
3.500000e-07	-5.795042e-06	-1.006494e-08	-4.061661e+01	-6.609217e+02
3.600000e-07	-5.708529e-06	-1.001363e-08	-4.001026e+01	-6.570958e+02
3.700000e-07	-5.620035e-06	-9.953607e-09	-3.939002e+01	-6.532235e+02
3.800000e-07	-5.529460e-06	-9.922582e-09	-3.875519e+01	-6.492390e+02
3.900000e-07	-5.436812e-06	-9.851332e-09	-3.810583e+01	-6.450470e+02
4.000000e-07	-5.342221e-06	-9.779286e-09	-3.744285e+01	-6.405681e+02
4.100000e-07	-5.245786e-06	-9.682925e-09	-3.676696e+01	-6.357804e+02
4.200000e-07	-5.147502e-06	-9.608000e-09	-3.607810e+01	-6.307282e+02
4.300000e-07	-5.047308e-06	-9.537718e-09	-3.537585e+01	-6.254917e+02
4.400000e-07	-4.945303e-06	-9.455917e-09	-3.466091e+01	-6.201359e+02
4.500000e-07	-4.841500e-06	-9.376510e-09	-3.393337e+01	-6.146726e+02
4.600000e-07	-4.735952e-06	-9.291494e-09	-3.319360e+01	-6.090586e+02
4.700000e-07	-4.628681e-06	-9.215279e-09	-3.244176e+01	-6.032274e+02
4.800000e-07	-4.519782e-06	-9.119046e-09	-3.167850e+01	-5.971290e+02
4.900000e-07	-4.409342e-06	-9.014358e-09	-3.090445e+01	-5.907502e+02
5.000000e-07	-4.297233e-06	-8.900080e-09	-3.011868e+01	-5.841036e+02
5.100000e-07	-4.183396e-06	-8.795336e-09	-2.932082e+01	-5.771993e+02
5.200000e-07	-4.067906e-06	-8.694513e-09	-2.851136e+01	-5.700269e+02
5.300000e-07	-3.950847e-06	-8.582488e-09	-2.769091e+01	-5.625625e+02
5.400000e-07	-3.832304e-06	-8.458631e-09	-2.686007e+01	-5.547947e+02
5.500000e-07	-3.712335e-06	-8.332658e-09	-2.601922e+01	-5.467452e+02
5.600000e-07	-3.591121e-06	-8.213724e-09	-2.516965e+01	-5.384607e+02
5.700000e-07	-3.468680e-06	-8.087288e-09	-2.431148e+01	-5.299758e+02
5.800000e-07	-3.344878e-06	-7.951893e-09	-2.344377e+01	-5.212720e+02
5.900000e-07	-3.219878e-06	-7.806893e-09	-2.256766e+01	-5.122638e+02
6.000000e-07	-3.093882e-06	-7.663418e-09	-2.168457e+01	-5.028291e+02
6.100000e-07	-2.966799e-06	-7.514696e-09	-2.079387e+01	-4.928691e+02
6.200000e-07	-2.838529e-06	-7.353328e-09	-1.989484e+01	-4.823626e+02
6.300000e-07	-2.709314e-06	-7.181437e-09	-1.898919e+01	-4.713785e+02
6.400000e-07	-2.579257e-06	-7.006176e-09	-1.807764e+01	-4.600378e+02
6.500000e-07	-2.448212e-06	-6.834590e-09	-1.715916e+01	-4.484445e+02
6.600000e-07	-2.316117e-06	-6.658608e-09	-1.623333e+01	-4.366268e+02
6.700000e-07	-2.183137e-06	-6.471964e-09	-1.530129e+01	-4.245183e+02
6.800000e-07	-2.049525e-06	-6.275149e-09	-1.436482e+01	-4.119875e+02
6.900000e-07	-1.915257e-06	-6.074329e-09	-1.342376e+01	-3.988938e+02
7.000000e-07	-1.780168e-06	-5.865810e-09	-1.247694e+01	-3.851400e+02
7.100000e-07	-1.644299e-06	-5.644316e-09	-1.152465e+01	-3.706970e+02
7.200000e-07	-1.507869e-06	-5.409462e-09	-1.056843e+01	-3.555955e+02
7.300000e-07	-1.371001e-06	-5.168285e-09	-9.609150e+00	-3.398974e+02
7.400000e-07	-1.233680e-06	-4.924007e-09	-8.646688e+00	-3.236612e+02
7.500000e-07	-1.095933e-06	-4.670669e-09	-7.681237e+00	-3.069139e+02
7.600000e-07	-9.577919e-07	-4.404904e-09	-6.713025e+00	-2.896343e+02
7.700000e-07	-8.192891e-07	-4.129759e-09	-5.742279e+00	-2.717485e+02
7.800000e-07	-6.804288e-07	-3.848090e-09	-4.769028e+00	-2.531397e+02
7.900000e-07	-5.413062e-07	-3.554412e-09	-3.793937e+00	-2.336741e+02
8.000000e-07	-4.020169e-07	-3.241428e-09	-2.817678e+00	-2.132369e+02
8.100000e-07	-2.625203e-07	-2.907902e-09	-1.839967e+00	-1.917641e+02
8.200000e-07	-1.227768e-07	-2.562941e-09	-8.605249e-01	-1.692557e+02
8.300000e-07	1.706123e-08	-2.208657e-09	1.195797e-01	-1.457585e+02
8.400000e-07	1.567885e-07	-1.840125e-09	1.098908e+00	-1.213248e+02
8.500000e-07	2.964217e-07	-1.453228e-09	2.077577e+00	-9.597025e+01
8.600000e-07	4.358980e-07	-1.047323e-09	3.055146e+00	-6.965366e+01
8.700000e-07	5.751550e-07	-6.277700e-10	4.031178e+00	-4.229463e+01
8.800000e-07	7.141891e-07	-1.957799e-10	5.005648e+00	-1.382244e+01
8.900000e-07	8.529095e-07	2.545780e-10	5.977919e+00	1.576654e+01
9.000000e-07	9.912746e-07	7.262609e-10	6.947701e+00	4.636854e+01
9.100000e-07	1.129264e-06	1.209088e-09	7.914845e+00	7.776408e+01
9.200000e-07	1.266832e-06	1.692795e-09	8.879045e+00	1.096395e+02
9.300000e-07	1.403965e-06	2.175404e-09	9.840191e+00	1.416250e+02
9.400000e-07	1.540652e-06	2.656396e-09	1.079821e+01	1.733336e+02
9.500000e-07	1.676769e-06	3.131889e-09	1.175223e+01	2.043963e+02
9.600000e-07	1.812188e-06	3.591268e-09	1.270137e+01	2.344905e+02
9.700000e-07	1.946896e-06	4.027568e-09	1.364551e+01	2.633650e+02
9.800000e-07	2.080893e-06	4.442469e-09	1.458468e+01	2.908573e+02
9.900000e-07	2.214213e-06	4.840410e-09	1.551910e+01	3.168955e+02
1.000000e-06	2.346817e-06	5.218659e-09	1.644850e+01	3.414797e+02
1.010000e-06	2.478546e-06	5.571924e-09	1.737177e+01	3.646471e+02
1.020000e-06	2.609264e-06	5.901643e-09	1.828796e+01	3.864357e+02
1.030000e-06	2.738990e-06	6.211083e-09	1.919719e+01	4.068626e+02
1.040000e-06	2.867873e-06	6.503267e-09	2.010051e+01	4.259286e+02
1.050000e-06	2.995811e-06	6.772918e-09	2.099721e+01	4.436428e+02
1.060000e-06	3.122621e-06	7.019405e-09	2.188600e+01	4.600521e+02
1.070000e-06	3.248374e-06	7.248415e-09	2.276739e+01	4.752581e+02
1.080000e-06	3.373114e-06	7.466422e-09	2.364167e+01	4.894091e+02
1.090000e-06	3.496594e-06	7.672106e-09	2.450712e+01	5.026720e+02
1.100000e-06	3.618700e-06	7.861525e-09	2.536295e+01	5.151956e+02
1.110000e-06	3.739550e-06	8.037787e-09	2.620997e+01	5.270810e+02
1.120000e-06	3.859082e-06	8.205939e-09	2.704775e+01	5.383694e+02
1.130000e-06	3.977163e-06	8.369815e-09	2.787536e+01	5.490504e+02
1.140000e-06	4.093691e-06	8.525446e-09	2.869209e+01	5.590864e+02
1.150000e-06	4.208567e-06	8.667832e-09	2.949724e+01	5.684452e+02
1.160000e-06	4.321816e-06	8.798540e-09	3.029098e+01	5.771301e+02
1.170000e-06	4.433461e-06	8.923578e-09	3.107349e+01	5.851962e+02
1.180000e-06	4.543565e-06	9.045220e-09	3.184519e+01	5.927459e+02
1.190000e-06	4.652176e-06	9.157601e-09	3.260643e+01	5.999028e+02
1.200000e-06	4.759156e-06	9.257157e-09	3.335624e+01	6.067733e+02
1.210000e-06	4.864365e-06	9.355004e-09	3.409363e+01	6.134136e+02
1.220000e-06	4.967764e-06	9.455840e-09	3.481834e+01	6.198187e+02
1.230000e-06	5.069381e-06	9.553074e-09	3.553056e+01	6.259386e+02
1.240000e-06	5.169189e-06	9.639625e-09	3.623010e+01	6.317150e+02
1.250000e-06	5.267037e-06	9.716660e-09	3.691590e+01	6.371175e+02
1.260000e-06	5.362939e-06	9.792981e-09	3.758807e+01	6.421622e+02
1.270000e-06	5.457027e-06	9.869084e-09	3.824752e+01	6.469028e+02
1.280000e-06	5.549328e-06	9.939148e-09	3.889444e+01	6.514049e+02
1.290000e-06	5.639615e-06	1.000151e-08	3.952725e+01	6.557194e+02
1.300000e-06	5.727774e-06	1.006112e-08	4.014514e+01	6.598716e+02
1.310000e-06	5.813941e-06	1.012296e-08	4.074907e+01	6.638669e+02
1.320000e-06	5.898134e-06	1.018469e-08	4.133917e+01	6.677052e+02
1.330000e-06	5.980297e-06	1.024037e-08	4.191504e+01	6.713895e+02
1.340000e-06	6.060326e-06	1.029013e-08	4.247595e+01	6.749234e+02
1.350000e-06	6.138117e-06	1.033974e-08	4.302117e+01	6.783017e+02
1.360000e-06	6.213557e-06	1.039057e-08	4.354993e+01	6.815054e+02
1.370000e-06	6.286620e-06	1.043803e-08	4.406201e+01	6.845092e+02
1.380000e-06	6.357426e-06	1.047793e-08	4.455828e+01	6.872996e+02
1.390000e-06	6.426063e-06	1.051330e-08	4.503935e+01	6.898903e+02
1.400000e-06	6.492367e-06	1.055101e-08	4.550406e+01	6.923247e+02
1.410000e-06	6.556308e-06	1.059055e-08	4.595222e+01	6.946607e+02
1.420000e-06	6.618061e-06	1.062661e-08	4.638504e+01	6.969457e+02
1.430000e-06	6.677522e-06	1.065627e-08	4.680179e+01	6.991958e+02
1.440000e-06	6.734569e-06	1.068577e-08	4.720162e+01	7.013886e+02
1.450000e-06	6.789172e-06	1.071995e-08	4.758433e+01	7.034737e+02
1.460000e-06	6.841083e-06	1.075254e-08	4.794816e+01	7.053925e+02
1.470000e-06	6.890163e-06	1.077788e-08	4.829216e+01	7.071004e+02
1.480000e-06	6.936630e-06	1.079583e-08	4.861784e+01	7.085838e+02
1.490000e-06	6.980754e-06	1.081314e-08	4.892710e+01	7.098692e+02
1.500000e-06	7.022400e-06	1.083254e-08	4.921899e+01	7.110196e+02
1.510000e-06	7.061472e-06	1.084971e-08	4.949284e+01	7.121187e+02
1.520000e-06	7.098194e-06	1.086390e-08	4.975022e+01	7.132413e+02
1.530000e-06	7.132475e-06	1.088044e-08	4.999049e+01	7.144196e+02
1.540000e-06	7.164173e-06	1.090081e-08	5.021266e+01	7.156199e+02
1.550000e-06	7.193408e-06	1.092023e-08	5.041756e+01	7.167484e+02
1.560000e-06	7.220122e-06	1.093191e-08	5.060479e+01	7.176887e+02
1.570000e-06	7.244164e-06	1.093726e-08	5.077330e+01	7.183589e+02
1.580000e-06	7.265709e-06	1.094233e-08	5.092430e+01	7.187581e+02
1.590000e-06	7.284852e-06	1.094718e-08	5.105848e+01	7.189726e+02
1.600000e-06	7.301368e-06	1.095026e-08	5.117423e+01	7.191362e+02
1.610000e-06	7.315125e-06	1.095150e-08	5.127066e+01	7.193613e+02
1.620000e-06	7.326010e-06	1.095542e-08	5.134695e+01	7.196821e+02
1.630000e-06	7.334077e-06	1.096352e-08	5.140349e+01	7.200420e+02
1.640000e-06	7.339648e-06	1.097091e-08	5.144253e+01	7.203307e+02
1.650000e-06	7.342703e-06	1.097172e-08	5.146395e+01	7.204483e+02
1.660000e-06	7.343146e-06	1.097033e-08	5.146705e+01	7.203552e+02
1.670000e-06	7.341156e-06	1.096405e-08	5.145311e+01	7.200805e+02
1.680000e-06	7.336740e-06	1.095664e-08	5.142216e+01	7.196913e+02
1.690000e-06	7.329862e-06	1.095045e-08	5.137394e+01	7.192485e+02
1.700000e-06	7.320642e-06	1.094211e-08	5.130933e+01	7.187810e+02
1.710000e-06	7.308942e-06	1.093606e-08	5.122732e+01	7.182914e+02
1.720000e-06	7.294621e-06	1.093994e-08	5.112695e+01	7.177771e+02
1.730000e-06	7.277918e-06	1.096411e-08	5.100988e+01	7.172432e+02
1.740000e-06	7.259037e-06	1.093978e-08	5.087754e+01	7.166911e+02
1.750000e-06	7.237336e-06	1.084561e-08	5.072544e+01	7.160932e+02
1.760000e-06	7.212104e-06	1.085487e-08	5.054860e+01	7.153818e+02
1.770000e-06	7.183566e-06	1.086801e-08	5.034858e+01	7.144750e+02
1.780000e-06	7.152493e-06	1.082813e-08	5.013079e+01	7.133301e+02
1.790000e-06	7.119542e-06	1.090149e-08	4.989985e+01	7.119930e+02
1.800000e-06	7.085062e-06	1.086364e-08	4.965818e+01	7.106001e+02
1.810000e-06	7.048673e-06	1.072272e-08	4.940314e+01	7.093184e+02
1.820000e-06	7.009610e-06	1.086449e-08	4.912935e+01	7.082517e+02
1.830000e-06	6.968150e-06	1.079767e-08	4.883876e+01	7.073666e+02
1.840000e-06	6.924342e-06	1.075152e-08	4.853172e+01	7.064893e+02
1.850000e-06	6.877831e-06	1.082544e-08	4.820573e+01	7.053805e+02
1.860000e-06	6.828791e-06	1.064641e-08	4.786201e+01	7.038503e+02
1.870000e-06	6.776999e-06	1.073748e-08	4.749901e+01	7.018470e+02
1.880000e-06	6.722527e-06	1.070799e-08	4.711722e+01	6.994726e+02
1.890000e-06	6.665644e-06	1.062999e-08	4.671854e+01	6.969193e+02
1.900000e-06	6.606332e-06	1.063003e-08	4.630283e+01	6.943689e+02
1.910000e-06	6.544655e-06	1.051062e-08	4.587055e+01	6.919131e+02
1.920000e-06	6.480524e-06	1.058211e-08	4.542106e+01	6.895324e+02
1.930000e-06	6.414114e-06	1.049209e-08	4.495560e+01	6.871319e+02
1.940000e-06	6.345327e-06	1.043486e-08	4.447348e+01	6.846014e+02
1.950000e-06	6.274003e-06	1.040896e-08	4.397358e+01	6.818620e+02
1.960000e-06	6.200406e-06	1.031360e-08	4.345775e+01	6.788806e+02
1.970000e-06	6.124348e-06	1.036541e-08	4.292467e+01	6.756603e+02
1.980000e-06	6.045829e-06	1.022529e-08	4.237434e+01	6.722263e+02
1.990000e-06	5.965149e-06	1.020251e-08	4.180887e+01	6.686189e+02
2.000000e-06	5.882514e-06	1.014545e-08	4.122969e+01	6.648911e+02
2.010000e-06	5.797809e-06	1.009404e-08	4.063601e+01	6.610975e+02
2.020000e-06	5.710814e-06	1.007409e-08	4.002627e+01	6.572704e+02
2.030000e-06	5.621794e-06	9.938374e-09	3.940234e+01	6.533955e+02
2.040000e-06	5.530916e-06	9.898180e-09	3.876539e+01	6.494053e+02
2.050000e-06	5.438143e-06	9.804697e-09	3.811516e+01	6.452041e+02
2.060000e-06	5.343346e-06	9.795610e-09	3.745074e+01	6.407140e+02
2.070000e-06	5.246613e-06	9.711639e-09	3.677275e+01	6.359158e+02
2.080000e-06	5.148069e-06	9.620526e-09	3.608207e+01	6.308556e+02
2.090000e-06	5.047689e-06	9.546674e-09	3.537852e+01	6.256139e+02
2.100000e-06	4.945458e-06	9.458471e-09	3.466200e+01	6.202543e+02
2.110000e-06	4.841370e-06	9.398536e-09	3.393247e+01	6.147866e+02
2.120000e-06	4.735640e-06	9.271940e-09	3.319142e+01	6.091660e+02
2.130000e-06	4.628365e-06	9.187721e-09	3.243954e+01	6.033258e+02
2.140000e-06	4.519540e-06	9.093272e-09	3.167680e+01	5.972174e+02
2.150000e-06	4.409009e-06	9.026131e-09	3.090211e+01	5.908287e+02
2.160000e-06	4.296695e-06	8.920415e-09	3.011491e+01	5.841727e+02
2.170000e-06	4.182676e-06	8.799473e-09	2.931578e+01	5.772592e+02
2.180000e-06	4.067028e-06	8.689629e-09	2.850521e+01	5.700767e+02
2.190000e-06	3.949865e-06	8.584117e-09	2.768404e+01	5.626014e+02
2.200000e-06	3.831116e-06	8.478903e-09	2.685174e+01	5.548229e+02
2.210000e-06	3.710895e-06	8.340051e-09	2.600913e+01	5.467642e+02
2.220000e-06	3.589422e-06	8.206596e-09	2.515774e+01	5.384721e+02
2.230000e-06	3.466642e-06	8.077335e-09	2.429719e+01	5.299800e+02
2.240000e-06	3.342615e-06	7.961484e-09	2.342790e+01	5.212671e+02
2.250000e-06	3.217507e-06	7.822125e-09	2.255104e+01	5.122458e+02
2.260000e-06	3.091221e-06	7.668535e-09	2.166592e+01	5.027937e+02
2.270000e-06	2.963698e-06	7.513355e-09	2.077213e+01	4.928139e+02
2.280000e-06	2.835115e-06	7.363869e-09	1.987091e+01	4.822887e+02
2.290000e-06	2.705651e-06	7.205268e-09	1.896352e+01	4.712896e+02
2.300000e-06	2.575223e-06	7.024228e-09	1.804937e+01	4.599384e+02
2.310000e-06	2.443749e-06	6.836222e-09	1.712788e+01	4.483371e+02
2.320000e-06	2.311486e-06	6.657710e-09	1.620087e+01	4.365106e+02
2.330000e-06	2.178608e-06	6.484379e-09	1.526955e+01	4.243895e+02
2.340000e-06	2.044959e-06	6.295663e-09	1.433282e+01	4.118408e+02
2.350000e-06	1.910410e-06	6.087049e-09	1.338979e+01	3.987248e+02
2.360000e-06	1.775117e-06	5.873823e-09	1.244154e+01	3.849465e+02
2.370000e-06	1.639209e-06	5.662966e-09	1.148898e+01	3.704791e+02
2.380000e-06	1.502716e-06	5.440663e-09	1.053232e+01	3.553551e+02
2.390000e-06	1.365733e-06	5.196645e-09	9.572223e+00	3.396369e+02
2.400000e-06	1.228281e-06	4.940857e-09	8.608844e+00	3.233821e+02
2.410000e-06	1.090402e-06	4.686606e-09	7.642472e+00	3.066165e+02
2.420000e-06	9.521208e-07	4.429910e-09	6.673277e+00	2.893168e+02
2.430000e-06	8.133974e-07	4.158886e-09	5.700985e+00	2.714073e+02
2.440000e-06	6.743078e-07	3.866164e-09	4.726126e+00	2.527701e+02
2.450000e-06	5.349676e-07	3.565023e-09	3.749511e+00	2.332716e+02
2.460000e-06	3.954266e-07	3.258906e-09	2.771488e+00	2.127980e+02
2.470000e-06	2.557237e-07	2.939027e-09	1.792331e+00	1.912879e+02
2.480000e-06	1.159501e-07	2.592834e-09	8.126779e-01	1.687432e+02
2.490000e-06	-2.381866e-08	2.225314e-09	-1.669416e-01	1.452116e+02
2.500000e-06	-1.635620e-07	1.851356e-09	-1.146382e+00	1.207451e+02
2.510000e-06	-3.032508e-07	1.470512e-09	-2.125441e+00	9.535717e+01
2.520000e-06	-4.428167e-07	1.072424e-09	-3.103638e+00	6.900480e+01
2.530000e-06	-5.821804e-07	6.497309e-10	-4.080418e+00	4.160695e+01
2.540000e-06	-7.213136e-07	2.106571e-10	-5.055583e+00	1.309434e+01
2.550000e-06	-8.601147e-07	-2.358199e-10	-6.028420e+00	-1.653335e+01
2.560000e-06	-9.984794e-07	-6.941999e-10	-6.998198e+00	-4.716816e+01
2.570000e-06	-1.136415e-06	-1.174546e-09	-7.964969e+00	-7.858674e+01
2.580000e-06	-1.273934e-06	-1.670124e-09	-8.928817e+00	-1.104728e+02
2.590000e-06	-1.411039e-06	-2.162561e-09	-9.889769e+00	-1.424550e+02
2.600000e-06	-1.547707e-06	-2.641455e-09	-1.084765e+01	-1.741468e+02
2.610000e-06	-1.683856e-06	-3.110605e-09	-1.180191e+01	-2.051801e+02
2.620000e-06	-1.819365e-06	-3.573742e-09	-1.275167e+01	-2.352346e+02
2.630000e-06	-1.954108e-06	-4.022184e-09	-1.369606e+01	-2.640620e+02
2.640000e-06	-2.088005e-06	-4.443226e-09	-1.463453e+01	-2.915032e+02
2.650000e-06	-2.221173e-06	-4.834367e-09	-1.556788e+01	-3.174892e+02
2.660000e-06	-2.353641e-06	-5.204676e-09	-1.649633e+01	-3.420221e+02
2.670000e-06	-2.485304e-06	-5.561201e-09	-1.741914e+01	-3.651397e+02
2.680000e-06	-2.616076e-06	-5.899005e-09	-1.833570e+01	-3.868795e+02
2.690000e-06	-2.745884e-06	-6.209267e-09	-1.924551e+01	-4.072579e+02
2.700000e-06	-2.874780e-06	-6.494433e-09	-2.014892e+01	-4.262754e+02
2.710000e-06	-3.002753e-06	-6.763597e-09	-2.104586e+01	-4.439419e+02
2.720000e-06	-3.129704e-06	-7.019347e-09	-2.193564e+01	-4.603062e+02
2.730000e-06	-3.255488e-06	-7.254594e-09	-2.281725e+01	-4.754718e+02
2.740000e-06	-3.380079e-06	-7.465634e-09	-2.369049e+01	-4.895883e+02
2.750000e-06	-3.503420e-06	-7.662953e-09	-2.455496e+01	-5.028225e+02
2.760000e-06	-3.625435e-06	-7.857739e-09	-2.541015e+01	-5.153219e+02
2.770000e-06	-3.746207e-06	-8.046971e-09	-2.625663e+01	-5.271857e+02
2.780000e-06	-3.865629e-06	-8.220272e-09	-2.709363e+01	-5.384529e+02
2.790000e-06	-3.983493e-06	-8.377913e-09	-2.791973e+01	-5.491116e+02
2.800000e-06	-4.099771e-06	-8.528806e-09	-2.873470e+01	-5.591238e+02
2.810000e-06	-4.214410e-06	-8.674580e-09	-2.953819e+01	-5.684583e+02
2.820000e-06	-4.327249e-06	-8.808331e-09	-3.032906e+01	-5.771198e+02
2.830000e-06	-4.438305e-06	-8.925510e-09	-3.110744e+01	-5.851655e+02
2.840000e-06	-4.547755e-06	-9.033244e-09	-3.187456e+01	-5.926992e+02
2.850000e-06	-4.655735e-06	-9.142824e-09	-3.263137e+01	-5.998442e+02
2.860000e-06	-4.762222e-06	-9.253723e-09	-3.337773e+01	-6.067059e+02
2.870000e-06	-4.867079e-06	-9.356440e-09	-3.411266e+01	-6.133383e+02
2.880000e-06	-4.970109e-06	-9.451480e-09	-3.483478e+01	-6.197343e+02
2.890000e-06	-5.071233e-06	-9.541553e-09	-3.554354e+01	-6.258429e+02
2.900000e-06	-5.170600e-06	-9.629351e-09	-3.623999e+01	-6.316063e+02
2.910000e-06	-5.268275e-06	-9.713619e-09	-3.692458e+01	-6.369955e+02
2.920000e-06	-5.364197e-06	-9.791091e-09	-3.759688e+01	-6.420283e+02
2.930000e-06	-5.458148e-06	-9.862931e-09	-3.825538e+01	-6.467593e+02
2.940000e-06	-5.550059e-06	-9.931847e-09	-3.889956e+01	-6.512540e+02
2.950000e-06	-5.640122e-06	-1.000080e-08	-3.953080e+01	-6.555625e+02
2.960000e-06	-5.728271e-06	-1.006601e-08	-4.014862e+01	-6.597091e+02
2.970000e-06	-5.814293e-06	-1.012544e-08	-4.075154e+01	-6.636988e+02
2.980000e-06	-5.898149e-06	-1.018189e-08	-4.133927e+01	-6.675316e+02
2.990000e-06	-5.979962e-06	-1.023862e-08	-4.191269e+01	-6.712105e+02
3.000000e-06	-6.059772e-06	-1.029516e-08	-4.247207e+01	-6.747391e+02
3.010000e-06	-6.137347e-06	-1.034755e-08	-4.301578e+01	-6.781116e+02
3.020000e-06	-6.212458e-06	-1.039451e-08	-4.354223e+01	-6.813086e+02
3.030000e-06	-6.285258e-06	-1.044063e-08	-4.405247e+01	-6.843050e+02
3.040000e-06	-6.355817e-06	-1.048598e-08	-4.454700e+01	-6.870879e+02
3.050000e-06	-6.423994e-06	-1.052699e-08	-4.502485e+01	-6.896721e+02
3.060000e-06	-6.489903e-06	-1.056372e-08	-4.548679e+01	-6.921020e+02
3.070000e-06	-6.553632e-06	-1.059940e-08	-4.593346e+01	-6.944355e+02
3.080000e-06	-6.614954e-06	-1.063437e-08	-4.636326e+01	-6.967193e+02
3.090000e-06	-6.673793e-06	-1.066898e-08	-4.677566e+01	-6.989679e+02
3.100000e-06	-6.730313e-06	-1.070092e-08	-4.717179e+01	-7.011580e+02
3.110000e-06	-6.784398e-06	-1.073240e-08	-4.755087e+01	-7.032382e+02
3.120000e-06	-6.835778e-06	-1.076388e-08	-4.791098e+01	-7.051501e+02
3.130000e-06	-6.884256e-06	-1.079280e-08	-4.825075e+01	-7.068500e+02
3.140000e-06	-6.930146e-06	-1.081644e-08	-4.857240e+01	-7.083257e+02
3.150000e-06	-6.973904e-06	-1.083445e-08	-4.887908e+01	-7.096050e+02
3.160000e-06	-7.015386e-06	-1.085198e-08	-4.916983e+01	-7.107522e+02
3.170000e-06	-7.054442e-06	-1.087122e-08	-4.944357e+01	-7.118510e+02
3.180000e-06	-7.091053e-06	-1.088998e-08	-4.970017e+01	-7.129755e+02
3.190000e-06	-7.125169e-06	-1.090688e-08	-4.993928e+01	-7.141556e+02
3.200000e-06	-7.156819e-06	-1.092399e-08	-5.016111e+01	-7.153553e+02
3.210000e-06	-7.185884e-06	-1.094097e-08	-5.036482e+01	-7.164791e+02
3.220000e-06	-7.212359e-06	-1.095699e-08	-5.055039e+01	-7.174108e+02
3.230000e-06	-7.236366e-06	-1.096997e-08	-5.071865e+01	-7.180708e+02
3.240000e-06	-7.257740e-06	-1.097833e-08	-5.086845e+01	-7.184615e+02
3.250000e-06	-7.276486e-06	-1.098197e-08	-5.099984e+01	-7.186719e+02
3.260000e-06	-7.292773e-06	-1.098530e-08	-5.111399e+01	-7.188361e+02
3.270000e-06	-7.306323e-06	-1.098907e-08	-5.120897e+01	-7.190646e+02
3.280000e-06	-7.317042e-06	-1.099207e-08	-5.128409e+01	-7.193883e+02
3.290000e-06	-7.325192e-06	-1.099423e-08	-5.134122e+01	-7.197477e+02
3.300000e-06	-7.330693e-06	-1.099698e-08	-5.137977e+01	-7.200318e+02
3.310000e-06	-7.333555e-06	-1.100029e-08	-5.139983e+01	-7.201422e+02
