# Temperatura_=_20.0
# Concentracion g/m^3_=_10000.0
# C_Vs_to_Am_M_A/Vsm_=_65563218390.804596
# pendiente_HvsI_1/m_=_3716.3
# ordenada_HvsI_A/m_=_1297.0
# frecuencia_Hz_=_301319.40710043214

Tiempo_(s)	Campo_(V.s)	Magnetizacion_(V.s)	Campo_(kA/m)	Magnetizacion_(A/m)
0.000000e+00	-7.398847e-06	-3.878139e-10	-5.140289e+01	-2.493149e+01
1.000000e-08	-7.396678e-06	-3.888309e-10	-5.138782e+01	-2.495665e+01
2.000000e-08	-7.391957e-06	-3.850028e-10	-5.135502e+01	-2.482978e+01
3.000000e-08	-7.384955e-06	-3.799984e-10	-5.130638e+01	-2.456493e+01
4.000000e-08	-7.375536e-06	-3.735007e-10	-5.124094e+01	-2.424444e+01
5.000000e-08	-7.363489e-06	-3.675447e-10	-5.115724e+01	-2.398799e+01
6.000000e-08	-7.348672e-06	-3.663791e-10	-5.105430e+01	-2.389514e+01
7.000000e-08	-7.331207e-06	-3.657021e-10	-5.093297e+01	-2.399008e+01
8.000000e-08	-7.311488e-06	-3.858365e-10	-5.079597e+01	-2.420134e+01
9.000000e-08	-7.289328e-06	-4.287681e-10	-5.064201e+01	-2.439253e+01
1.000000e-07	-7.264172e-06	-3.967610e-10	-5.046725e+01	-2.443163e+01
1.100000e-07	-7.236001e-06	-3.531473e-10	-5.027153e+01	-2.426190e+01
1.200000e-07	-7.205281e-06	-3.640660e-10	-5.005811e+01	-2.393425e+01
1.300000e-07	-7.172261e-06	-3.515004e-10	-4.982870e+01	-2.358198e+01
1.400000e-07	-7.137050e-06	-3.152102e-10	-4.958408e+01	-2.335153e+01
1.500000e-07	-7.099916e-06	-3.928468e-10	-4.932609e+01	-2.332805e+01
1.600000e-07	-7.060552e-06	-3.779527e-10	-4.905261e+01	-2.349583e+01
1.700000e-07	-7.018562e-06	-3.024027e-10	-4.876089e+01	-2.375172e+01
1.800000e-07	-6.974040e-06	-3.954474e-10	-4.845158e+01	-2.395912e+01
1.900000e-07	-6.927027e-06	-3.564313e-10	-4.812496e+01	-2.400964e+01
2.000000e-07	-6.877438e-06	-3.453525e-10	-4.778044e+01	-2.386082e+01
2.100000e-07	-6.825014e-06	-3.612053e-10	-4.741623e+01	-2.353751e+01
2.200000e-07	-6.769971e-06	-3.102293e-10	-4.703382e+01	-2.310659e+01
2.300000e-07	-6.712480e-06	-3.371321e-10	-4.663441e+01	-2.264571e+01
2.400000e-07	-6.652413e-06	-3.205086e-10	-4.621710e+01	-2.222179e+01
2.500000e-07	-6.589979e-06	-3.258737e-10	-4.578334e+01	-2.188183e+01
2.600000e-07	-6.525172e-06	-3.197376e-10	-4.533311e+01	-2.164886e+01
2.700000e-07	-6.457905e-06	-3.002439e-10	-4.486577e+01	-2.151698e+01
2.800000e-07	-6.388323e-06	-3.258977e-10	-4.438236e+01	-2.144788e+01
2.900000e-07	-6.316443e-06	-3.220575e-10	-4.388298e+01	-2.137743e+01
3.000000e-07	-6.242065e-06	-3.250649e-10	-4.336624e+01	-2.123767e+01
3.100000e-07	-6.165144e-06	-2.945176e-10	-4.283184e+01	-2.098735e+01
3.200000e-07	-6.085713e-06	-2.996388e-10	-4.228000e+01	-2.063410e+01
3.300000e-07	-6.003925e-06	-3.096061e-10	-4.171179e+01	-2.023215e+01
3.400000e-07	-5.920230e-06	-2.876403e-10	-4.113032e+01	-1.985352e+01
3.500000e-07	-5.834703e-06	-2.906244e-10	-4.053613e+01	-1.954858e+01
3.600000e-07	-5.747205e-06	-2.748761e-10	-3.992824e+01	-1.932042e+01
3.700000e-07	-5.657637e-06	-2.864756e-10	-3.930598e+01	-1.912920e+01
3.800000e-07	-5.565953e-06	-2.885467e-10	-3.866901e+01	-1.892218e+01
3.900000e-07	-5.472261e-06	-2.833201e-10	-3.801809e+01	-1.866778e+01
4.000000e-07	-5.376687e-06	-2.686853e-10	-3.735410e+01	-1.836941e+01
4.100000e-07	-5.279179e-06	-2.585548e-10	-3.667667e+01	-1.805083e+01
4.200000e-07	-5.179741e-06	-2.669039e-10	-3.598583e+01	-1.772680e+01
4.300000e-07	-5.078486e-06	-2.584684e-10	-3.528237e+01	-1.738444e+01
4.400000e-07	-4.975443e-06	-2.507765e-10	-3.456649e+01	-1.699270e+01
4.500000e-07	-4.870592e-06	-2.386236e-10	-3.383805e+01	-1.653476e+01
4.600000e-07	-4.763874e-06	-2.394104e-10	-3.309663e+01	-1.603781e+01
4.700000e-07	-4.655441e-06	-2.390522e-10	-3.234330e+01	-1.557267e+01
4.800000e-07	-4.545431e-06	-2.325506e-10	-3.157901e+01	-1.521602e+01
4.900000e-07	-4.433833e-06	-2.224069e-10	-3.080370e+01	-1.499599e+01
5.000000e-07	-4.320438e-06	-2.160176e-10	-3.001589e+01	-1.485876e+01
5.100000e-07	-4.205252e-06	-2.185199e-10	-2.921565e+01	-1.468435e+01
5.200000e-07	-4.088497e-06	-2.145055e-10	-2.840450e+01	-1.434911e+01
5.300000e-07	-3.970262e-06	-2.033819e-10	-2.758307e+01	-1.380011e+01
5.400000e-07	-3.850647e-06	-1.873357e-10	-2.675206e+01	-1.309483e+01
5.500000e-07	-3.729569e-06	-1.813186e-10	-2.591088e+01	-1.237803e+01
5.600000e-07	-3.607074e-06	-1.800852e-10	-2.505986e+01	-1.180549e+01
5.700000e-07	-3.483311e-06	-1.767099e-10	-2.420002e+01	-1.145787e+01
5.800000e-07	-3.358238e-06	-1.701557e-10	-2.333109e+01	-1.129518e+01
5.900000e-07	-3.231967e-06	-1.645343e-10	-2.245383e+01	-1.117845e+01
6.000000e-07	-3.104710e-06	-1.615024e-10	-2.156972e+01	-1.094545e+01
6.100000e-07	-2.976451e-06	-1.556007e-10	-2.067866e+01	-1.049625e+01
6.200000e-07	-2.847044e-06	-1.448215e-10	-1.977961e+01	-9.840739e+00
6.300000e-07	-2.716535e-06	-1.297861e-10	-1.887291e+01	-9.085039e+00
6.400000e-07	-2.585026e-06	-1.198465e-10	-1.795926e+01	-8.369711e+00
6.500000e-07	-2.452592e-06	-1.172839e-10	-1.703918e+01	-7.798110e+00
6.600000e-07	-2.319281e-06	-1.142401e-10	-1.611302e+01	-7.393682e+00
6.700000e-07	-2.185118e-06	-1.060921e-10	-1.518093e+01	-7.103443e+00
6.800000e-07	-2.050275e-06	-9.747975e-11	-1.424412e+01	-6.836955e+00
6.900000e-07	-1.914735e-06	-9.455753e-11	-1.330246e+01	-6.513215e+00
7.000000e-07	-1.778361e-06	-9.162887e-11	-1.235502e+01	-6.090205e+00
7.100000e-07	-1.641310e-06	-8.194331e-11	-1.140287e+01	-5.568108e+00
7.200000e-07	-1.503661e-06	-7.055039e-11	-1.044656e+01	-4.974467e+00
7.300000e-07	-1.365396e-06	-6.285837e-11	-9.485978e+00	-4.346702e+00
7.400000e-07	-1.226626e-06	-5.868849e-11	-8.521884e+00	-3.722149e+00
7.500000e-07	-1.087411e-06	-5.146053e-11	-7.554700e+00	-3.135041e+00
7.600000e-07	-9.477937e-07	-3.908698e-11	-6.584720e+00	-2.613107e+00
7.700000e-07	-8.078162e-07	-2.919793e-11	-5.612238e+00	-2.168737e+00
7.800000e-07	-6.674696e-07	-2.553041e-11	-4.637191e+00	-1.787953e+00
7.900000e-07	-5.268400e-07	-2.203444e-11	-3.660179e+00	-1.426994e+00
8.000000e-07	-3.860186e-07	-1.345634e-11	-2.681833e+00	-1.024747e+00
8.100000e-07	-2.450301e-07	-2.778455e-12	-1.702327e+00	-5.295746e-01
8.200000e-07	-1.038899e-07	4.358462e-12	-7.217664e-01	7.211543e-02
8.300000e-07	3.727751e-08	9.068280e-12	2.589825e-01	7.425854e-01
8.400000e-07	1.783546e-07	1.651524e-11	1.239104e+00	1.405276e+00
8.500000e-07	3.193059e-07	2.878304e-11	2.218352e+00	1.979380e+00
8.600000e-07	4.601618e-07	4.051769e-11	3.196937e+00	2.419397e+00
8.700000e-07	6.008323e-07	4.484478e-11	4.174234e+00	2.738522e+00
8.800000e-07	7.412202e-07	4.563963e-11	5.149568e+00	3.002821e+00
8.900000e-07	8.813050e-07	5.135587e-11	6.122795e+00	3.298900e+00
9.000000e-07	1.020998e-06	6.321057e-11	7.093301e+00	3.692047e+00
9.100000e-07	1.160308e-06	7.325726e-11	8.061147e+00	4.196613e+00
9.200000e-07	1.299184e-06	7.631106e-11	9.025977e+00	4.773156e+00
9.300000e-07	1.437576e-06	7.871256e-11	9.987443e+00	5.352156e+00
9.400000e-07	1.575429e-06	8.588727e-11	1.094516e+01	5.870338e+00
9.500000e-07	1.712669e-06	9.668802e-11	1.189863e+01	6.300182e+00
9.600000e-07	1.849231e-06	1.044111e-10	1.284738e+01	6.658549e+00
9.700000e-07	1.985004e-06	1.079205e-10	1.379065e+01	6.992532e+00
9.800000e-07	2.119989e-06	1.141899e-10	1.472845e+01	7.352636e+00
9.900000e-07	2.254270e-06	1.241957e-10	1.566136e+01	7.768626e+00
1.000000e-06	2.387874e-06	1.339717e-10	1.658956e+01	8.239811e+00
1.010000e-06	2.520640e-06	1.371654e-10	1.751195e+01	8.742078e+00
1.020000e-06	2.652392e-06	1.387624e-10	1.842728e+01	9.244688e+00
1.030000e-06	2.783143e-06	1.448086e-10	1.933566e+01	9.725799e+00
1.040000e-06	2.912960e-06	1.546768e-10	2.023755e+01	1.017859e+01
1.050000e-06	3.041777e-06	1.628063e-10	2.113250e+01	1.060699e+01
1.060000e-06	3.169417e-06	1.677619e-10	2.201927e+01	1.101676e+01
1.070000e-06	3.295933e-06	1.725740e-10	2.289823e+01	1.140929e+01
1.080000e-06	3.421429e-06	1.806070e-10	2.377010e+01	1.178275e+01
1.090000e-06	3.545773e-06	1.886357e-10	2.463397e+01	1.213853e+01
1.100000e-06	3.668821e-06	1.907846e-10	2.548884e+01	1.248707e+01
1.110000e-06	3.790519e-06	1.908091e-10	2.633433e+01	1.284698e+01
1.120000e-06	3.910777e-06	1.953802e-10	2.716981e+01	1.323632e+01
1.130000e-06	4.029598e-06	2.044265e-10	2.799530e+01	1.366040e+01
1.140000e-06	4.146977e-06	2.126548e-10	2.881079e+01	1.410446e+01
1.150000e-06	4.262788e-06	2.176324e-10	2.961538e+01	1.453715e+01
1.160000e-06	4.376914e-06	2.214300e-10	3.040826e+01	1.492505e+01
1.170000e-06	4.489309e-06	2.275386e-10	3.118911e+01	1.525129e+01
1.180000e-06	4.600068e-06	2.339901e-10	3.195860e+01	1.552783e+01
1.190000e-06	4.709330e-06	2.372556e-10	3.271769e+01	1.579299e+01
1.200000e-06	4.816959e-06	2.368805e-10	3.346543e+01	1.609388e+01
1.210000e-06	4.922786e-06	2.403331e-10	3.420066e+01	1.646140e+01
1.220000e-06	5.026757e-06	2.491611e-10	3.492299e+01	1.689141e+01
1.230000e-06	5.128972e-06	2.587952e-10	3.563312e+01	1.734320e+01
1.240000e-06	5.229399e-06	2.647424e-10	3.633083e+01	1.775821e+01
1.250000e-06	5.327867e-06	2.669300e-10	3.701492e+01	1.809071e+01
1.260000e-06	5.424313e-06	2.705018e-10	3.768498e+01	1.833414e+01
1.270000e-06	5.518822e-06	2.760384e-10	3.834157e+01	1.852785e+01
1.280000e-06	5.611483e-06	2.804322e-10	3.898532e+01	1.873849e+01
1.290000e-06	5.702153e-06	2.834204e-10	3.961525e+01	1.902419e+01
1.300000e-06	5.790710e-06	2.879026e-10	4.023049e+01	1.940097e+01
1.310000e-06	5.877236e-06	2.956831e-10	4.083162e+01	1.983099e+01
1.320000e-06	5.961832e-06	3.033581e-10	4.141935e+01	2.024124e+01
1.330000e-06	6.044389e-06	3.046395e-10	4.199291e+01	2.056393e+01
1.340000e-06	6.124768e-06	3.032164e-10	4.255133e+01	2.077597e+01
1.350000e-06	6.202906e-06	3.061349e-10	4.309419e+01	2.091393e+01
1.360000e-06	6.278710e-06	3.117558e-10	4.362083e+01	2.105402e+01
1.370000e-06	6.352083e-06	3.172783e-10	4.413058e+01	2.126738e+01
1.380000e-06	6.423194e-06	3.213246e-10	4.462462e+01	2.157690e+01
1.390000e-06	6.492135e-06	3.251323e-10	4.510359e+01	2.194217e+01
1.400000e-06	6.558720e-06	3.310394e-10	4.556618e+01	2.228292e+01
1.410000e-06	6.622855e-06	3.362636e-10	4.601175e+01	2.252810e+01
1.420000e-06	6.684717e-06	3.365065e-10	4.644153e+01	2.266069e+01
1.430000e-06	6.744367e-06	3.345122e-10	4.685594e+01	2.273036e+01
1.440000e-06	6.801634e-06	3.362287e-10	4.725380e+01	2.282488e+01
1.450000e-06	6.856398e-06	3.434442e-10	4.763427e+01	2.301691e+01
1.460000e-06	6.908460e-06	3.521914e-10	4.799597e+01	2.331847e+01
1.470000e-06	6.957698e-06	3.577987e-10	4.833804e+01	2.367099e+01
1.480000e-06	7.004344e-06	3.600245e-10	4.866211e+01	2.397737e+01
1.490000e-06	7.048549e-06	3.627015e-10	4.896923e+01	2.415701e+01
1.500000e-06	7.090167e-06	3.642072e-10	4.925836e+01	2.419096e+01
1.510000e-06	7.129255e-06	3.609885e-10	4.952992e+01	2.413152e+01
1.520000e-06	7.165986e-06	3.570642e-10	4.978511e+01	2.407212e+01
1.530000e-06	7.200186e-06	3.595407e-10	5.002271e+01	2.409663e+01
1.540000e-06	7.231779e-06	3.670866e-10	5.024220e+01	2.423739e+01
1.550000e-06	7.260970e-06	3.717923e-10	5.044500e+01	2.446344e+01
1.560000e-06	7.287618e-06	3.721821e-10	5.063014e+01	2.470144e+01
1.570000e-06	7.311517e-06	3.721830e-10	5.079618e+01	2.487410e+01
1.580000e-06	7.332897e-06	3.741077e-10	5.094471e+01	2.493472e+01
1.590000e-06	7.351890e-06	3.743177e-10	5.107666e+01	2.488301e+01
1.600000e-06	7.368217e-06	3.702226e-10	5.119009e+01	2.475976e+01
1.610000e-06	7.381717e-06	3.653686e-10	5.128388e+01	2.462778e+01
1.620000e-06	7.392299e-06	3.650686e-10	5.135740e+01	2.454828e+01
1.630000e-06	7.400077e-06	3.699462e-10	5.141144e+01	2.455969e+01
1.640000e-06	7.405355e-06	3.737401e-10	5.144811e+01	2.466249e+01
1.650000e-06	7.408031e-06	3.726760e-10	5.146670e+01	2.481431e+01
1.660000e-06	7.408082e-06	3.725261e-10	5.146705e+01	2.494031e+01
1.670000e-06	7.405766e-06	3.707601e-10	5.145096e+01	2.496064e+01
1.680000e-06	7.401027e-06	3.716589e-10	5.141804e+01	2.482823e+01
1.690000e-06	7.393767e-06	3.695590e-10	5.136760e+01	2.455968e+01
1.700000e-06	7.384122e-06	3.640442e-10	5.130059e+01	2.423941e+01
1.710000e-06	7.371845e-06	3.619284e-10	5.121530e+01	2.398746e+01
1.720000e-06	7.356926e-06	3.700127e-10	5.111165e+01	2.390152e+01
1.730000e-06	7.339798e-06	3.793657e-10	5.099265e+01	2.400245e+01
1.740000e-06	7.320475e-06	3.248553e-10	5.085841e+01	2.421561e+01
1.750000e-06	7.298097e-06	3.192109e-10	5.070294e+01	2.440343e+01
1.760000e-06	7.272053e-06	3.673317e-10	5.052200e+01	2.443550e+01
1.770000e-06	7.242755e-06	3.686847e-10	5.031846e+01	2.425868e+01
1.780000e-06	7.211072e-06	3.799590e-10	5.009834e+01	2.392761e+01
1.790000e-06	7.177659e-06	4.043440e-10	4.986621e+01	2.357739e+01
1.800000e-06	7.142750e-06	3.090752e-10	4.962368e+01	2.335347e+01
1.810000e-06	7.105694e-06	3.449050e-10	4.936624e+01	2.333778e+01
1.820000e-06	7.065866e-06	4.071565e-10	4.908953e+01	2.351093e+01
1.830000e-06	7.023763e-06	3.364968e-10	4.879703e+01	2.376750e+01
1.840000e-06	6.979149e-06	4.106467e-10	4.848708e+01	2.397090e+01
1.850000e-06	6.931808e-06	3.404987e-10	4.815818e+01	2.401465e+01
1.860000e-06	6.881929e-06	3.480414e-10	4.781164e+01	2.385889e+01
1.870000e-06	6.829091e-06	4.287321e-10	4.744456e+01	2.353049e+01
1.880000e-06	6.773729e-06	3.397597e-10	4.705993e+01	2.309725e+01
1.890000e-06	6.716151e-06	3.854950e-10	4.665992e+01	2.263670e+01
1.900000e-06	6.656013e-06	3.304226e-10	4.624211e+01	2.221516e+01
1.910000e-06	6.593401e-06	3.443330e-10	4.580712e+01	2.187884e+01
1.920000e-06	6.528315e-06	3.855923e-10	4.535494e+01	2.164983e+01
1.930000e-06	6.460966e-06	2.998790e-10	4.488704e+01	2.152111e+01
1.940000e-06	6.391151e-06	3.505238e-10	4.440200e+01	2.145322e+01
1.950000e-06	6.318818e-06	3.127387e-10	4.389948e+01	2.138146e+01
1.960000e-06	6.244254e-06	3.605188e-10	4.338145e+01	2.123828e+01
1.970000e-06	6.167119e-06	3.403264e-10	4.284556e+01	2.098389e+01
1.980000e-06	6.087552e-06	2.945871e-10	4.229277e+01	2.062781e+01
1.990000e-06	6.005928e-06	3.326182e-10	4.172570e+01	2.022553e+01
2.000000e-06	5.922361e-06	2.938512e-10	4.114513e+01	1.984896e+01
2.010000e-06	5.836602e-06	3.459780e-10	4.054932e+01	1.954708e+01
2.020000e-06	5.748585e-06	2.933986e-10	3.993783e+01	1.932117e+01
2.030000e-06	5.658646e-06	2.896565e-10	3.931299e+01	1.913031e+01
2.040000e-06	5.566750e-06	2.894604e-10	3.867455e+01	1.892200e+01
2.050000e-06	5.472835e-06	2.919419e-10	3.802208e+01	1.866584e+01
2.060000e-06	5.376930e-06	3.120892e-10	3.735578e+01	1.836637e+01
2.070000e-06	5.279165e-06	2.631671e-10	3.667657e+01	1.804753e+01
2.080000e-06	5.179603e-06	2.812658e-10	3.598488e+01	1.772331e+01
2.090000e-06	5.078105e-06	2.666545e-10	3.527973e+01	1.737981e+01
2.100000e-06	4.974656e-06	2.858652e-10	3.456102e+01	1.698585e+01
2.110000e-06	4.869437e-06	2.573691e-10	3.383002e+01	1.652581e+01
2.120000e-06	4.762629e-06	2.360399e-10	3.308798e+01	1.602864e+01
2.130000e-06	4.654204e-06	2.401096e-10	3.233471e+01	1.556625e+01
2.140000e-06	4.544090e-06	2.409226e-10	3.156970e+01	1.521450e+01
2.150000e-06	4.432217e-06	2.483250e-10	3.079247e+01	1.499892e+01
2.160000e-06	4.318661e-06	2.230028e-10	3.000355e+01	1.486273e+01
2.170000e-06	4.203406e-06	2.224846e-10	2.920283e+01	1.468455e+01
2.180000e-06	4.086389e-06	2.226049e-10	2.838985e+01	1.434204e+01
2.190000e-06	3.967784e-06	2.282682e-10	2.756586e+01	1.378586e+01
2.200000e-06	3.847683e-06	2.111269e-10	2.673147e+01	1.307741e+01
2.210000e-06	3.726218e-06	1.885419e-10	2.588760e+01	1.236336e+01
2.220000e-06	3.603535e-06	1.778369e-10	2.503527e+01	1.179817e+01
2.230000e-06	3.479600e-06	1.810855e-10	2.417424e+01	1.145864e+01
2.240000e-06	3.354341e-06	1.815397e-10	2.330401e+01	1.130045e+01
2.250000e-06	3.227878e-06	1.724452e-10	2.242542e+01	1.118228e+01
2.260000e-06	3.100297e-06	1.637206e-10	2.153906e+01	1.094276e+01
2.270000e-06	2.971600e-06	1.645774e-10	2.064495e+01	1.048540e+01
2.280000e-06	2.841866e-06	1.646893e-10	1.974364e+01	9.824117e+00
2.290000e-06	2.711237e-06	1.489185e-10	1.883610e+01	9.067526e+00
2.300000e-06	2.579701e-06	1.262428e-10	1.792226e+01	8.356014e+00
2.310000e-06	2.447085e-06	1.152133e-10	1.700093e+01	7.790560e+00
2.320000e-06	2.313510e-06	1.200297e-10	1.607293e+01	7.391546e+00
2.330000e-06	2.179183e-06	1.188025e-10	1.513970e+01	7.103846e+00
2.340000e-06	2.044143e-06	1.081823e-10	1.420152e+01	6.836592e+00
2.350000e-06	1.908389e-06	9.519549e-11	1.325838e+01	6.509819e+00
2.360000e-06	1.771941e-06	9.555180e-11	1.231042e+01	6.083110e+00
2.370000e-06	1.634866e-06	9.482530e-11	1.135810e+01	5.557940e+00
2.380000e-06	1.497169e-06	8.223184e-11	1.040146e+01	4.962479e+00
2.390000e-06	1.359000e-06	6.238940e-11	9.441546e+00	4.334260e+00
2.400000e-06	1.220412e-06	4.978640e-11	8.478712e+00	3.710539e+00
2.410000e-06	1.081292e-06	5.045249e-11	7.512187e+00	3.125400e+00
2.420000e-06	9.416118e-07	4.832711e-11	6.541772e+00	2.606211e+00
2.430000e-06	8.014347e-07	3.630364e-11	5.567903e+00	2.164596e+00
2.440000e-06	6.610077e-07	2.163622e-11	4.592297e+00	1.785494e+00
2.450000e-06	5.204208e-07	1.996392e-11	3.615581e+00	1.424207e+00
2.460000e-06	3.795614e-07	2.349674e-11	2.636972e+00	1.019440e+00
2.470000e-06	2.384771e-07	1.658597e-11	1.656800e+00	5.204641e-01
2.480000e-06	9.739089e-08	-1.641794e-12	6.766153e-01	-8.457144e-02
2.490000e-06	-4.363781e-08	-1.865380e-11	-3.031702e-01	-7.561660e-01
2.500000e-06	-1.846674e-07	-2.332851e-11	-1.282961e+00	-1.416922e+00
2.510000e-06	-3.256721e-07	-2.603732e-11	-2.262581e+00	-1.986649e+00
2.520000e-06	-4.665965e-07	-3.427225e-11	-3.241641e+00	-2.421692e+00
2.530000e-06	-6.072757e-07	-4.433858e-11	-4.218999e+00	-2.737420e+00
2.540000e-06	-7.476489e-07	-4.792964e-11	-5.194230e+00	-3.001309e+00
2.550000e-06	-8.877460e-07	-4.303506e-11	-6.167544e+00	-3.299913e+00
2.560000e-06	-1.027547e-06	-4.448667e-11	-7.138798e+00	-3.697079e+00
2.570000e-06	-1.166860e-06	-5.925562e-11	-8.106665e+00	-4.205108e+00
2.580000e-06	-1.305516e-06	-7.653138e-11	-9.069969e+00	-4.782947e+00
2.590000e-06	-1.443616e-06	-8.432290e-11	-1.002941e+01	-5.360659e+00
2.600000e-06	-1.581250e-06	-8.645521e-11	-1.098560e+01	-5.875831e+00
2.610000e-06	-1.718428e-06	-9.303649e-11	-1.193864e+01	-6.302527e+00
2.620000e-06	-1.854987e-06	-1.029938e-10	-1.288737e+01	-6.659047e+00
2.630000e-06	-1.990778e-06	-1.088453e-10	-1.383077e+01	-6.993098e+00
2.640000e-06	-2.125775e-06	-1.078370e-10	-1.476865e+01	-7.354798e+00
2.650000e-06	-2.260056e-06	-1.081535e-10	-1.570155e+01	-7.772889e+00
2.660000e-06	-2.393565e-06	-1.177869e-10	-1.662910e+01	-8.245632e+00
2.670000e-06	-2.526159e-06	-1.338440e-10	-1.755028e+01	-8.748365e+00
2.680000e-06	-2.657834e-06	-1.452434e-10	-1.846509e+01	-9.250437e+00
2.690000e-06	-2.788536e-06	-1.491739e-10	-1.937313e+01	-9.730507e+00
2.700000e-06	-2.918325e-06	-1.544211e-10	-2.027483e+01	-1.018226e+01
2.710000e-06	-3.047182e-06	-1.640628e-10	-2.117005e+01	-1.060986e+01
2.720000e-06	-3.174919e-06	-1.712080e-10	-2.205749e+01	-1.101895e+01
2.730000e-06	-3.301525e-06	-1.724724e-10	-2.293708e+01	-1.141077e+01
2.740000e-06	-3.427048e-06	-1.734907e-10	-2.380914e+01	-1.178348e+01
2.750000e-06	-3.551341e-06	-1.817539e-10	-2.467265e+01	-1.213870e+01
2.760000e-06	-3.674187e-06	-1.947439e-10	-2.552612e+01	-1.248723e+01
2.770000e-06	-3.795698e-06	-2.037169e-10	-2.637031e+01	-1.284787e+01
2.780000e-06	-3.915932e-06	-2.070681e-10	-2.720562e+01	-1.323839e+01
2.790000e-06	-4.034768e-06	-2.100515e-10	-2.803123e+01	-1.366351e+01
2.800000e-06	-4.152068e-06	-2.182904e-10	-2.884616e+01	-1.410771e+01
2.810000e-06	-4.267594e-06	-2.280461e-10	-2.964876e+01	-1.453927e+01
2.820000e-06	-4.381245e-06	-2.325989e-10	-3.043834e+01	-1.492504e+01
2.830000e-06	-4.493110e-06	-2.343925e-10	-3.121552e+01	-1.524907e+01
2.840000e-06	-4.603344e-06	-2.395863e-10	-3.198136e+01	-1.552435e+01
2.850000e-06	-4.711977e-06	-2.481432e-10	-3.273608e+01	-1.578994e+01
2.860000e-06	-4.819029e-06	-2.554455e-10	-3.347982e+01	-1.609278e+01
2.870000e-06	-4.924524e-06	-2.590911e-10	-3.421273e+01	-1.646279e+01
2.880000e-06	-5.028350e-06	-2.624879e-10	-3.493405e+01	-1.689440e+01
2.890000e-06	-5.130289e-06	-2.712874e-10	-3.564227e+01	-1.734584e+01
2.900000e-06	-5.230216e-06	-2.816117e-10	-3.633650e+01	-1.775847e+01
2.910000e-06	-5.328274e-06	-2.852973e-10	-3.701775e+01	-1.808755e+01
2.920000e-06	-5.424622e-06	-2.842899e-10	-3.768713e+01	-1.832822e+01
2.930000e-06	-5.519175e-06	-2.863566e-10	-3.834402e+01	-1.852127e+01
2.940000e-06	-5.611724e-06	-2.928674e-10	-3.898700e+01	-1.873369e+01
2.950000e-06	-5.702241e-06	-2.999810e-10	-3.961585e+01	-1.902263e+01
2.960000e-06	-5.790798e-06	-3.037778e-10	-4.023110e+01	-1.940220e+01
2.970000e-06	-5.877262e-06	-3.070564e-10	-4.083180e+01	-1.983281e+01
2.980000e-06	-5.961548e-06	-3.149568e-10	-4.141737e+01	-2.024088e+01
2.990000e-06	-6.043765e-06	-3.243424e-10	-4.198857e+01	-2.055960e+01
3.000000e-06	-6.123924e-06	-3.289341e-10	-4.254547e+01	-2.076797e+01
3.010000e-06	-6.201843e-06	-3.289311e-10	-4.308680e+01	-2.090452e+01
3.020000e-06	-6.277320e-06	-3.303412e-10	-4.361117e+01	-2.104612e+01
3.030000e-06	-6.350427e-06	-3.349148e-10	-4.411908e+01	-2.126283e+01
3.040000e-06	-6.421275e-06	-3.392305e-10	-4.461129e+01	-2.157533e+01
3.050000e-06	-6.489761e-06	-3.412895e-10	-4.508709e+01	-2.194115e+01
3.060000e-06	-6.555905e-06	-3.448089e-10	-4.554662e+01	-2.227944e+01
3.070000e-06	-6.619765e-06	-3.512776e-10	-4.599028e+01	-2.252041e+01
3.080000e-06	-6.681275e-06	-3.577206e-10	-4.641762e+01	-2.264949e+01
3.090000e-06	-6.740376e-06	-3.593637e-10	-4.682822e+01	-2.271840e+01
3.100000e-06	-6.797042e-06	-3.555338e-10	-4.722190e+01	-2.281534e+01
3.110000e-06	-6.851235e-06	-3.560281e-10	-4.759840e+01	-2.301146e+01
3.120000e-06	-6.902761e-06	-3.618516e-10	-4.795638e+01	-2.331616e+01
3.130000e-06	-6.951444e-06	-3.679324e-10	-4.829460e+01	-2.366871e+01
3.140000e-06	-6.997466e-06	-3.701075e-10	-4.861433e+01	-2.397163e+01
3.150000e-06	-7.041222e-06	-3.705932e-10	-4.891832e+01	-2.414588e+01
3.160000e-06	-7.082802e-06	-3.734848e-10	-4.920719e+01	-2.417516e+01
3.170000e-06	-7.121959e-06	-3.764834e-10	-4.947923e+01	-2.411396e+01
3.180000e-06	-7.158558e-06	-3.758675e-10	-4.973350e+01	-2.405626e+01
3.190000e-06	-7.192679e-06	-3.720845e-10	-4.997056e+01	-2.408469e+01
3.200000e-06	-7.224268e-06	-3.723868e-10	-5.019001e+01	-2.422931e+01
3.210000e-06	-7.253147e-06	-3.758234e-10	-5.039065e+01	-2.445713e+01
3.220000e-06	-7.279432e-06	-3.808643e-10	-5.057326e+01	-2.469397e+01
3.230000e-06	-7.303279e-06	-3.846807e-10	-5.073894e+01	-2.486312e+01
3.240000e-06	-7.324566e-06	-3.863195e-10	-5.088683e+01	-2.491939e+01
3.250000e-06	-7.343229e-06	-3.877405e-10	-5.101649e+01	-2.486416e+01
3.260000e-06	-7.359303e-06	-3.871633e-10	-5.112816e+01	-2.473941e+01
3.270000e-06	-7.372534e-06	-3.834375e-10	-5.122008e+01	-2.460826e+01
3.280000e-06	-7.382899e-06	-3.780900e-10	-5.129209e+01	-2.453147e+01
3.290000e-06	-7.390743e-06	-3.772248e-10	-5.134659e+01	-2.454634e+01
3.300000e-06	-7.395966e-06	-3.828404e-10	-5.138288e+01	-2.465180e+01
3.310000e-06	-7.398556e-06	-3.875807e-10	-5.140087e+01	-2.480406e+01
