# Temperatura_=_20.0
# Concentracion g/m^3_=_10000.0
# C_Vs_to_Am_M_A/Vsm_=_65563218390.804596
# pendiente_HvsI_1/m_=_3716.3
# ordenada_HvsI_A/m_=_1297.0
# frecuencia_Hz_=_301310.0638870687

Tiempo_(s)	Campo_(V.s)	Magnetizacion_(V.s)	Campo_(kA/m)	Magnetizacion_(A/m)
0.000000e+00	-7.331459e-06	-1.104543e-08	-5.139847e+01	-7.226486e+02
1.000000e-08	-7.329161e-06	-1.104463e-08	-5.138236e+01	-7.224979e+02
2.000000e-08	-7.324354e-06	-1.104199e-08	-5.134866e+01	-7.222155e+02
3.000000e-08	-7.317299e-06	-1.103558e-08	-5.129920e+01	-7.218222e+02
4.000000e-08	-7.307848e-06	-1.102512e-08	-5.123295e+01	-7.213402e+02
5.000000e-08	-7.295757e-06	-1.101504e-08	-5.114818e+01	-7.207957e+02
6.000000e-08	-7.280869e-06	-1.100697e-08	-5.104380e+01	-7.202188e+02
7.000000e-08	-7.263396e-06	-1.099481e-08	-5.092130e+01	-7.196319e+02
8.000000e-08	-7.243731e-06	-1.098791e-08	-5.078344e+01	-7.190291e+02
9.000000e-08	-7.221671e-06	-1.098704e-08	-5.062878e+01	-7.183654e+02
1.000000e-07	-7.196653e-06	-1.098207e-08	-5.045339e+01	-7.175712e+02
1.100000e-07	-7.168589e-06	-1.096496e-08	-5.025664e+01	-7.165929e+02
1.200000e-07	-7.137976e-06	-1.094647e-08	-5.004203e+01	-7.154387e+02
1.300000e-07	-7.105125e-06	-1.091834e-08	-4.981172e+01	-7.141933e+02
1.400000e-07	-7.070162e-06	-1.088376e-08	-4.956660e+01	-7.129852e+02
1.500000e-07	-7.033231e-06	-1.088816e-08	-4.930769e+01	-7.119171e+02
1.600000e-07	-6.994056e-06	-1.085857e-08	-4.903305e+01	-7.109988e+02
1.700000e-07	-6.952361e-06	-1.082757e-08	-4.874074e+01	-7.101273e+02
1.800000e-07	-6.908105e-06	-1.081506e-08	-4.843047e+01	-7.091292e+02
1.900000e-07	-6.861287e-06	-1.078631e-08	-4.810225e+01	-7.078431e+02
2.000000e-07	-6.811959e-06	-1.077274e-08	-4.775642e+01	-7.061937e+02
2.100000e-07	-6.759824e-06	-1.073934e-08	-4.739092e+01	-7.042131e+02
2.200000e-07	-6.705027e-06	-1.070674e-08	-4.700676e+01	-7.020029e+02
2.300000e-07	-6.647826e-06	-1.067421e-08	-4.660574e+01	-6.996650e+02
2.400000e-07	-6.588123e-06	-1.062660e-08	-4.618718e+01	-6.972500e+02
2.500000e-07	-6.526070e-06	-1.059010e-08	-4.575215e+01	-6.947514e+02
2.600000e-07	-6.461707e-06	-1.054708e-08	-4.530093e+01	-6.921411e+02
2.700000e-07	-6.394919e-06	-1.049790e-08	-4.483270e+01	-6.894106e+02
2.800000e-07	-6.325771e-06	-1.046763e-08	-4.434792e+01	-6.865844e+02
2.900000e-07	-6.254358e-06	-1.043829e-08	-4.384727e+01	-6.836940e+02
3.000000e-07	-6.180589e-06	-1.039446e-08	-4.333010e+01	-6.807379e+02
3.100000e-07	-6.104314e-06	-1.033838e-08	-4.279536e+01	-6.776623e+02
3.200000e-07	-6.025534e-06	-1.028499e-08	-4.224306e+01	-6.743840e+02
3.300000e-07	-5.944366e-06	-1.022075e-08	-4.167401e+01	-6.708424e+02
3.400000e-07	-5.861189e-06	-1.016080e-08	-4.109089e+01	-6.670440e+02
3.500000e-07	-5.776226e-06	-1.010470e-08	-4.049524e+01	-6.630651e+02
3.600000e-07	-5.689377e-06	-1.004311e-08	-3.988637e+01	-6.590072e+02
3.700000e-07	-5.600595e-06	-9.995826e-09	-3.926394e+01	-6.549326e+02
3.800000e-07	-5.509707e-06	-9.943735e-09	-3.862676e+01	-6.508221e+02
3.900000e-07	-5.416728e-06	-9.875863e-09	-3.797492e+01	-6.465827e+02
4.000000e-07	-5.321891e-06	-9.795327e-09	-3.731005e+01	-6.420983e+02
4.100000e-07	-5.225180e-06	-9.713367e-09	-3.663203e+01	-6.372915e+02
4.200000e-07	-5.126522e-06	-9.632197e-09	-3.594038e+01	-6.321579e+02
4.300000e-07	-5.025981e-06	-9.552158e-09	-3.523552e+01	-6.267569e+02
4.400000e-07	-4.923653e-06	-9.469486e-09	-3.451813e+01	-6.211712e+02
4.500000e-07	-4.819550e-06	-9.384738e-09	-3.378830e+01	-6.154631e+02
4.600000e-07	-4.713688e-06	-9.304514e-09	-3.304613e+01	-6.096515e+02
4.700000e-07	-4.606082e-06	-9.218413e-09	-3.229174e+01	-6.037131e+02
4.800000e-07	-4.496852e-06	-9.123360e-09	-3.152596e+01	-5.975981e+02
4.900000e-07	-4.386150e-06	-9.018932e-09	-3.074987e+01	-5.912454e+02
5.000000e-07	-4.273820e-06	-8.908592e-09	-2.996236e+01	-5.845935e+02
5.100000e-07	-4.159706e-06	-8.796704e-09	-2.916234e+01	-5.775920e+02
5.200000e-07	-4.043849e-06	-8.686523e-09	-2.835011e+01	-5.702191e+02
5.300000e-07	-3.926460e-06	-8.570615e-09	-2.752713e+01	-5.624993e+02
5.400000e-07	-3.807747e-06	-8.449263e-09	-2.669487e+01	-5.545039e+02
5.500000e-07	-3.687733e-06	-8.330221e-09	-2.585349e+01	-5.463234e+02
5.600000e-07	-3.566343e-06	-8.208387e-09	-2.500247e+01	-5.380169e+02
5.700000e-07	-3.443574e-06	-8.079428e-09	-2.414177e+01	-5.295641e+02
5.800000e-07	-3.319523e-06	-7.941250e-09	-2.327210e+01	-5.208542e+02
5.900000e-07	-3.194336e-06	-7.795359e-09	-2.239445e+01	-5.117255e+02
6.000000e-07	-3.068109e-06	-7.642217e-09	-2.150952e+01	-5.020415e+02
6.100000e-07	-2.940904e-06	-7.483889e-09	-2.061772e+01	-4.917609e+02
6.200000e-07	-2.812660e-06	-7.320823e-09	-1.971864e+01	-4.809594e+02
6.300000e-07	-2.683306e-06	-7.153794e-09	-1.881178e+01	-4.697872e+02
6.400000e-07	-2.552906e-06	-6.983481e-09	-1.789759e+01	-4.583856e+02
6.500000e-07	-2.421570e-06	-6.809487e-09	-1.697684e+01	-4.468085e+02
6.600000e-07	-2.289349e-06	-6.629136e-09	-1.604988e+01	-4.349933e+02
6.700000e-07	-2.156346e-06	-6.438938e-09	-1.511744e+01	-4.227929e+02
6.800000e-07	-2.022677e-06	-6.239341e-09	-1.418033e+01	-4.100475e+02
6.900000e-07	-1.888293e-06	-6.032078e-09	-1.323821e+01	-3.966524e+02
7.000000e-07	-1.753204e-06	-5.817935e-09	-1.229114e+01	-3.825875e+02
7.100000e-07	-1.617471e-06	-5.594717e-09	-1.133956e+01	-3.679010e+02
7.200000e-07	-1.481192e-06	-5.362037e-09	-1.038416e+01	-3.526631e+02
7.300000e-07	-1.344376e-06	-5.122216e-09	-9.424984e+00	-3.369208e+02
7.400000e-07	-1.207018e-06	-4.875564e-09	-8.462008e+00	-3.206738e+02
7.500000e-07	-1.069147e-06	-4.619244e-09	-7.495441e+00	-3.038744e+02
7.600000e-07	-9.307815e-07	-4.351681e-09	-6.525406e+00	-2.864429e+02
7.700000e-07	-7.920681e-07	-4.072427e-09	-5.552931e+00	-2.682862e+02
7.800000e-07	-6.531044e-07	-3.781231e-09	-4.578703e+00	-2.493137e+02
7.900000e-07	-5.138584e-07	-3.478642e-09	-3.602494e+00	-2.294507e+02
8.000000e-07	-3.743568e-07	-3.161530e-09	-2.624494e+00	-2.086497e+02
8.100000e-07	-2.346969e-07	-2.829055e-09	-1.645384e+00	-1.868952e+02
8.200000e-07	-9.492338e-08	-2.483091e-09	-6.654769e-01	-1.641967e+02
8.300000e-07	4.494045e-08	-2.125300e-09	3.150628e-01	-1.405672e+02
8.400000e-07	1.847814e-07	-1.754363e-09	1.295442e+00	-1.159974e+02
8.500000e-07	3.245051e-07	-1.364027e-09	2.275000e+00	-9.043982e+01
8.600000e-07	4.640311e-07	-9.524738e-10	3.253171e+00	-6.381651e+01
8.700000e-07	6.033137e-07	-5.236877e-10	4.229636e+00	-3.605268e+01
8.800000e-07	7.423978e-07	-8.319092e-11	5.204709e+00	-7.123086e+00
8.900000e-07	8.811907e-07	3.727968e-10	6.177741e+00	2.290859e+01
9.000000e-07	1.019558e-06	8.473835e-10	7.147792e+00	5.387330e+01
9.100000e-07	1.157483e-06	1.331577e-09	8.114739e+00	8.550715e+01
9.200000e-07	1.294861e-06	1.816334e-09	9.077849e+00	1.174807e+02
9.300000e-07	1.431678e-06	2.298759e-09	1.003703e+01	1.494345e+02
9.400000e-07	1.568019e-06	2.777843e-09	1.099287e+01	1.810114e+02
9.500000e-07	1.703848e-06	3.251496e-09	1.194512e+01	2.118825e+02
9.600000e-07	1.839079e-06	3.710398e-09	1.289318e+01	2.417677e+02
9.700000e-07	1.973576e-06	4.145472e-09	1.383610e+01	2.704500e+02
9.800000e-07	2.107345e-06	4.558311e-09	1.477391e+01	2.977808e+02
9.900000e-07	2.240470e-06	4.951645e-09	1.570720e+01	3.236743e+02
1.000000e-06	2.372917e-06	5.325080e-09	1.663575e+01	3.480927e+02
1.010000e-06	2.504553e-06	5.673018e-09	1.755860e+01	3.710298e+02
1.020000e-06	2.635227e-06	5.995293e-09	1.847472e+01	3.925021e+02
1.030000e-06	2.764759e-06	6.298211e-09	1.938282e+01	4.125489e+02
1.040000e-06	2.893215e-06	6.584476e-09	2.028339e+01	4.312373e+02
1.050000e-06	3.020757e-06	6.853153e-09	2.117754e+01	4.486617e+02
1.060000e-06	3.147280e-06	7.101259e-09	2.206456e+01	4.649323e+02
1.070000e-06	3.272725e-06	7.331550e-09	2.294401e+01	4.801552e+02
1.080000e-06	3.397120e-06	7.547016e-09	2.381610e+01	4.944163e+02
1.090000e-06	3.520362e-06	7.749560e-09	2.468011e+01	5.077787e+02
1.100000e-06	3.642159e-06	7.938928e-09	2.553399e+01	5.202945e+02
1.110000e-06	3.762544e-06	8.114133e-09	2.637797e+01	5.320210e+02
1.120000e-06	3.881678e-06	8.279530e-09	2.721318e+01	5.430287e+02
1.130000e-06	3.999440e-06	8.437334e-09	2.803877e+01	5.533920e+02
1.140000e-06	4.115726e-06	8.589447e-09	2.885402e+01	5.631718e+02
1.150000e-06	4.230285e-06	8.733556e-09	2.965715e+01	5.724018e+02
1.160000e-06	4.343066e-06	8.867363e-09	3.044782e+01	5.810933e+02
1.170000e-06	4.454301e-06	8.992746e-09	3.122765e+01	5.892564e+02
1.180000e-06	4.564051e-06	9.109505e-09	3.199708e+01	5.969226e+02
1.190000e-06	4.672308e-06	9.217998e-09	3.275603e+01	6.041535e+02
1.200000e-06	4.778856e-06	9.320956e-09	3.350300e+01	6.110247e+02
1.210000e-06	4.883586e-06	9.421016e-09	3.423723e+01	6.175956e+02
1.220000e-06	4.986593e-06	9.517613e-09	3.495938e+01	6.238856e+02
1.230000e-06	5.087879e-06	9.609618e-09	3.566946e+01	6.298732e+02
1.240000e-06	5.187292e-06	9.697439e-09	3.636642e+01	6.355207e+02
1.250000e-06	5.284632e-06	9.777251e-09	3.704884e+01	6.408097e+02
1.260000e-06	5.380013e-06	9.850053e-09	3.771752e+01	6.457641e+02
1.270000e-06	5.473621e-06	9.918758e-09	3.837377e+01	6.504462e+02
1.280000e-06	5.565435e-06	9.986136e-09	3.901746e+01	6.549291e+02
1.290000e-06	5.655223e-06	1.005430e-08	3.964693e+01	6.592639e+02
1.300000e-06	5.742891e-06	1.011798e-08	4.026154e+01	6.634604e+02
1.310000e-06	5.828615e-06	1.017716e-08	4.086252e+01	6.674931e+02
1.320000e-06	5.912463e-06	1.023427e-08	4.145036e+01	6.713247e+02
1.330000e-06	5.994237e-06	1.028837e-08	4.202364e+01	6.749332e+02
1.340000e-06	6.073772e-06	1.033979e-08	4.258124e+01	6.783252e+02
1.350000e-06	6.151117e-06	1.038822e-08	4.312348e+01	6.815314e+02
1.360000e-06	6.226108e-06	1.043459e-08	4.364922e+01	6.845899e+02
1.370000e-06	6.298721e-06	1.048054e-08	4.415828e+01	6.875275e+02
1.380000e-06	6.369143e-06	1.052395e-08	4.465199e+01	6.903489e+02
1.390000e-06	6.437296e-06	1.056195e-08	4.512978e+01	6.930391e+02
1.400000e-06	6.503027e-06	1.059763e-08	4.559060e+01	6.955740e+02
1.410000e-06	6.566406e-06	1.063404e-08	4.603493e+01	6.979366e+02
1.420000e-06	6.627681e-06	1.066812e-08	4.646451e+01	7.001299e+02
1.430000e-06	6.686712e-06	1.069962e-08	4.687836e+01	7.021809e+02
1.440000e-06	6.743278e-06	1.072911e-08	4.727493e+01	7.041323e+02
1.450000e-06	6.797393e-06	1.075768e-08	4.765431e+01	7.060228e+02
1.460000e-06	6.848789e-06	1.078684e-08	4.801463e+01	7.078651e+02
1.470000e-06	6.897358e-06	1.081447e-08	4.835513e+01	7.096335e+02
1.480000e-06	6.943450e-06	1.083649e-08	4.867827e+01	7.112727e+02
1.490000e-06	6.987163e-06	1.085404e-08	4.898472e+01	7.127263e+02
1.500000e-06	7.028296e-06	1.087134e-08	4.927309e+01	7.139730e+02
1.510000e-06	7.066935e-06	1.088931e-08	4.954398e+01	7.150466e+02
1.520000e-06	7.103266e-06	1.090650e-08	4.979868e+01	7.160261e+02
1.530000e-06	7.137060e-06	1.092212e-08	5.003560e+01	7.169958e+02
1.540000e-06	7.168243e-06	1.093752e-08	5.025421e+01	7.179985e+02
1.550000e-06	7.197019e-06	1.095262e-08	5.045596e+01	7.190082e+02
1.560000e-06	7.223244e-06	1.096504e-08	5.063981e+01	7.199438e+02
1.570000e-06	7.246781e-06	1.097343e-08	5.080482e+01	7.207146e+02
1.580000e-06	7.267871e-06	1.097803e-08	5.095268e+01	7.212727e+02
1.590000e-06	7.286529e-06	1.098132e-08	5.108348e+01	7.216399e+02
1.600000e-06	7.302513e-06	1.098590e-08	5.119554e+01	7.218925e+02
1.610000e-06	7.315722e-06	1.099034e-08	5.128814e+01	7.221169e+02
1.620000e-06	7.326058e-06	1.099429e-08	5.136061e+01	7.223625e+02
1.630000e-06	7.333632e-06	1.099833e-08	5.141370e+01	7.226217e+02
1.640000e-06	7.338713e-06	1.100223e-08	5.144933e+01	7.228437e+02
1.650000e-06	7.341241e-06	1.100506e-08	5.146705e+01	7.229685e+02
1.660000e-06	7.341184e-06	1.100443e-08	5.146665e+01	7.229571e+02
1.670000e-06	7.338729e-06	1.100088e-08	5.144944e+01	7.228014e+02
1.680000e-06	7.333851e-06	1.099545e-08	5.141524e+01	7.225146e+02
1.690000e-06	7.326465e-06	1.098838e-08	5.136346e+01	7.221177e+02
1.700000e-06	7.316657e-06	1.098019e-08	5.129470e+01	7.216330e+02
1.710000e-06	7.304308e-06	1.097210e-08	5.120812e+01	7.210869e+02
1.720000e-06	7.289403e-06	1.096847e-08	5.110363e+01	7.205093e+02
1.730000e-06	7.272254e-06	1.096859e-08	5.098340e+01	7.199221e+02
1.740000e-06	7.252878e-06	1.094916e-08	5.084757e+01	7.193182e+02
1.750000e-06	7.230536e-06	1.092534e-08	5.069094e+01	7.186511e+02
1.760000e-06	7.204643e-06	1.091060e-08	5.050941e+01	7.178509e+02
1.770000e-06	7.175542e-06	1.089445e-08	5.030539e+01	7.168658e+02
1.780000e-06	7.144008e-06	1.089006e-08	5.008432e+01	7.157064e+02
1.790000e-06	7.110724e-06	1.088418e-08	4.985097e+01	7.144600e+02
1.800000e-06	7.075959e-06	1.084850e-08	4.960725e+01	7.132556e+02
1.810000e-06	7.039090e-06	1.083882e-08	4.934877e+01	7.121934e+02
1.820000e-06	6.999531e-06	1.083392e-08	4.907143e+01	7.112791e+02
1.830000e-06	6.957631e-06	1.083147e-08	4.877768e+01	7.104063e+02
1.840000e-06	6.913252e-06	1.083791e-08	4.846656e+01	7.094003e+02
1.850000e-06	6.866260e-06	1.080048e-08	4.813711e+01	7.081019e+02
1.860000e-06	6.816720e-06	1.077281e-08	4.778981e+01	7.064395e+02
1.870000e-06	6.764298e-06	1.074631e-08	4.742229e+01	7.044488e+02
1.880000e-06	6.709323e-06	1.071065e-08	4.703688e+01	7.022324e+02
1.890000e-06	6.651993e-06	1.067974e-08	4.663495e+01	6.998913e+02
1.900000e-06	6.592245e-06	1.063690e-08	4.621608e+01	6.974737e+02
1.910000e-06	6.530130e-06	1.060809e-08	4.578062e+01	6.949716e+02
1.920000e-06	6.465494e-06	1.057725e-08	4.532747e+01	6.923568e+02
1.930000e-06	6.398577e-06	1.052562e-08	4.485834e+01	6.896224e+02
1.940000e-06	6.329278e-06	1.047671e-08	4.437251e+01	6.867934e+02
1.950000e-06	6.257535e-06	1.042426e-08	4.386954e+01	6.839010e+02
1.960000e-06	6.183485e-06	1.038003e-08	4.335040e+01	6.809418e+02
1.970000e-06	6.106911e-06	1.033304e-08	4.281357e+01	6.778605e+02
1.980000e-06	6.027945e-06	1.029111e-08	4.225996e+01	6.745735e+02
1.990000e-06	5.946843e-06	1.024424e-08	4.169138e+01	6.710222e+02
2.000000e-06	5.863782e-06	1.018673e-08	4.110906e+01	6.672156e+02
2.010000e-06	5.778679e-06	1.013070e-08	4.051243e+01	6.632322e+02
2.020000e-06	5.691343e-06	1.005682e-08	3.990015e+01	6.591731e+02
2.030000e-06	5.601996e-06	9.983209e-09	3.927377e+01	6.550980e+02
2.040000e-06	5.510788e-06	9.913292e-09	3.863434e+01	6.509849e+02
2.050000e-06	5.417631e-06	9.852638e-09	3.798125e+01	6.467386e+02
2.060000e-06	5.322450e-06	9.796307e-09	3.731396e+01	6.422436e+02
2.070000e-06	5.225375e-06	9.728289e-09	3.663340e+01	6.374248e+02
2.080000e-06	5.126512e-06	9.651835e-09	3.594030e+01	6.322804e+02
2.090000e-06	5.025761e-06	9.568331e-09	3.523397e+01	6.268713e+02
2.100000e-06	4.923089e-06	9.482770e-09	3.451418e+01	6.212804e+02
2.110000e-06	4.818679e-06	9.390060e-09	3.378219e+01	6.155686e+02
2.120000e-06	4.712694e-06	9.292728e-09	3.303916e+01	6.097530e+02
2.130000e-06	4.605102e-06	9.198535e-09	3.228487e+01	6.038092e+02
2.140000e-06	4.495957e-06	9.109596e-09	3.151969e+01	5.976868e+02
2.150000e-06	4.385115e-06	9.021633e-09	3.074261e+01	5.913245e+02
2.160000e-06	4.272534e-06	8.925297e-09	2.995335e+01	5.846609e+02
2.170000e-06	4.158288e-06	8.818769e-09	2.915240e+01	5.776462e+02
2.180000e-06	4.042365e-06	8.708446e-09	2.833970e+01	5.702603e+02
2.190000e-06	3.924847e-06	8.592092e-09	2.751583e+01	5.625291e+02
2.200000e-06	3.805771e-06	8.466350e-09	2.668102e+01	5.545255e+02
2.210000e-06	3.685294e-06	8.334233e-09	2.583639e+01	5.463399e+02
2.220000e-06	3.563570e-06	8.202124e-09	2.498303e+01	5.380291e+02
2.230000e-06	3.440615e-06	8.075521e-09	2.412103e+01	5.295695e+02
2.240000e-06	3.316383e-06	7.949574e-09	2.325008e+01	5.208475e+02
2.250000e-06	3.190954e-06	7.816086e-09	2.237074e+01	5.117009e+02
2.260000e-06	3.064402e-06	7.670241e-09	2.148352e+01	5.019956e+02
2.270000e-06	2.936691e-06	7.514844e-09	2.058818e+01	4.916945e+02
2.280000e-06	2.807945e-06	7.350671e-09	1.968559e+01	4.808769e+02
2.290000e-06	2.678283e-06	7.176900e-09	1.877657e+01	4.696944e+02
2.300000e-06	2.547729e-06	6.997243e-09	1.786130e+01	4.582863e+02
2.310000e-06	2.416278e-06	6.816967e-09	1.693974e+01	4.467025e+02
2.320000e-06	2.283906e-06	6.639525e-09	1.601172e+01	4.348763e+02
2.330000e-06	2.150734e-06	6.459059e-09	1.507810e+01	4.226591e+02
2.340000e-06	2.016783e-06	6.266759e-09	1.413901e+01	4.098918e+02
2.350000e-06	1.882016e-06	6.062662e-09	1.319420e+01	3.964725e+02
2.360000e-06	1.746516e-06	5.849445e-09	1.224426e+01	3.823844e+02
2.370000e-06	1.610424e-06	5.626975e-09	1.129016e+01	3.676770e+02
2.380000e-06	1.473881e-06	5.393494e-09	1.033290e+01	3.524205e+02
2.390000e-06	1.336885e-06	5.151065e-09	9.372464e+00	3.366605e+02
2.400000e-06	1.199384e-06	4.902232e-09	8.408488e+00	3.203948e+02
2.410000e-06	1.061443e-06	4.646271e-09	7.441434e+00	3.035743e+02
2.420000e-06	9.231636e-07	4.381795e-09	6.472000e+00	2.861185e+02
2.430000e-06	7.845615e-07	4.106417e-09	5.500305e+00	2.679342e+02
2.440000e-06	6.456220e-07	3.817778e-09	4.526246e+00	2.489311e+02
2.450000e-06	5.064368e-07	3.514691e-09	3.550463e+00	2.290352e+02
2.460000e-06	3.670964e-07	3.197843e-09	2.573593e+00	2.082002e+02
2.470000e-06	2.275958e-07	2.866171e-09	1.595600e+00	1.864117e+02
2.480000e-06	8.794338e-08	2.517447e-09	6.165424e-01	1.636798e+02
2.490000e-06	-5.170586e-08	2.153611e-09	-3.624930e-01	1.400171e+02
2.500000e-06	-1.912262e-07	1.777916e-09	-1.340625e+00	1.154131e+02
2.510000e-06	-3.306630e-07	1.389312e-09	-2.318170e+00	8.981886e+01
2.520000e-06	-4.699902e-07	9.846934e-10	-3.294948e+00	6.315595e+01
2.530000e-06	-6.091285e-07	5.613042e-10	-4.270402e+00	3.535048e+01
2.540000e-06	-7.480508e-07	1.199636e-10	-5.244341e+00	6.379813e+00
2.550000e-06	-8.866797e-07	-3.344851e-10	-6.216222e+00	-2.368872e+01
2.560000e-06	-1.024918e-06	-8.042861e-10	-7.185364e+00	-5.468238e+01
2.570000e-06	-1.162721e-06	-1.290011e-09	-8.151459e+00	-8.633431e+01
2.580000e-06	-1.300116e-06	-1.783224e-09	-9.114693e+00	-1.183134e+02
2.590000e-06	-1.437044e-06	-2.273692e-09	-1.007465e+01	-1.502598e+02
2.600000e-06	-1.573470e-06	-2.754666e-09	-1.103109e+01	-1.818169e+02
2.610000e-06	-1.709456e-06	-3.224214e-09	-1.198444e+01	-2.126573e+02
2.620000e-06	-1.844849e-06	-3.679748e-09	-1.293364e+01	-2.425029e+02
2.630000e-06	-1.979504e-06	-4.118411e-09	-1.387766e+01	-2.711391e+02
2.640000e-06	-2.113346e-06	-4.536622e-09	-1.481598e+01	-2.984197e+02
2.650000e-06	-2.246347e-06	-4.931517e-09	-1.574841e+01	-3.242609e+02
2.660000e-06	-2.378525e-06	-5.303083e-09	-1.667506e+01	-3.486264e+02
2.670000e-06	-2.509867e-06	-5.655152e-09	-1.759586e+01	-3.715108e+02
2.680000e-06	-2.640373e-06	-5.986572e-09	-1.851079e+01	-3.929314e+02
2.690000e-06	-2.769978e-06	-6.292875e-09	-1.941941e+01	-4.129283e+02
2.700000e-06	-2.898674e-06	-6.575267e-09	-2.032166e+01	-4.315698e+02
2.710000e-06	-3.026472e-06	-6.838346e-09	-2.121761e+01	-4.489511e+02
2.720000e-06	-3.153231e-06	-7.087812e-09	-2.210628e+01	-4.651825e+02
2.730000e-06	-3.278783e-06	-7.321802e-09	-2.298648e+01	-4.803697e+02
2.740000e-06	-3.403074e-06	-7.539801e-09	-2.385784e+01	-4.945978e+02
2.750000e-06	-3.526136e-06	-7.743862e-09	-2.472059e+01	-5.079291e+02
2.760000e-06	-3.647934e-06	-7.935838e-09	-2.557448e+01	-5.204156e+02
2.770000e-06	-3.768459e-06	-8.118328e-09	-2.641944e+01	-5.321152e+02
2.780000e-06	-3.887666e-06	-8.286981e-09	-2.725516e+01	-5.430986e+02
2.790000e-06	-4.005277e-06	-8.442760e-09	-2.807969e+01	-5.534402e+02
2.800000e-06	-4.121244e-06	-8.589408e-09	-2.889270e+01	-5.631999e+02
2.810000e-06	-4.235607e-06	-8.728418e-09	-2.969446e+01	-5.724106e+02
2.820000e-06	-4.348123e-06	-8.860871e-09	-3.048327e+01	-5.810830e+02
2.830000e-06	-4.458773e-06	-8.984534e-09	-3.125900e+01	-5.892275e+02
2.840000e-06	-4.567814e-06	-9.100815e-09	-3.202346e+01	-5.968770e+02
2.850000e-06	-4.675463e-06	-9.211765e-09	-3.277815e+01	-6.040938e+02
2.860000e-06	-4.781646e-06	-9.317716e-09	-3.352256e+01	-6.109534e+02
2.870000e-06	-4.886156e-06	-9.417618e-09	-3.425525e+01	-6.175143e+02
2.880000e-06	-4.988815e-06	-9.511081e-09	-3.497496e+01	-6.237941e+02
2.890000e-06	-5.089550e-06	-9.600722e-09	-3.568118e+01	-6.297701e+02
2.900000e-06	-5.188512e-06	-9.688126e-09	-3.637496e+01	-6.354049e+02
2.910000e-06	-5.285827e-06	-9.771306e-09	-3.705722e+01	-6.406813e+02
2.920000e-06	-5.381401e-06	-9.848663e-09	-3.772725e+01	-6.456248e+02
2.930000e-06	-5.474907e-06	-9.920863e-09	-3.838279e+01	-6.502985e+02
2.940000e-06	-5.566367e-06	-9.989801e-09	-3.902399e+01	-6.547755e+02
2.950000e-06	-5.655992e-06	-1.005693e-08	-3.965232e+01	-6.591054e+02
2.960000e-06	-5.743675e-06	-1.012005e-08	-4.026704e+01	-6.632967e+02
2.970000e-06	-5.829185e-06	-1.018003e-08	-4.086652e+01	-6.673228e+02
2.980000e-06	-5.912571e-06	-1.023995e-08	-4.145111e+01	-6.711467e+02
2.990000e-06	-5.994076e-06	-1.029829e-08	-4.202251e+01	-6.747472e+02
3.000000e-06	-6.073550e-06	-1.035237e-08	-4.257968e+01	-6.781319e+02
3.010000e-06	-6.150624e-06	-1.040005e-08	-4.312003e+01	-6.813321e+02
3.020000e-06	-6.225215e-06	-1.044460e-08	-4.364296e+01	-6.843860e+02
3.030000e-06	-6.297567e-06	-1.049042e-08	-4.415019e+01	-6.873195e+02
3.040000e-06	-6.367688e-06	-1.053542e-08	-4.464179e+01	-6.901366e+02
3.050000e-06	-6.435433e-06	-1.057618e-08	-4.511673e+01	-6.928217e+02
3.060000e-06	-6.500881e-06	-1.061490e-08	-4.557556e+01	-6.953506e+02
3.070000e-06	-6.564063e-06	-1.065317e-08	-4.601851e+01	-6.977070e+02
3.080000e-06	-6.624876e-06	-1.068841e-08	-4.644484e+01	-6.998946e+02
3.090000e-06	-6.683248e-06	-1.071828e-08	-4.685408e+01	-7.019413e+02
3.100000e-06	-6.739298e-06	-1.074443e-08	-4.724702e+01	-7.038899e+02
3.110000e-06	-6.792911e-06	-1.077327e-08	-4.762289e+01	-7.057787e+02
3.120000e-06	-6.843718e-06	-1.080389e-08	-4.797908e+01	-7.076190e+02
3.130000e-06	-6.891569e-06	-1.083388e-08	-4.831455e+01	-7.093839e+02
3.140000e-06	-6.936907e-06	-1.086046e-08	-4.863240e+01	-7.110173e+02
3.150000e-06	-6.980163e-06	-1.088219e-08	-4.893565e+01	-7.124636e+02
3.160000e-06	-7.021213e-06	-1.090215e-08	-4.922344e+01	-7.137032e+02
3.170000e-06	-7.059822e-06	-1.091897e-08	-4.949411e+01	-7.147719e+02
3.180000e-06	-7.095879e-06	-1.093282e-08	-4.974690e+01	-7.157497e+02
3.190000e-06	-7.129514e-06	-1.094535e-08	-4.998270e+01	-7.167203e+02
3.200000e-06	-7.160645e-06	-1.095978e-08	-5.020095e+01	-7.177241e+02
3.210000e-06	-7.189088e-06	-1.097595e-08	-5.040036e+01	-7.187328e+02
3.220000e-06	-7.215000e-06	-1.099334e-08	-5.058202e+01	-7.196639e+02
3.230000e-06	-7.238487e-06	-1.100972e-08	-5.074668e+01	-7.204275e+02
3.240000e-06	-7.259395e-06	-1.102150e-08	-5.089325e+01	-7.209781e+02
3.250000e-06	-7.277723e-06	-1.102878e-08	-5.102174e+01	-7.213397e+02
3.260000e-06	-7.293458e-06	-1.103234e-08	-5.113206e+01	-7.215899e+02
3.270000e-06	-7.306317e-06	-1.103389e-08	-5.122221e+01	-7.218145e+02
3.280000e-06	-7.316398e-06	-1.103504e-08	-5.129288e+01	-7.220611e+02
3.290000e-06	-7.323927e-06	-1.103840e-08	-5.134567e+01	-7.223200e+02
3.300000e-06	-7.328878e-06	-1.104298e-08	-5.138038e+01	-7.225395e+02
3.310000e-06	-7.331319e-06	-1.104524e-08	-5.139749e+01	-7.226599e+02
