# Temperatura_=_20.0
# Concentracion g/m^3_=_10000.0
# C_Vs_to_Am_M_A/Vsm_=_65563218390.804596
# pendiente_HvsI_1/m_=_3716.3
# ordenada_HvsI_A/m_=_1297.0
# frecuencia_Hz_=_300983.3774600254

Tiempo_(s)	Campo_(V.s)	Magnetizacion_(V.s)	Campo_(kA/m)	Magnetizacion_(A/m)
0.000000e+00	-5.739930e-06	-9.952326e-09	-4.010484e+01	-6.517125e+02
1.000000e-08	-5.737369e-06	-9.947118e-09	-4.008695e+01	-6.513869e+02
2.000000e-08	-5.732797e-06	-9.938831e-09	-4.005501e+01	-6.510764e+02
3.000000e-08	-5.726496e-06	-9.932583e-09	-4.001098e+01	-6.507518e+02
4.000000e-08	-5.718541e-06	-9.925784e-09	-3.995540e+01	-6.503409e+02
5.000000e-08	-5.708570e-06	-9.915377e-09	-3.988573e+01	-6.497896e+02
6.000000e-08	-5.696389e-06	-9.903252e-09	-3.980062e+01	-6.491026e+02
7.000000e-08	-5.682194e-06	-9.869708e-09	-3.970144e+01	-6.483302e+02
8.000000e-08	-5.665692e-06	-9.873510e-09	-3.958614e+01	-6.475169e+02
9.000000e-08	-5.646849e-06	-9.933157e-09	-3.945448e+01	-6.466538e+02
1.000000e-07	-5.625882e-06	-9.904597e-09	-3.930799e+01	-6.456812e+02
1.100000e-07	-5.602867e-06	-9.854933e-09	-3.914718e+01	-6.445414e+02
1.200000e-07	-5.577940e-06	-9.847025e-09	-3.897302e+01	-6.432452e+02
1.300000e-07	-5.551222e-06	-9.706972e-09	-3.878634e+01	-6.418930e+02
1.400000e-07	-5.522975e-06	-9.764633e-09	-3.858898e+01	-6.406262e+02
1.500000e-07	-5.493036e-06	-9.856771e-09	-3.837980e+01	-6.395323e+02
1.600000e-07	-5.461347e-06	-9.640183e-09	-3.815839e+01	-6.385679e+02
1.700000e-07	-5.427876e-06	-9.713971e-09	-3.792452e+01	-6.375581e+02
1.800000e-07	-5.392308e-06	-9.765798e-09	-3.767601e+01	-6.362805e+02
1.900000e-07	-5.354980e-06	-9.611360e-09	-3.741520e+01	-6.345857e+02
2.000000e-07	-5.315983e-06	-9.705922e-09	-3.714273e+01	-6.324769e+02
2.100000e-07	-5.274971e-06	-9.622609e-09	-3.685617e+01	-6.300999e+02
2.200000e-07	-5.231830e-06	-9.494374e-09	-3.655475e+01	-6.276495e+02
2.300000e-07	-5.186679e-06	-9.544382e-09	-3.623928e+01	-6.252559e+02
2.400000e-07	-5.139684e-06	-9.501746e-09	-3.591093e+01	-6.229209e+02
2.500000e-07	-5.090648e-06	-9.499343e-09	-3.556831e+01	-6.205405e+02
2.600000e-07	-5.039209e-06	-9.414675e-09	-3.520891e+01	-6.179891e+02
2.700000e-07	-4.985659e-06	-9.340643e-09	-3.483476e+01	-6.152048e+02
2.800000e-07	-4.930461e-06	-9.359151e-09	-3.444909e+01	-6.122189e+02
2.900000e-07	-4.873674e-06	-9.311152e-09	-3.405232e+01	-6.091197e+02
3.000000e-07	-4.815005e-06	-9.256590e-09	-3.364240e+01	-6.059814e+02
3.100000e-07	-4.754425e-06	-9.166760e-09	-3.321913e+01	-6.028141e+02
3.200000e-07	-4.692205e-06	-9.130076e-09	-3.278439e+01	-5.995647e+02
3.300000e-07	-4.628488e-06	-9.108530e-09	-3.233920e+01	-5.961615e+02
3.400000e-07	-4.563200e-06	-9.039632e-09	-3.188304e+01	-5.925645e+02
3.500000e-07	-4.496053e-06	-8.985388e-09	-3.141388e+01	-5.887841e+02
3.600000e-07	-4.427125e-06	-8.883676e-09	-3.093229e+01	-5.848597e+02
3.700000e-07	-4.356685e-06	-8.849116e-09	-3.044012e+01	-5.808202e+02
3.800000e-07	-4.284899e-06	-8.832022e-09	-2.993855e+01	-5.766599e+02
3.900000e-07	-4.211529e-06	-8.737955e-09	-2.942592e+01	-5.723455e+02
4.000000e-07	-4.136229e-06	-8.653211e-09	-2.889980e+01	-5.678468e+02
4.100000e-07	-4.059240e-06	-8.566983e-09	-2.836188e+01	-5.631622e+02
4.200000e-07	-3.980817e-06	-8.533358e-09	-2.781393e+01	-5.583182e+02
4.300000e-07	-3.900703e-06	-8.463050e-09	-2.725418e+01	-5.533446e+02
4.400000e-07	-3.818915e-06	-8.356490e-09	-2.668272e+01	-5.482462e+02
4.500000e-07	-3.735845e-06	-8.259831e-09	-2.610232e+01	-5.429945e+02
4.600000e-07	-3.651682e-06	-8.188843e-09	-2.551427e+01	-5.375458e+02
4.700000e-07	-3.566493e-06	-8.139175e-09	-2.491905e+01	-5.318705e+02
4.800000e-07	-3.480152e-06	-8.036873e-09	-2.431579e+01	-5.259703e+02
4.900000e-07	-3.392624e-06	-7.928508e-09	-2.370424e+01	-5.198705e+02
5.000000e-07	-3.303951e-06	-7.825928e-09	-2.308467e+01	-5.135929e+02
5.100000e-07	-3.214034e-06	-7.751791e-09	-2.245643e+01	-5.071339e+02
5.200000e-07	-3.122859e-06	-7.665144e-09	-2.181939e+01	-5.004631e+02
5.300000e-07	-3.030563e-06	-7.538067e-09	-2.117452e+01	-4.935445e+02
5.400000e-07	-2.937195e-06	-7.408922e-09	-2.052216e+01	-4.863621e+02
5.500000e-07	-2.842706e-06	-7.304605e-09	-1.986196e+01	-4.789298e+02
5.600000e-07	-2.747277e-06	-7.213166e-09	-1.919520e+01	-4.712765e+02
5.700000e-07	-2.651031e-06	-7.091030e-09	-1.852273e+01	-4.634190e+02
5.800000e-07	-2.553835e-06	-6.951069e-09	-1.784362e+01	-4.553426e+02
5.900000e-07	-2.455497e-06	-6.815911e-09	-1.715654e+01	-4.470055e+02
6.000000e-07	-2.356078e-06	-6.701422e-09	-1.646190e+01	-4.383641e+02
6.100000e-07	-2.255838e-06	-6.576167e-09	-1.576152e+01	-4.293989e+02
6.200000e-07	-2.154886e-06	-6.421369e-09	-1.505617e+01	-4.201241e+02
6.300000e-07	-2.053227e-06	-6.257134e-09	-1.434588e+01	-4.105723e+02
6.400000e-07	-1.950813e-06	-6.111969e-09	-1.363031e+01	-4.007669e+02
6.500000e-07	-1.847687e-06	-5.978481e-09	-1.290977e+01	-3.907017e+02
6.600000e-07	-1.744020e-06	-5.822618e-09	-1.218545e+01	-3.803416e+02
6.700000e-07	-1.639862e-06	-5.644561e-09	-1.145771e+01	-3.696418e+02
6.800000e-07	-1.535123e-06	-5.467772e-09	-1.072589e+01	-3.585706e+02
6.900000e-07	-1.429701e-06	-5.307970e-09	-9.989309e+00	-3.471191e+02
7.000000e-07	-1.323619e-06	-5.138088e-09	-9.248116e+00	-3.352931e+02
7.100000e-07	-1.216957e-06	-4.942462e-09	-8.502871e+00	-3.230951e+02
7.200000e-07	-1.109791e-06	-4.733627e-09	-7.754098e+00	-3.105110e+02
7.300000e-07	-1.002233e-06	-4.536435e-09	-7.002593e+00	-2.975113e+02
7.400000e-07	-8.942703e-07	-4.344051e-09	-6.248259e+00	-2.840640e+02
7.500000e-07	-7.859006e-07	-4.132801e-09	-5.491081e+00	-2.701491e+02
7.600000e-07	-6.772765e-07	-3.903202e-09	-4.732125e+00	-2.557625e+02
7.700000e-07	-5.685005e-07	-3.668324e-09	-3.972108e+00	-2.409058e+02
7.800000e-07	-4.596052e-07	-3.442082e-09	-3.211258e+00	-2.255716e+02
7.900000e-07	-3.506111e-07	-3.207582e-09	-2.449716e+00	-2.097332e+02
8.000000e-07	-2.414626e-07	-2.950215e-09	-1.687097e+00	-1.933476e+02
8.100000e-07	-1.322034e-07	-2.677212e-09	-9.237039e-01	-1.763695e+02
8.200000e-07	-2.293094e-08	-2.408161e-09	-1.602183e-01	-1.587684e+02
8.300000e-07	8.630635e-08	-2.141612e-09	6.030217e-01	-1.405374e+02
8.400000e-07	1.954714e-07	-1.859138e-09	1.365757e+00	-1.216894e+02
8.500000e-07	3.046067e-07	-1.554793e-09	2.128284e+00	-1.022429e+02
8.600000e-07	4.137022e-07	-1.240231e-09	2.890534e+00	-8.220531e+01
8.700000e-07	5.226808e-07	-9.289755e-10	3.651966e+00	-6.156383e+01
8.800000e-07	6.315218e-07	-6.097844e-10	4.412438e+00	-4.029037e+01
8.900000e-07	7.402156e-07	-2.717900e-10	5.171880e+00	-1.836004e+01
9.000000e-07	8.487078e-07	8.284843e-11	5.929914e+00	4.223194e+00
9.100000e-07	9.569067e-07	4.377491e-10	6.685899e+00	2.740563e+01
9.200000e-07	1.064710e-06	7.904749e-10	7.439118e+00	5.107833e+01
9.300000e-07	1.172106e-06	1.152114e-09	8.189494e+00	7.509197e+01
9.400000e-07	1.279029e-06	1.526282e-09	8.936563e+00	9.928624e+01
9.500000e-07	1.385339e-06	1.903587e-09	9.679354e+00	1.235192e+02
9.600000e-07	1.491048e-06	2.268913e-09	1.041794e+01	1.476804e+02
9.700000e-07	1.596239e-06	2.625667e-09	1.115291e+01	1.716792e+02
9.800000e-07	1.700817e-06	2.986219e-09	1.188360e+01	1.954164e+02
9.900000e-07	1.804737e-06	3.351146e-09	1.260968e+01	2.187580e+02
1.000000e-06	1.908038e-06	3.702045e-09	1.333145e+01	2.415309e+02
1.010000e-06	2.010681e-06	4.030682e-09	1.404861e+01	2.635508e+02
1.020000e-06	2.112637e-06	4.346111e-09	1.476097e+01	2.846676e+02
1.030000e-06	2.213940e-06	4.658378e-09	1.546878e+01	3.048048e+02
1.040000e-06	2.314614e-06	4.959377e-09	1.617219e+01	3.239684e+02
1.050000e-06	2.414529e-06	5.236013e-09	1.687030e+01	3.422194e+02
1.060000e-06	2.513457e-06	5.493570e-09	1.756150e+01	3.596268e+02
1.070000e-06	2.611248e-06	5.743082e-09	1.824477e+01	3.762285e+02
1.080000e-06	2.707998e-06	5.987331e-09	1.892076e+01	3.920220e+02
1.090000e-06	2.803767e-06	6.218585e-09	1.958990e+01	4.069867e+02
1.100000e-06	2.898549e-06	6.429103e-09	2.025214e+01	4.211166e+02
1.110000e-06	2.992380e-06	6.627346e-09	2.090773e+01	4.344411e+02
1.120000e-06	3.085333e-06	6.823826e-09	2.155720e+01	4.470188e+02
1.130000e-06	3.177298e-06	7.012277e-09	2.219976e+01	4.589129e+02
1.140000e-06	3.268028e-06	7.182563e-09	2.283368e+01	4.701678e+02
1.150000e-06	3.357401e-06	7.336388e-09	2.345813e+01	4.808058e+02
1.160000e-06	3.445512e-06	7.485482e-09	2.407376e+01	4.908444e+02
1.170000e-06	3.532476e-06	7.636219e-09	2.468138e+01	5.003185e+02
1.180000e-06	3.618278e-06	7.778823e-09	2.528088e+01	5.092886e+02
1.190000e-06	3.703001e-06	7.904147e-09	2.587283e+01	5.178259e+02
1.200000e-06	3.786538e-06	8.020475e-09	2.645651e+01	5.259843e+02
1.210000e-06	3.868643e-06	8.140963e-09	2.703018e+01	5.337787e+02
1.220000e-06	3.949298e-06	8.263265e-09	2.759371e+01	5.411879e+02
1.230000e-06	4.028570e-06	8.373119e-09	2.814758e+01	5.481792e+02
1.240000e-06	4.106435e-06	8.466715e-09	2.869163e+01	5.547403e+02
1.250000e-06	4.182772e-06	8.553495e-09	2.922499e+01	5.608973e+02
1.260000e-06	4.257393e-06	8.645261e-09	2.974637e+01	5.667091e+02
1.270000e-06	4.330323e-06	8.734819e-09	3.025593e+01	5.722442e+02
1.280000e-06	4.401693e-06	8.815470e-09	3.075459e+01	5.775555e+02
1.290000e-06	4.471520e-06	8.888878e-09	3.124247e+01	5.826669e+02
1.300000e-06	4.539830e-06	8.962172e-09	3.171975e+01	5.875758e+02
1.310000e-06	4.606461e-06	9.038265e-09	3.218530e+01	5.922639e+02
1.320000e-06	4.671350e-06	9.107735e-09	3.263868e+01	5.967085e+02
1.330000e-06	4.734679e-06	9.164923e-09	3.308116e+01	6.008915e+02
1.340000e-06	4.796488e-06	9.216432e-09	3.351302e+01	6.048067e+02
1.350000e-06	4.856785e-06	9.273739e-09	3.393431e+01	6.084671e+02
1.360000e-06	4.915300e-06	9.333373e-09	3.434316e+01	6.119095e+02
1.370000e-06	4.971857e-06	9.383539e-09	3.473832e+01	6.151877e+02
1.380000e-06	5.026634e-06	9.424538e-09	3.512105e+01	6.183527e+02
1.390000e-06	5.079537e-06	9.468624e-09	3.549068e+01	6.214271e+02
1.400000e-06	5.130242e-06	9.517391e-09	3.584496e+01	6.243907e+02
1.410000e-06	5.178872e-06	9.563883e-09	3.618474e+01	6.271913e+02
1.420000e-06	5.225692e-06	9.602231e-09	3.651186e+01	6.297780e+02
1.430000e-06	5.270785e-06	9.632588e-09	3.682693e+01	6.321377e+02
1.440000e-06	5.314127e-06	9.664922e-09	3.712976e+01	6.343095e+02
1.450000e-06	5.355481e-06	9.701359e-09	3.741870e+01	6.363637e+02
1.460000e-06	5.394901e-06	9.731630e-09	3.769412e+01	6.383565e+02
1.470000e-06	5.432540e-06	9.753003e-09	3.795711e+01	6.402938e+02
1.480000e-06	5.468324e-06	9.774503e-09	3.820713e+01	6.421290e+02
1.490000e-06	5.502027e-06	9.800992e-09	3.844262e+01	6.438009e+02
1.500000e-06	5.533716e-06	9.829822e-09	3.866403e+01	6.452834e+02
1.510000e-06	5.563646e-06	9.852418e-09	3.887315e+01	6.466111e+02
1.520000e-06	5.591767e-06	9.869174e-09	3.906963e+01	6.478577e+02
1.530000e-06	5.617759e-06	9.888530e-09	3.925124e+01	6.490818e+02
1.540000e-06	5.641609e-06	9.909008e-09	3.941788e+01	6.502781e+02
1.550000e-06	5.663564e-06	9.924048e-09	3.957128e+01	6.513738e+02
1.560000e-06	5.683716e-06	9.931779e-09	3.971207e+01	6.522757e+02
1.570000e-06	5.701889e-06	9.936957e-09	3.983905e+01	6.529385e+02
1.580000e-06	5.717897e-06	9.946345e-09	3.995090e+01	6.534035e+02
1.590000e-06	5.731862e-06	9.956963e-09	4.004847e+01	6.537782e+02
1.600000e-06	5.743596e-06	9.965572e-09	4.013046e+01	6.541673e+02
1.610000e-06	5.753004e-06	9.972184e-09	4.019619e+01	6.546030e+02
1.620000e-06	5.760338e-06	9.977807e-09	4.024743e+01	6.550232e+02
1.630000e-06	5.765752e-06	9.983621e-09	4.028526e+01	6.553146e+02
1.640000e-06	5.769178e-06	9.984905e-09	4.030920e+01	6.553901e+02
1.650000e-06	5.770459e-06	9.984384e-09	4.031815e+01	6.552461e+02
1.660000e-06	5.769772e-06	9.978258e-09	4.031335e+01	6.549600e+02
1.670000e-06	5.767335e-06	9.966096e-09	4.029632e+01	6.546328e+02
1.680000e-06	5.762955e-06	9.962067e-09	4.026572e+01	6.543193e+02
1.690000e-06	5.756511e-06	9.959730e-09	4.022069e+01	6.539978e+02
1.700000e-06	5.748237e-06	9.954194e-09	4.016288e+01	6.535979e+02
1.710000e-06	5.738283e-06	9.950506e-09	4.009333e+01	6.530611e+02
1.720000e-06	5.726364e-06	9.954636e-09	4.001006e+01	6.523851e+02
1.730000e-06	5.712286e-06	9.989064e-09	3.991169e+01	6.516176e+02
1.740000e-06	5.696289e-06	9.895967e-09	3.979993e+01	6.508063e+02
1.750000e-06	5.678055e-06	9.841300e-09	3.967252e+01	6.499493e+02
1.760000e-06	5.656882e-06	9.853185e-09	3.952459e+01	6.489902e+02
1.770000e-06	5.633080e-06	9.806971e-09	3.935828e+01	6.478679e+02
1.780000e-06	5.607616e-06	9.942073e-09	3.918036e+01	6.465835e+02
1.790000e-06	5.581230e-06	9.873775e-09	3.899601e+01	6.452290e+02
1.800000e-06	5.553652e-06	9.686673e-09	3.880332e+01	6.439455e+02
1.810000e-06	5.523771e-06	9.902517e-09	3.859454e+01	6.428310e+02
1.820000e-06	5.491945e-06	9.809099e-09	3.837217e+01	6.418576e+02
1.830000e-06	5.458601e-06	9.710889e-09	3.813920e+01	6.408619e+02
1.840000e-06	5.423050e-06	9.892347e-09	3.789080e+01	6.396209e+02
1.850000e-06	5.385280e-06	9.636156e-09	3.762691e+01	6.379720e+02
1.860000e-06	5.345520e-06	9.635462e-09	3.734910e+01	6.359010e+02
1.870000e-06	5.303956e-06	9.787587e-09	3.705870e+01	6.335417e+02
1.880000e-06	5.260862e-06	9.601858e-09	3.675760e+01	6.310894e+02
1.890000e-06	5.215810e-06	9.626437e-09	3.644282e+01	6.286857e+02
1.900000e-06	5.168858e-06	9.528720e-09	3.611477e+01	6.263466e+02
1.910000e-06	5.120177e-06	9.489653e-09	3.577464e+01	6.239759e+02
1.920000e-06	5.069270e-06	9.589868e-09	3.541895e+01	6.214459e+02
1.930000e-06	5.016277e-06	9.378346e-09	3.504868e+01	6.186849e+02
1.940000e-06	4.961334e-06	9.386114e-09	3.466480e+01	6.157154e+02
1.950000e-06	4.904605e-06	9.331189e-09	3.426843e+01	6.126224e+02
1.960000e-06	4.846303e-06	9.295180e-09	3.386108e+01	6.094849e+02
1.970000e-06	4.786248e-06	9.308763e-09	3.344147e+01	6.063209e+02
1.980000e-06	4.724306e-06	9.140567e-09	3.300869e+01	6.030823e+02
1.990000e-06	4.660522e-06	9.168293e-09	3.256303e+01	5.996968e+02
2.000000e-06	4.595145e-06	9.065535e-09	3.210624e+01	5.961193e+02
2.010000e-06	4.528321e-06	9.069428e-09	3.163934e+01	5.923553e+02
2.020000e-06	4.459802e-06	9.036438e-09	3.116060e+01	5.884428e+02
2.030000e-06	4.389436e-06	8.851639e-09	3.066895e+01	5.844138e+02
2.040000e-06	4.317399e-06	8.862176e-09	3.016563e+01	5.802661e+02
2.050000e-06	4.244033e-06	8.769906e-09	2.965302e+01	5.759684e+02
2.060000e-06	4.169192e-06	8.756013e-09	2.913011e+01	5.714886e+02
2.070000e-06	4.092376e-06	8.637504e-09	2.859340e+01	5.668215e+02
2.080000e-06	4.013776e-06	8.526007e-09	2.804422e+01	5.619913e+02
2.090000e-06	3.933815e-06	8.515544e-09	2.748553e+01	5.570292e+02
2.100000e-06	3.852568e-06	8.422095e-09	2.691786e+01	5.519435e+02
2.110000e-06	3.770096e-06	8.374190e-09	2.634163e+01	5.467087e+02
2.120000e-06	3.686457e-06	8.221731e-09	2.575725e+01	5.412815e+02
2.130000e-06	3.601336e-06	8.156121e-09	2.516250e+01	5.356293e+02
2.140000e-06	3.514635e-06	8.086738e-09	2.455672e+01	5.297508e+02
2.150000e-06	3.426669e-06	7.990788e-09	2.394211e+01	5.236694e+02
2.160000e-06	3.337535e-06	7.886066e-09	2.331933e+01	5.174089e+02
2.170000e-06	3.247361e-06	7.746198e-09	2.268928e+01	5.109689e+02
2.180000e-06	3.156273e-06	7.685576e-09	2.205286e+01	5.043211e+02
2.190000e-06	3.064122e-06	7.589110e-09	2.140899e+01	4.974288e+02
2.200000e-06	2.970686e-06	7.489410e-09	2.075616e+01	4.902729e+02
2.210000e-06	2.875994e-06	7.345804e-09	2.009454e+01	4.828645e+02
2.220000e-06	2.780266e-06	7.224250e-09	1.942570e+01	4.752321e+02
2.230000e-06	2.683648e-06	7.127496e-09	1.875063e+01	4.673950e+02
2.240000e-06	2.586182e-06	7.006934e-09	1.806963e+01	4.593421e+02
2.250000e-06	2.487871e-06	6.871968e-09	1.738273e+01	4.510337e+02
2.260000e-06	2.388773e-06	6.713473e-09	1.669033e+01	4.424248e+02
2.270000e-06	2.288836e-06	6.594097e-09	1.599208e+01	4.334926e+02
2.280000e-06	2.187980e-06	6.473723e-09	1.528740e+01	4.242480e+02
2.290000e-06	2.086212e-06	6.332041e-09	1.457635e+01	4.147228e+02
2.300000e-06	1.983557e-06	6.158415e-09	1.385910e+01	4.049427e+02
2.310000e-06	1.880161e-06	5.996057e-09	1.313667e+01	3.949051e+02
2.320000e-06	1.776188e-06	5.859193e-09	1.241021e+01	3.845772e+02
2.330000e-06	1.671703e-06	5.709623e-09	1.168017e+01	3.739142e+02
2.340000e-06	1.566575e-06	5.532098e-09	1.094565e+01	3.628820e+02
2.350000e-06	1.460867e-06	5.337706e-09	1.020707e+01	3.514695e+02
2.360000e-06	1.354733e-06	5.167018e-09	9.465511e+00	3.396817e+02
2.370000e-06	1.248208e-06	5.000098e-09	8.721220e+00	3.275224e+02
2.380000e-06	1.141386e-06	4.810304e-09	7.974852e+00	3.149794e+02
2.390000e-06	1.034191e-06	4.596012e-09	7.225885e+00	3.020242e+02
2.400000e-06	9.266252e-07	4.385096e-09	6.474322e+00	2.886245e+02
2.410000e-06	8.187885e-07	4.190792e-09	5.720869e+00	2.747587e+02
2.420000e-06	7.107290e-07	3.986537e-09	4.965858e+00	2.604209e+02
2.430000e-06	6.024850e-07	3.753444e-09	4.209558e+00	2.456130e+02
2.440000e-06	4.940352e-07	3.504557e-09	3.451820e+00	2.303294e+02
2.450000e-06	3.854296e-07	3.266512e-09	2.692993e+00	2.145453e+02
2.460000e-06	2.767929e-07	3.034407e-09	1.933950e+00	1.982191e+02
2.470000e-06	1.680801e-07	2.784405e-09	1.174374e+00	1.813047e+02
2.480000e-06	5.922347e-08	2.506022e-09	4.137939e-01	1.637696e+02
2.490000e-06	-4.961449e-08	2.217746e-09	-3.466560e-01	1.456041e+02
2.500000e-06	-1.583245e-07	1.938748e-09	-1.106212e+00	1.268197e+02
2.510000e-06	-2.669803e-07	1.653720e-09	-1.865389e+00	1.074352e+02
2.520000e-06	-3.755781e-07	1.348742e-09	-2.624161e+00	8.745957e+01
2.530000e-06	-4.840552e-07	1.025668e-09	-3.382090e+00	6.688242e+01
2.540000e-06	-5.923565e-07	7.024963e-10	-4.138789e+00	4.567656e+01
2.550000e-06	-7.004874e-07	3.816321e-10	-4.894299e+00	2.381559e+01
2.560000e-06	-8.084213e-07	4.377452e-11	-5.648433e+00	1.299169e+00
2.570000e-06	-9.160924e-07	-3.144972e-10	-6.400730e+00	-2.182491e+01
2.580000e-06	-1.023470e-06	-6.851384e-10	-7.150973e+00	-4.545329e+01
2.590000e-06	-1.130524e-06	-1.048127e-09	-7.898961e+00	-6.943971e+01
2.600000e-06	-1.237210e-06	-1.406503e-09	-8.644378e+00	-9.362349e+01
2.610000e-06	-1.343522e-06	-1.776431e-09	-9.387174e+00	-1.178597e+02
2.620000e-06	-1.449393e-06	-2.154549e-09	-1.012690e+01	-1.420346e+02
2.630000e-06	-1.554718e-06	-2.524783e-09	-1.086280e+01	-1.660567e+02
2.640000e-06	-1.659468e-06	-2.880896e-09	-1.159469e+01	-1.898292e+02
2.650000e-06	-1.763680e-06	-3.231961e-09	-1.232282e+01	-2.132224e+02
2.660000e-06	-1.867389e-06	-3.582768e-09	-1.304743e+01	-2.360668e+02
2.670000e-06	-1.970436e-06	-3.925635e-09	-1.376742e+01	-2.581771e+02
2.680000e-06	-2.072613e-06	-4.247045e-09	-1.448133e+01	-2.793974e+02
2.690000e-06	-2.173874e-06	-4.549321e-09	-1.518884e+01	-2.996421e+02
2.700000e-06	-2.274247e-06	-4.842037e-09	-1.589014e+01	-3.189093e+02
2.710000e-06	-2.373744e-06	-5.129732e-09	-1.658533e+01	-3.372561e+02
2.720000e-06	-2.472428e-06	-5.403739e-09	-1.727483e+01	-3.547529e+02
2.730000e-06	-2.570264e-06	-5.653051e-09	-1.795841e+01	-3.714420e+02
2.740000e-06	-2.667224e-06	-5.887983e-09	-1.863587e+01	-3.873246e+02
2.750000e-06	-2.763389e-06	-6.120638e-09	-1.930777e+01	-4.023804e+02
2.760000e-06	-2.858752e-06	-6.346619e-09	-1.997407e+01	-4.166006e+02
2.770000e-06	-2.953130e-06	-6.551920e-09	-2.063349e+01	-4.300105e+02
2.780000e-06	-3.046295e-06	-6.736494e-09	-2.128444e+01	-4.426666e+02
2.790000e-06	-3.138234e-06	-6.915898e-09	-2.192682e+01	-4.546329e+02
2.800000e-06	-3.229058e-06	-7.096731e-09	-2.256140e+01	-4.659565e+02
2.810000e-06	-3.318671e-06	-7.265980e-09	-2.318753e+01	-4.766615e+02
2.820000e-06	-3.407060e-06	-7.413838e-09	-2.380510e+01	-4.867646e+02
2.830000e-06	-3.494384e-06	-7.550350e-09	-2.441523e+01	-4.962982e+02
2.840000e-06	-3.580514e-06	-7.689381e-09	-2.501702e+01	-5.053205e+02
2.850000e-06	-3.665222e-06	-7.829646e-09	-2.560888e+01	-5.139026e+02
2.860000e-06	-3.748552e-06	-7.956770e-09	-2.619110e+01	-5.221017e+02
2.870000e-06	-3.830632e-06	-8.069166e-09	-2.676460e+01	-5.299371e+02
2.880000e-06	-3.911472e-06	-8.178308e-09	-2.732942e+01	-5.373908e+02
2.890000e-06	-3.990960e-06	-8.291229e-09	-2.788480e+01	-5.444296e+02
2.900000e-06	-4.068869e-06	-8.399099e-09	-2.842915e+01	-5.510379e+02
2.910000e-06	-4.145054e-06	-8.491653e-09	-2.896145e+01	-5.572373e+02
2.920000e-06	-4.219626e-06	-8.575302e-09	-2.948249e+01	-5.630844e+02
2.930000e-06	-4.292713e-06	-8.658189e-09	-2.999315e+01	-5.686477e+02
2.940000e-06	-4.364393e-06	-8.742315e-09	-3.049398e+01	-5.739828e+02
2.950000e-06	-4.434470e-06	-8.822292e-09	-3.098360e+01	-5.791169e+02
2.960000e-06	-4.502736e-06	-8.894145e-09	-3.146058e+01	-5.840498e+02
2.970000e-06	-4.569406e-06	-8.963269e-09	-3.192640e+01	-5.887642e+02
2.980000e-06	-4.634611e-06	-9.035909e-09	-3.238199e+01	-5.932374e+02
2.990000e-06	-4.698296e-06	-9.108689e-09	-3.282695e+01	-5.974506e+02
3.000000e-06	-4.760232e-06	-9.171330e-09	-3.325970e+01	-6.013958e+02
3.010000e-06	-4.820320e-06	-9.222770e-09	-3.367954e+01	-6.050838e+02
3.020000e-06	-4.878690e-06	-9.270968e-09	-3.408737e+01	-6.085487e+02
3.030000e-06	-4.935394e-06	-9.323802e-09	-3.448356e+01	-6.118434e+02
3.040000e-06	-4.990451e-06	-9.376664e-09	-3.486824e+01	-6.150203e+02
3.050000e-06	-5.043470e-06	-9.423495e-09	-3.523868e+01	-6.181061e+02
3.060000e-06	-5.094327e-06	-9.465249e-09	-3.559402e+01	-6.210853e+02
3.070000e-06	-5.143076e-06	-9.510662e-09	-3.593463e+01	-6.239078e+02
3.080000e-06	-5.189664e-06	-9.554828e-09	-3.626014e+01	-6.265204e+02
3.090000e-06	-5.234471e-06	-9.591322e-09	-3.657320e+01	-6.289050e+02
3.100000e-06	-5.277694e-06	-9.620275e-09	-3.687521e+01	-6.310954e+02
3.110000e-06	-5.319256e-06	-9.648306e-09	-3.716560e+01	-6.331604e+02
3.120000e-06	-5.359129e-06	-9.684089e-09	-3.744419e+01	-6.351600e+02
3.130000e-06	-5.397088e-06	-9.721238e-09	-3.770941e+01	-6.371063e+02
3.140000e-06	-5.432982e-06	-9.752042e-09	-3.796020e+01	-6.389571e+02
3.150000e-06	-5.467012e-06	-9.773958e-09	-3.819797e+01	-6.406503e+02
3.160000e-06	-5.499274e-06	-9.797508e-09	-3.842338e+01	-6.421541e+02
3.170000e-06	-5.529554e-06	-9.822299e-09	-3.863495e+01	-6.434966e+02
3.180000e-06	-5.557747e-06	-9.842796e-09	-3.883193e+01	-6.447499e+02
3.190000e-06	-5.584010e-06	-9.857417e-09	-3.901543e+01	-6.459769e+02
3.200000e-06	-5.608424e-06	-9.872989e-09	-3.918601e+01	-6.471803e+02
3.210000e-06	-5.630770e-06	-9.891945e-09	-3.934214e+01	-6.482930e+02
3.220000e-06	-5.650966e-06	-9.910404e-09	-3.948325e+01	-6.492208e+02
3.230000e-06	-5.669285e-06	-9.924456e-09	-3.961125e+01	-6.499103e+02
3.240000e-06	-5.685746e-06	-9.930452e-09	-3.972626e+01	-6.503936e+02
3.250000e-06	-5.700020e-06	-9.932986e-09	-3.982599e+01	-6.507738e+02
3.260000e-06	-5.711948e-06	-9.937746e-09	-3.990933e+01	-6.511597e+02
3.270000e-06	-5.721763e-06	-9.943680e-09	-3.997791e+01	-6.515935e+02
3.280000e-06	-5.729698e-06	-9.947638e-09	-4.003335e+01	-6.520220e+02
3.290000e-06	-5.735529e-06	-9.950603e-09	-4.007409e+01	-6.523340e+02
3.300000e-06	-5.739258e-06	-9.954178e-09	-4.010015e+01	-6.524361e+02
3.310000e-06	-5.741103e-06	-9.956426e-09	-4.011304e+01	-6.523146e+02
3.320000e-06	-5.741087e-06	-9.954361e-09	-4.011292e+01	-6.520402e+02
