# Temperatura_=_20.0
# Concentracion g/m^3_=_10000.0
# C_Vs_to_Am_M_A/Vsm_=_65563218390.804596
# pendiente_HvsI_1/m_=_3716.3
# ordenada_HvsI_A/m_=_1297.0
# frecuencia_Hz_=_300988.5691293825

Tiempo_(s)	Campo_(V.s)	Magnetizacion_(V.s)	Campo_(kA/m)	Magnetizacion_(A/m)
0.000000e+00	-5.737024e-06	-9.989497e-09	-4.010079e+01	-6.540494e+02
1.000000e-08	-5.734291e-06	-9.984359e-09	-4.008168e+01	-6.537392e+02
2.000000e-08	-5.729673e-06	-9.978096e-09	-4.004941e+01	-6.533933e+02
3.000000e-08	-5.723333e-06	-9.971514e-09	-4.000509e+01	-6.530174e+02
4.000000e-08	-5.715289e-06	-9.962147e-09	-3.994887e+01	-6.525862e+02
5.000000e-08	-5.705339e-06	-9.950672e-09	-3.987932e+01	-6.520773e+02
6.000000e-08	-5.693200e-06	-9.941361e-09	-3.979447e+01	-6.514912e+02
7.000000e-08	-5.678942e-06	-9.920493e-09	-3.969481e+01	-6.508418e+02
8.000000e-08	-5.662342e-06	-9.913923e-09	-3.957877e+01	-6.501268e+02
9.000000e-08	-5.643390e-06	-9.943828e-09	-3.944630e+01	-6.493103e+02
1.000000e-07	-5.622370e-06	-9.929669e-09	-3.929938e+01	-6.483387e+02
1.100000e-07	-5.599315e-06	-9.896538e-09	-3.913823e+01	-6.471867e+02
1.200000e-07	-5.574330e-06	-9.885484e-09	-3.896359e+01	-6.458959e+02
1.300000e-07	-5.547560e-06	-9.795934e-09	-3.877647e+01	-6.445724e+02
1.400000e-07	-5.519247e-06	-9.798751e-09	-3.857856e+01	-6.433312e+02
1.500000e-07	-5.489337e-06	-9.854341e-09	-3.836950e+01	-6.422189e+02
1.600000e-07	-5.457708e-06	-9.730684e-09	-3.814842e+01	-6.411652e+02
1.700000e-07	-5.424221e-06	-9.746939e-09	-3.791435e+01	-6.400029e+02
1.800000e-07	-5.388586e-06	-9.780503e-09	-3.766527e+01	-6.385510e+02
1.900000e-07	-5.351166e-06	-9.674490e-09	-3.740371e+01	-6.367124e+02
2.000000e-07	-5.312135e-06	-9.707273e-09	-3.713089e+01	-6.345264e+02
2.100000e-07	-5.271059e-06	-9.661745e-09	-3.684378e+01	-6.321423e+02
2.200000e-07	-5.227862e-06	-9.566355e-09	-3.654184e+01	-6.297293e+02
2.300000e-07	-5.182667e-06	-9.572679e-09	-3.622593e+01	-6.273815e+02
2.400000e-07	-5.135602e-06	-9.537449e-09	-3.589695e+01	-6.250737e+02
2.500000e-07	-5.086599e-06	-9.515713e-09	-3.555443e+01	-6.226926e+02
2.600000e-07	-5.035295e-06	-9.462694e-09	-3.519583e+01	-6.201162e+02
2.700000e-07	-4.981831e-06	-9.399635e-09	-3.482212e+01	-6.172892e+02
2.800000e-07	-4.926666e-06	-9.377685e-09	-3.443653e+01	-6.142465e+02
2.900000e-07	-4.869857e-06	-9.333130e-09	-3.403945e+01	-6.110785e+02
3.000000e-07	-4.811151e-06	-9.288601e-09	-3.362910e+01	-6.078663e+02
3.100000e-07	-4.750523e-06	-9.213294e-09	-3.320532e+01	-6.046336e+02
3.200000e-07	-4.688240e-06	-9.164808e-09	-3.276997e+01	-6.013419e+02
3.300000e-07	-4.624487e-06	-9.134392e-09	-3.232435e+01	-5.979244e+02
3.400000e-07	-4.559174e-06	-9.067249e-09	-3.186783e+01	-5.943300e+02
3.500000e-07	-4.492029e-06	-9.012878e-09	-3.139849e+01	-5.905455e+02
3.600000e-07	-4.423043e-06	-8.932090e-09	-3.091629e+01	-5.865872e+02
3.700000e-07	-4.352583e-06	-8.875238e-09	-3.042379e+01	-5.824748e+02
3.800000e-07	-4.280796e-06	-8.837074e-09	-2.992201e+01	-5.782116e+02
3.900000e-07	-4.207381e-06	-8.759115e-09	-2.940886e+01	-5.737851e+02
4.000000e-07	-4.132160e-06	-8.681036e-09	-2.888307e+01	-5.691825e+02
4.100000e-07	-4.055254e-06	-8.599526e-09	-2.834551e+01	-5.644069e+02
4.200000e-07	-3.976839e-06	-8.542944e-09	-2.779740e+01	-5.594759e+02
4.300000e-07	-3.896827e-06	-8.469269e-09	-2.723814e+01	-5.544073e+02
4.400000e-07	-3.815124e-06	-8.376631e-09	-2.666705e+01	-5.492008e+02
4.500000e-07	-3.732033e-06	-8.283797e-09	-2.608625e+01	-5.438334e+02
4.600000e-07	-3.647820e-06	-8.200689e-09	-2.549762e+01	-5.382716e+02
4.700000e-07	-3.562546e-06	-8.132335e-09	-2.490157e+01	-5.324908e+02
4.800000e-07	-3.476194e-06	-8.038204e-09	-2.429798e+01	-5.264884e+02
4.900000e-07	-3.388684e-06	-7.936441e-09	-2.368630e+01	-5.202796e+02
5.000000e-07	-3.299969e-06	-7.833835e-09	-2.306621e+01	-5.138818e+02
5.100000e-07	-3.210018e-06	-7.743487e-09	-2.243746e+01	-5.072993e+02
5.200000e-07	-3.118869e-06	-7.649433e-09	-2.180035e+01	-5.005188e+02
5.300000e-07	-3.026562e-06	-7.534084e-09	-2.115513e+01	-4.935183e+02
5.400000e-07	-2.933161e-06	-7.411293e-09	-2.050228e+01	-4.862800e+02
5.500000e-07	-2.838743e-06	-7.299310e-09	-1.984232e+01	-4.787983e+02
5.600000e-07	-2.743386e-06	-7.193819e-09	-1.917578e+01	-4.710759e+02
5.700000e-07	-2.647094e-06	-7.072920e-09	-1.850273e+01	-4.631147e+02
5.800000e-07	-2.549774e-06	-6.940228e-09	-1.782247e+01	-4.549093e+02
5.900000e-07	-2.451422e-06	-6.806565e-09	-1.713501e+01	-4.464466e+02
6.000000e-07	-2.352087e-06	-6.680630e-09	-1.644067e+01	-4.377120e+02
6.100000e-07	-2.251860e-06	-6.549184e-09	-1.574011e+01	-4.286941e+02
6.200000e-07	-2.150866e-06	-6.402872e-09	-1.503417e+01	-4.193855e+02
6.300000e-07	-2.049199e-06	-6.246726e-09	-1.432354e+01	-4.097786e+02
6.400000e-07	-1.946815e-06	-6.094839e-09	-1.360789e+01	-3.998649e+02
6.500000e-07	-1.843768e-06	-5.946481e-09	-1.288761e+01	-3.896383e+02
6.600000e-07	-1.740190e-06	-5.787241e-09	-1.216362e+01	-3.791011e+02
6.700000e-07	-1.636024e-06	-5.615160e-09	-1.143552e+01	-3.682634e+02
6.800000e-07	-1.531153e-06	-5.441048e-09	-1.070249e+01	-3.571329e+02
6.900000e-07	-1.425630e-06	-5.272180e-09	-9.964901e+00	-3.456970e+02
7.000000e-07	-1.319554e-06	-5.097649e-09	-9.223450e+00	-3.339115e+02
7.100000e-07	-1.212922e-06	-4.908591e-09	-8.478114e+00	-3.217072e+02
7.200000e-07	-1.105798e-06	-4.705799e-09	-7.729335e+00	-3.090164e+02
7.300000e-07	-9.983003e-07	-4.503728e-09	-6.977944e+00	-2.958060e+02
7.400000e-07	-8.904802e-07	-4.300762e-09	-6.224300e+00	-2.820967e+02
7.500000e-07	-7.822705e-07	-4.086621e-09	-5.467934e+00	-2.679504e+02
7.600000e-07	-6.736732e-07	-3.860387e-09	-4.708857e+00	-2.534306e+02
7.700000e-07	-5.648145e-07	-3.627637e-09	-3.947954e+00	-2.385549e+02
7.800000e-07	-4.557977e-07	-3.397799e-09	-3.185946e+00	-2.232683e+02
7.900000e-07	-3.466947e-07	-3.161706e-09	-2.423335e+00	-2.074570e+02
8.000000e-07	-2.375004e-07	-2.907020e-09	-1.660086e+00	-1.909951e+02
8.100000e-07	-1.282119e-07	-2.635518e-09	-8.961786e-01	-1.738022e+02
8.200000e-07	-1.891306e-08	-2.360705e-09	-1.321990e-01	-1.558780e+02
8.300000e-07	9.036902e-08	-2.083417e-09	6.316636e-01	-1.372948e+02
8.400000e-07	1.996693e-07	-1.795138e-09	1.395653e+00	-1.181523e+02
8.500000e-07	3.089486e-07	-1.491849e-09	2.159496e+00	-9.851846e+01
8.600000e-07	4.181190e-07	-1.179604e-09	2.922579e+00	-7.838956e+01
8.700000e-07	5.271687e-07	-8.670156e-10	3.684817e+00	-5.769044e+01
8.800000e-07	6.360775e-07	-5.455679e-10	4.446070e+00	-3.631455e+01
8.900000e-07	7.447997e-07	-2.062131e-10	5.206019e+00	-1.418407e+01
9.000000e-07	8.532677e-07	1.507406e-10	5.964191e+00	8.699448e+00
9.100000e-07	9.613730e-07	5.126761e-10	6.719829e+00	3.223721e+01
9.200000e-07	1.069100e-06	8.732444e-10	7.472822e+00	5.625452e+01
9.300000e-07	1.176405e-06	1.238594e-09	8.222866e+00	8.054866e+01
9.400000e-07	1.283201e-06	1.612743e-09	8.969348e+00	1.049390e+02
9.500000e-07	1.389489e-06	1.989286e-09	9.712284e+00	1.292953e+02
9.600000e-07	1.495272e-06	2.357737e-09	1.045169e+01	1.535331e+02
9.700000e-07	1.600434e-06	2.718088e-09	1.118675e+01	1.775821e+02
9.800000e-07	1.704890e-06	3.078433e-09	1.191688e+01	2.013479e+02
9.900000e-07	1.808743e-06	3.441121e-09	1.264279e+01	2.246916e+02
1.000000e-06	1.912052e-06	3.792229e-09	1.336491e+01	2.474384e+02
1.010000e-06	2.014702e-06	4.123118e-09	1.408241e+01	2.694131e+02
1.020000e-06	2.116639e-06	4.438969e-09	1.479493e+01	2.904824e+02
1.030000e-06	2.217902e-06	4.747903e-09	1.550275e+01	3.105808e+02
1.040000e-06	2.318462e-06	5.044032e-09	1.620564e+01	3.297077e+02
1.050000e-06	2.418155e-06	5.319413e-09	1.690248e+01	3.478997e+02
1.060000e-06	2.516853e-06	5.577637e-09	1.759236e+01	3.651976e+02
1.070000e-06	2.614542e-06	5.825635e-09	1.827519e+01	3.816268e+02
1.080000e-06	2.711173e-06	6.066029e-09	1.895062e+01	3.972023e+02
1.090000e-06	2.806811e-06	6.293936e-09	1.961912e+01	4.119459e+02
1.100000e-06	2.901497e-06	6.504445e-09	2.028095e+01	4.259018e+02
1.110000e-06	2.995255e-06	6.703754e-09	2.093630e+01	4.391315e+02
1.120000e-06	3.088173e-06	6.899203e-09	2.158578e+01	4.516926e+02
1.130000e-06	3.180121e-06	7.084923e-09	2.222849e+01	4.636140e+02
1.140000e-06	3.270849e-06	7.253831e-09	2.286266e+01	4.748894e+02
1.150000e-06	3.360164e-06	7.409159e-09	2.348696e+01	4.854962e+02
1.160000e-06	3.448178e-06	7.558415e-09	2.410216e+01	4.954304e+02
1.170000e-06	3.535036e-06	7.705761e-09	2.470928e+01	5.047355e+02
1.180000e-06	3.620746e-06	7.845086e-09	2.530838e+01	5.135038e+02
1.190000e-06	3.705334e-06	7.968720e-09	2.589964e+01	5.218481e+02
1.200000e-06	3.788740e-06	8.085023e-09	2.648263e+01	5.298569e+02
1.210000e-06	3.870787e-06	8.203811e-09	2.705612e+01	5.375619e+02
1.220000e-06	3.951436e-06	8.322449e-09	2.761984e+01	5.449346e+02
1.230000e-06	4.030652e-06	8.432032e-09	2.817355e+01	5.519146e+02
1.240000e-06	4.108361e-06	8.527210e-09	2.871672e+01	5.584523e+02
1.250000e-06	4.184592e-06	8.612819e-09	2.924956e+01	5.645441e+02
1.260000e-06	4.259135e-06	8.700833e-09	2.977060e+01	5.702409e+02
1.270000e-06	4.331880e-06	8.788144e-09	3.027908e+01	5.756309e+02
1.280000e-06	4.403048e-06	8.868391e-09	3.077653e+01	5.808062e+02
1.290000e-06	4.472781e-06	8.941903e-09	3.126395e+01	5.858304e+02
1.300000e-06	4.541048e-06	9.014428e-09	3.174113e+01	5.907194e+02
1.310000e-06	4.607702e-06	9.091734e-09	3.220702e+01	5.954410e+02
1.320000e-06	4.672552e-06	9.163358e-09	3.266032e+01	5.999322e+02
1.330000e-06	4.735714e-06	9.222463e-09	3.310181e+01	6.041282e+02
1.340000e-06	4.797377e-06	9.274152e-09	3.353282e+01	6.079927e+02
1.350000e-06	4.857527e-06	9.326864e-09	3.395326e+01	6.115404e+02
1.360000e-06	4.915930e-06	9.380596e-09	3.436149e+01	6.148370e+02
1.370000e-06	4.972430e-06	9.426865e-09	3.475641e+01	6.179759e+02
1.380000e-06	5.027141e-06	9.467981e-09	3.513883e+01	6.210379e+02
1.390000e-06	5.079962e-06	9.513218e-09	3.550804e+01	6.240539e+02
1.400000e-06	5.130625e-06	9.563418e-09	3.586217e+01	6.269919e+02
1.410000e-06	5.179194e-06	9.611491e-09	3.620165e+01	6.297783e+02
1.420000e-06	5.225931e-06	9.649890e-09	3.652834e+01	6.323429e+02
1.430000e-06	5.270954e-06	9.678633e-09	3.684304e+01	6.346615e+02
1.440000e-06	5.314097e-06	9.707120e-09	3.714460e+01	6.367690e+02
1.450000e-06	5.355225e-06	9.738901e-09	3.743208e+01	6.387356e+02
1.460000e-06	5.394508e-06	9.765939e-09	3.770667e+01	6.406214e+02
1.470000e-06	5.432038e-06	9.788237e-09	3.796899e+01	6.424410e+02
1.480000e-06	5.467700e-06	9.812463e-09	3.821826e+01	6.441633e+02
1.490000e-06	5.501273e-06	9.841044e-09	3.845293e+01	6.457454e+02
1.500000e-06	5.532893e-06	9.871230e-09	3.867395e+01	6.471743e+02
1.510000e-06	5.562775e-06	9.893233e-09	3.888282e+01	6.484849e+02
1.520000e-06	5.590799e-06	9.907970e-09	3.907870e+01	6.497375e+02
1.530000e-06	5.616667e-06	9.922394e-09	3.925951e+01	6.509710e+02
1.540000e-06	5.640381e-06	9.938675e-09	3.942528e+01	6.521651e+02
1.550000e-06	5.662236e-06	9.953472e-09	3.957804e+01	6.532448e+02
1.560000e-06	5.682321e-06	9.961865e-09	3.971842e+01	6.541265e+02
1.570000e-06	5.700392e-06	9.969334e-09	3.984474e+01	6.547771e+02
1.580000e-06	5.716281e-06	9.981586e-09	3.995580e+01	6.552442e+02
1.590000e-06	5.730090e-06	9.995761e-09	4.005232e+01	6.556330e+02
1.600000e-06	5.741704e-06	1.000468e-08	4.013350e+01	6.560440e+02
1.610000e-06	5.751022e-06	1.000686e-08	4.019863e+01	6.565107e+02
1.620000e-06	5.758256e-06	1.000927e-08	4.024919e+01	6.569807e+02
1.630000e-06	5.763622e-06	1.001513e-08	4.028671e+01	6.573501e+02
1.640000e-06	5.766957e-06	1.002005e-08	4.031002e+01	6.575288e+02
1.650000e-06	5.768121e-06	1.001975e-08	4.031815e+01	6.574913e+02
1.660000e-06	5.767331e-06	1.001356e-08	4.031263e+01	6.572819e+02
1.670000e-06	5.764804e-06	1.000613e-08	4.029496e+01	6.569766e+02
1.680000e-06	5.760378e-06	1.000582e-08	4.026403e+01	6.566321e+02
1.690000e-06	5.753868e-06	1.000418e-08	4.021853e+01	6.562590e+02
1.700000e-06	5.745497e-06	9.995073e-09	4.016002e+01	6.558339e+02
1.710000e-06	5.735438e-06	9.987295e-09	4.008970e+01	6.553324e+02
1.720000e-06	5.723461e-06	9.987771e-09	4.000599e+01	6.547526e+02
1.730000e-06	5.709377e-06	1.000576e-08	3.990754e+01	6.541082e+02
1.740000e-06	5.693368e-06	9.954998e-09	3.979564e+01	6.534001e+02
1.750000e-06	5.675063e-06	9.912018e-09	3.966769e+01	6.525957e+02
1.760000e-06	5.653777e-06	9.906523e-09	3.951891e+01	6.516416e+02
1.770000e-06	5.629938e-06	9.875259e-09	3.935228e+01	6.505069e+02
1.780000e-06	5.604512e-06	9.939495e-09	3.917455e+01	6.492254e+02
1.790000e-06	5.578172e-06	9.911361e-09	3.899044e+01	6.478981e+02
1.800000e-06	5.550601e-06	9.793257e-09	3.879773e+01	6.466428e+02
1.810000e-06	5.520766e-06	9.894262e-09	3.858919e+01	6.455165e+02
1.820000e-06	5.488900e-06	9.853192e-09	3.836644e+01	6.444620e+02
1.830000e-06	5.455423e-06	9.771466e-09	3.813245e+01	6.433194e+02
1.840000e-06	5.419766e-06	9.857018e-09	3.788321e+01	6.419041e+02
1.850000e-06	5.381949e-06	9.719489e-09	3.761887e+01	6.401061e+02
1.860000e-06	5.342246e-06	9.677182e-09	3.734136e+01	6.379503e+02
1.870000e-06	5.300715e-06	9.749072e-09	3.705107e+01	6.355774e+02
1.880000e-06	5.257527e-06	9.641040e-09	3.674919e+01	6.331598e+02
1.890000e-06	5.212386e-06	9.626039e-09	3.643366e+01	6.308028e+02
1.900000e-06	5.165394e-06	9.573968e-09	3.610520e+01	6.284939e+02
1.910000e-06	5.116690e-06	9.523645e-09	3.576476e+01	6.261257e+02
1.920000e-06	5.065792e-06	9.554509e-09	3.540900e+01	6.235732e+02
1.930000e-06	5.012774e-06	9.438752e-09	3.503841e+01	6.207715e+02
1.940000e-06	4.957792e-06	9.410572e-09	3.465409e+01	6.177468e+02
1.950000e-06	4.901019e-06	9.355000e-09	3.425726e+01	6.145863e+02
1.960000e-06	4.842631e-06	9.321534e-09	3.384914e+01	6.113752e+02
1.970000e-06	4.782438e-06	9.309782e-09	3.342840e+01	6.081443e+02
1.980000e-06	4.720474e-06	9.185442e-09	3.299529e+01	6.048606e+02
1.990000e-06	4.656753e-06	9.174764e-09	3.254989e+01	6.014583e+02
2.000000e-06	4.591369e-06	9.099859e-09	3.209286e+01	5.978829e+02
2.010000e-06	4.524475e-06	9.065552e-09	3.162528e+01	5.941171e+02
2.020000e-06	4.455846e-06	9.031048e-09	3.114558e+01	5.901750e+02
2.030000e-06	4.385430e-06	8.907709e-09	3.065338e+01	5.860772e+02
2.040000e-06	4.313395e-06	8.877524e-09	3.014987e+01	5.818294e+02
2.050000e-06	4.239955e-06	8.795326e-09	2.963654e+01	5.774197e+02
2.060000e-06	4.164975e-06	8.749930e-09	2.911244e+01	5.728350e+02
2.070000e-06	4.088095e-06	8.658808e-09	2.857506e+01	5.680759e+02
2.080000e-06	4.009484e-06	8.558236e-09	2.802559e+01	5.631592e+02
2.090000e-06	3.929437e-06	8.513141e-09	2.746608e+01	5.581036e+02
2.100000e-06	3.848117e-06	8.430989e-09	2.689766e+01	5.529113e+02
2.110000e-06	3.765586e-06	8.370607e-09	2.632079e+01	5.475614e+02
2.120000e-06	3.681733e-06	8.250087e-09	2.573467e+01	5.420206e+02
2.130000e-06	3.596505e-06	8.166205e-09	2.513894e+01	5.362626e+02
2.140000e-06	3.509917e-06	8.089733e-09	2.453370e+01	5.302821e+02
2.150000e-06	3.422023e-06	7.996698e-09	2.391934e+01	5.240931e+02
2.160000e-06	3.332948e-06	7.894534e-09	2.329672e+01	5.177138e+02
2.170000e-06	3.242805e-06	7.767237e-09	2.266663e+01	5.111501e+02
2.180000e-06	3.151607e-06	7.679904e-09	2.202918e+01	5.043905e+02
2.190000e-06	3.059327e-06	7.581209e-09	2.138416e+01	4.974132e+02
2.200000e-06	2.965897e-06	7.479218e-09	2.073110e+01	4.901997e+02
2.210000e-06	2.871273e-06	7.351467e-09	2.006969e+01	4.827427e+02
2.220000e-06	2.775603e-06	7.230164e-09	1.940097e+01	4.750445e+02
2.230000e-06	2.679021e-06	7.121883e-09	1.872588e+01	4.671078e+02
2.240000e-06	2.581598e-06	6.999414e-09	1.804491e+01	4.589278e+02
2.250000e-06	2.483360e-06	6.866374e-09	1.735825e+01	4.504920e+02
2.260000e-06	2.384275e-06	6.716618e-09	1.666566e+01	4.417858e+02
2.270000e-06	2.284278e-06	6.584581e-09	1.596670e+01	4.327974e+02
2.280000e-06	2.183396e-06	6.455027e-09	1.526155e+01	4.235190e+02
2.290000e-06	2.081682e-06	6.314200e-09	1.455059e+01	4.139431e+02
2.300000e-06	1.979087e-06	6.152750e-09	1.383347e+01	4.040613e+02
2.310000e-06	1.875725e-06	5.990114e-09	1.311099e+01	3.938671e+02
2.320000e-06	1.771774e-06	5.840567e-09	1.238439e+01	3.833614e+02
2.330000e-06	1.667291e-06	5.685938e-09	1.165407e+01	3.725541e+02
2.340000e-06	1.562199e-06	5.513942e-09	1.091950e+01	3.614537e+02
2.350000e-06	1.456484e-06	5.328113e-09	1.018057e+01	3.500507e+02
2.360000e-06	1.350343e-06	5.151647e-09	9.438658e+00	3.383044e+02
2.370000e-06	1.243847e-06	4.976203e-09	8.694274e+00	3.261473e+02
2.380000e-06	1.137044e-06	4.785604e-09	7.947737e+00	3.135097e+02
2.390000e-06	1.029964e-06	4.576943e-09	7.199267e+00	3.003537e+02
2.400000e-06	9.224513e-07	4.365198e-09	6.447772e+00	2.866940e+02
2.410000e-06	8.145331e-07	4.159819e-09	5.693443e+00	2.725898e+02
2.420000e-06	7.064351e-07	3.948516e-09	4.937857e+00	2.581067e+02
2.430000e-06	5.981542e-07	3.719778e-09	4.180993e+00	2.432691e+02
2.440000e-06	4.896564e-07	3.478848e-09	3.422612e+00	2.280300e+02
2.450000e-06	3.810378e-07	3.239457e-09	2.663388e+00	2.122799e+02
2.460000e-06	2.723778e-07	2.998350e-09	1.903873e+00	1.958914e+02
2.470000e-06	1.636807e-07	2.742515e-09	1.144100e+00	1.787770e+02
2.480000e-06	5.485876e-08	2.464698e-09	3.834531e-01	1.609274e+02
2.490000e-06	-5.399958e-08	2.176500e-09	-3.774476e-01	1.424088e+02
2.500000e-06	-1.627595e-07	1.888951e-09	-1.137660e+00	1.233207e+02
2.510000e-06	-2.714106e-07	1.595187e-09	-1.897112e+00	1.037369e+02
2.520000e-06	-3.799630e-07	1.289555e-09	-2.655875e+00	8.366228e+01
2.530000e-06	-4.884274e-07	9.706054e-10	-3.414022e+00	6.302797e+01
2.540000e-06	-5.967428e-07	6.468229e-10	-4.171127e+00	4.172802e+01
2.550000e-06	-7.048901e-07	3.174672e-10	-4.927058e+00	1.967870e+01
2.560000e-06	-8.128112e-07	-2.793696e-11	-5.681407e+00	-3.128508e+00
2.570000e-06	-9.204380e-07	-3.897686e-10	-6.433700e+00	-2.660485e+01
2.580000e-06	-1.027760e-06	-7.621501e-10	-7.183864e+00	-5.058174e+01
2.590000e-06	-1.134683e-06	-1.131947e-09	-7.931234e+00	-7.485691e+01
2.600000e-06	-1.241254e-06	-1.498741e-09	-8.676148e+00	-9.924544e+01
2.610000e-06	-1.347522e-06	-1.869311e-09	-9.418942e+00	-1.236114e+02
2.620000e-06	-1.453359e-06	-2.242527e-09	-1.015873e+01	-1.478665e+02
2.630000e-06	-1.558705e-06	-2.610823e-09	-1.089507e+01	-1.719408e+02
2.640000e-06	-1.663496e-06	-2.972006e-09	-1.162755e+01	-1.957441e+02
2.650000e-06	-1.767718e-06	-3.328072e-09	-1.235604e+01	-2.191423e+02
2.660000e-06	-1.871345e-06	-3.678340e-09	-1.308037e+01	-2.419631e+02
2.670000e-06	-1.974255e-06	-4.018061e-09	-1.379969e+01	-2.640293e+02
2.680000e-06	-2.076331e-06	-4.340137e-09	-1.451319e+01	-2.852013e+02
2.690000e-06	-2.177498e-06	-4.646025e-09	-1.522033e+01	-3.054060e+02
2.700000e-06	-2.277819e-06	-4.938771e-09	-1.592156e+01	-3.246369e+02
2.710000e-06	-2.377273e-06	-5.220667e-09	-1.661672e+01	-3.429283e+02
2.720000e-06	-2.475846e-06	-5.489250e-09	-1.730573e+01	-3.603217e+02
2.730000e-06	-2.573626e-06	-5.738358e-09	-1.798919e+01	-3.768446e+02
2.740000e-06	-2.670561e-06	-5.974511e-09	-1.866675e+01	-3.925120e+02
2.750000e-06	-2.766650e-06	-6.204204e-09	-1.933840e+01	-4.073444e+02
2.760000e-06	-2.861872e-06	-6.424280e-09	-2.000398e+01	-4.213832e+02
2.770000e-06	-2.956061e-06	-6.628124e-09	-2.066235e+01	-4.346890e+02
2.780000e-06	-3.049081e-06	-6.816876e-09	-2.131254e+01	-4.473210e+02
2.790000e-06	-3.140904e-06	-6.998969e-09	-2.195437e+01	-4.593120e+02
2.800000e-06	-3.231622e-06	-7.176874e-09	-2.258847e+01	-4.706591e+02
2.810000e-06	-3.321178e-06	-7.341465e-09	-2.321445e+01	-4.813396e+02
2.820000e-06	-3.409501e-06	-7.487861e-09	-2.383181e+01	-4.913461e+02
2.830000e-06	-3.496742e-06	-7.624221e-09	-2.444161e+01	-5.007162e+02
2.840000e-06	-3.582781e-06	-7.760022e-09	-2.504301e+01	-5.095379e+02
2.850000e-06	-3.667366e-06	-7.895414e-09	-2.563425e+01	-5.179239e+02
2.860000e-06	-3.750574e-06	-8.019864e-09	-2.621586e+01	-5.259673e+02
2.870000e-06	-3.832530e-06	-8.132979e-09	-2.678871e+01	-5.337066e+02
2.880000e-06	-3.913230e-06	-8.243995e-09	-2.735279e+01	-5.411189e+02
2.890000e-06	-3.992665e-06	-8.356673e-09	-2.790803e+01	-5.481452e+02
2.900000e-06	-4.070574e-06	-8.462436e-09	-2.845260e+01	-5.547328e+02
2.910000e-06	-4.146745e-06	-8.552832e-09	-2.898502e+01	-5.608721e+02
2.920000e-06	-4.221322e-06	-8.633883e-09	-2.950630e+01	-5.666087e+02
2.930000e-06	-4.294361e-06	-8.716023e-09	-3.001683e+01	-5.720282e+02
2.940000e-06	-4.365877e-06	-8.799401e-09	-3.051671e+01	-5.772241e+02
2.950000e-06	-4.435801e-06	-8.878490e-09	-3.100547e+01	-5.822641e+02
2.960000e-06	-4.503981e-06	-8.951489e-09	-3.148203e+01	-5.871697e+02
2.970000e-06	-4.570560e-06	-9.022012e-09	-3.194741e+01	-5.919132e+02
2.980000e-06	-4.635633e-06	-9.093879e-09	-3.240226e+01	-5.964338e+02
2.990000e-06	-4.699171e-06	-9.162486e-09	-3.284638e+01	-6.006652e+02
3.000000e-06	-4.761025e-06	-9.220824e-09	-3.327873e+01	-6.045668e+02
3.010000e-06	-4.820999e-06	-9.271838e-09	-3.369793e+01	-6.081474e+02
3.020000e-06	-4.879215e-06	-9.321929e-09	-3.410485e+01	-6.114679e+02
3.030000e-06	-4.935810e-06	-9.374316e-09	-3.450044e+01	-6.146206e+02
3.040000e-06	-4.990702e-06	-9.424860e-09	-3.488413e+01	-6.176896e+02
3.050000e-06	-5.043616e-06	-9.469267e-09	-3.525399e+01	-6.207123e+02
3.060000e-06	-5.094459e-06	-9.511167e-09	-3.560938e+01	-6.236631e+02
3.070000e-06	-5.143109e-06	-9.557247e-09	-3.594943e+01	-6.264708e+02
3.080000e-06	-5.189593e-06	-9.599181e-09	-3.627434e+01	-6.290628e+02
3.090000e-06	-5.234306e-06	-9.633090e-09	-3.658688e+01	-6.314083e+02
3.100000e-06	-5.277444e-06	-9.662841e-09	-3.688841e+01	-6.335366e+02
3.110000e-06	-5.318990e-06	-9.693177e-09	-3.717881e+01	-6.355162e+02
3.120000e-06	-5.358840e-06	-9.728432e-09	-3.745735e+01	-6.374103e+02
3.130000e-06	-5.396751e-06	-9.760939e-09	-3.772234e+01	-6.392392e+02
3.140000e-06	-5.432630e-06	-9.786498e-09	-3.797313e+01	-6.409755e+02
3.150000e-06	-5.466616e-06	-9.807687e-09	-3.821068e+01	-6.425753e+02
3.160000e-06	-5.498752e-06	-9.830283e-09	-3.843531e+01	-6.440211e+02
3.170000e-06	-5.528911e-06	-9.853916e-09	-3.864612e+01	-6.453428e+02
3.180000e-06	-5.557032e-06	-9.872078e-09	-3.884267e+01	-6.466004e+02
3.190000e-06	-5.583195e-06	-9.886538e-09	-3.902555e+01	-6.478370e+02
3.200000e-06	-5.607452e-06	-9.906139e-09	-3.919511e+01	-6.490395e+02
3.210000e-06	-5.629674e-06	-9.929000e-09	-3.935043e+01	-6.501371e+02
3.220000e-06	-5.649779e-06	-9.946455e-09	-3.949096e+01	-6.510442e+02
3.230000e-06	-5.667937e-06	-9.955662e-09	-3.961788e+01	-6.517201e+02
3.240000e-06	-5.684233e-06	-9.960254e-09	-3.973179e+01	-6.522037e+02
3.250000e-06	-5.698399e-06	-9.965104e-09	-3.983081e+01	-6.525967e+02
3.260000e-06	-5.710172e-06	-9.972212e-09	-3.991310e+01	-6.530034e+02
3.270000e-06	-5.719831e-06	-9.977167e-09	-3.998062e+01	-6.534666e+02
3.280000e-06	-5.727610e-06	-9.981223e-09	-4.003499e+01	-6.539421e+02
3.290000e-06	-5.733279e-06	-9.987364e-09	-4.007461e+01	-6.543287e+02
3.300000e-06	-5.736880e-06	-9.994772e-09	-4.009978e+01	-6.545318e+02
3.310000e-06	-5.738610e-06	-9.998481e-09	-4.011188e+01	-6.545176e+02
3.320000e-06	-5.738428e-06	-9.994769e-09	-4.011060e+01	-6.543244e+02
