# Temperatura_=_20.0
# Concentracion g/m^3_=_10000.0
# C_Vs_to_Am_M_A/Vsm_=_65563218390.804596
# pendiente_HvsI_1/m_=_3716.3
# ordenada_HvsI_A/m_=_1297.0
# frecuencia_Hz_=_300985.9373216345

Tiempo_(s)	Campo_(V.s)	Magnetizacion_(V.s)	Campo_(kA/m)	Magnetizacion_(A/m)
0.000000e+00	-5.760270e-06	-9.982023e-09	-4.010043e+01	-6.532090e+02
1.000000e-08	-5.757317e-06	-9.977126e-09	-4.007988e+01	-6.529289e+02
2.000000e-08	-5.752406e-06	-9.967112e-09	-4.004569e+01	-6.525959e+02
3.000000e-08	-5.745791e-06	-9.957575e-09	-3.999964e+01	-6.521459e+02
4.000000e-08	-5.737598e-06	-9.945141e-09	-3.994260e+01	-6.515226e+02
5.000000e-08	-5.727429e-06	-9.930842e-09	-3.987181e+01	-6.507430e+02
6.000000e-08	-5.714995e-06	-9.912671e-09	-3.978525e+01	-6.499102e+02
7.000000e-08	-5.700441e-06	-9.876724e-09	-3.968393e+01	-6.491512e+02
8.000000e-08	-5.683495e-06	-9.912399e-09	-3.956596e+01	-6.485196e+02
9.000000e-08	-5.664258e-06	-9.977479e-09	-3.943204e+01	-6.479351e+02
1.000000e-07	-5.642976e-06	-9.923962e-09	-3.928388e+01	-6.472124e+02
1.100000e-07	-5.619640e-06	-9.884227e-09	-3.912143e+01	-6.461741e+02
1.200000e-07	-5.594332e-06	-9.855917e-09	-3.894525e+01	-6.447740e+02
1.300000e-07	-5.567237e-06	-9.695975e-09	-3.875663e+01	-6.431485e+02
1.400000e-07	-5.538673e-06	-9.823861e-09	-3.855777e+01	-6.415506e+02
1.500000e-07	-5.508450e-06	-9.861853e-09	-3.834738e+01	-6.402015e+02
1.600000e-07	-5.476531e-06	-9.616205e-09	-3.812517e+01	-6.391524e+02
1.700000e-07	-5.442689e-06	-9.774575e-09	-3.788957e+01	-6.382424e+02
1.800000e-07	-5.406642e-06	-9.764977e-09	-3.763863e+01	-6.371823e+02
1.900000e-07	-5.368952e-06	-9.625016e-09	-3.737625e+01	-6.357112e+02
2.000000e-07	-5.329561e-06	-9.758360e-09	-3.710203e+01	-6.337297e+02
2.100000e-07	-5.288004e-06	-9.606345e-09	-3.681273e+01	-6.313332e+02
2.200000e-07	-5.244355e-06	-9.502996e-09	-3.650886e+01	-6.287357e+02
2.300000e-07	-5.198783e-06	-9.578585e-09	-3.619161e+01	-6.261406e+02
2.400000e-07	-5.151380e-06	-9.510866e-09	-3.586161e+01	-6.236432e+02
2.500000e-07	-5.101899e-06	-9.511049e-09	-3.551715e+01	-6.212133e+02
2.600000e-07	-5.049980e-06	-9.417076e-09	-3.515571e+01	-6.187528e+02
2.700000e-07	-4.996033e-06	-9.360197e-09	-3.478016e+01	-6.161739e+02
2.800000e-07	-4.940460e-06	-9.375271e-09	-3.439328e+01	-6.134416e+02
2.900000e-07	-4.883216e-06	-9.334360e-09	-3.399477e+01	-6.105633e+02
3.000000e-07	-4.824025e-06	-9.276208e-09	-3.358272e+01	-6.075483e+02
3.100000e-07	-4.762915e-06	-9.173368e-09	-3.315729e+01	-6.043798e+02
3.200000e-07	-4.700251e-06	-9.175331e-09	-3.272106e+01	-6.010246e+02
3.300000e-07	-4.636161e-06	-9.139122e-09	-3.227489e+01	-5.974679e+02
3.400000e-07	-4.570352e-06	-9.056698e-09	-3.181675e+01	-5.937409e+02
3.500000e-07	-4.502637e-06	-9.001380e-09	-3.134535e+01	-5.899113e+02
3.600000e-07	-4.433249e-06	-8.896497e-09	-3.086230e+01	-5.860398e+02
3.700000e-07	-4.362404e-06	-8.880502e-09	-3.036911e+01	-5.821328e+02
3.800000e-07	-4.290175e-06	-8.857085e-09	-2.986629e+01	-5.781272e+02
3.900000e-07	-4.216211e-06	-8.755964e-09	-2.935138e+01	-5.739207e+02
4.000000e-07	-4.140356e-06	-8.671177e-09	-2.882332e+01	-5.694271e+02
4.100000e-07	-4.062962e-06	-8.593184e-09	-2.828453e+01	-5.646233e+02
4.200000e-07	-3.984051e-06	-8.560268e-09	-2.773519e+01	-5.595571e+02
4.300000e-07	-3.903371e-06	-8.474245e-09	-2.717353e+01	-5.543160e+02
4.400000e-07	-3.821104e-06	-8.363746e-09	-2.660082e+01	-5.489805e+02
4.500000e-07	-3.737603e-06	-8.266621e-09	-2.601953e+01	-5.435887e+02
4.600000e-07	-3.653017e-06	-8.204202e-09	-2.543067e+01	-5.381281e+02
4.700000e-07	-3.567346e-06	-8.157354e-09	-2.483427e+01	-5.325494e+02
4.800000e-07	-3.480512e-06	-8.047707e-09	-2.422977e+01	-5.267854e+02
4.900000e-07	-3.392546e-06	-7.940319e-09	-2.361739e+01	-5.207672e+02
5.000000e-07	-3.303351e-06	-7.840220e-09	-2.299646e+01	-5.144369e+02
5.100000e-07	-3.212840e-06	-7.765221e-09	-2.236636e+01	-5.077633e+02
5.200000e-07	-3.121109e-06	-7.665074e-09	-2.172777e+01	-5.007593e+02
5.300000e-07	-3.028277e-06	-7.526653e-09	-2.108152e+01	-4.934892e+02
5.400000e-07	-2.934386e-06	-7.398621e-09	-2.042789e+01	-4.860512e+02
5.500000e-07	-2.839464e-06	-7.299897e-09	-1.976708e+01	-4.785329e+02
5.600000e-07	-2.743619e-06	-7.211801e-09	-1.909985e+01	-4.709597e+02
5.700000e-07	-2.646834e-06	-7.085424e-09	-1.842608e+01	-4.632676e+02
5.800000e-07	-2.549029e-06	-6.944694e-09	-1.774520e+01	-4.553232e+02
5.900000e-07	-2.450174e-06	-6.811079e-09	-1.705702e+01	-4.469854e+02
6.000000e-07	-2.350293e-06	-6.694485e-09	-1.636169e+01	-4.381763e+02
6.100000e-07	-2.249586e-06	-6.561102e-09	-1.566062e+01	-4.289183e+02
6.200000e-07	-2.148187e-06	-6.399578e-09	-1.495472e+01	-4.193155e+02
6.300000e-07	-2.046046e-06	-6.236196e-09	-1.424366e+01	-4.094897e+02
6.400000e-07	-1.943165e-06	-6.094045e-09	-1.352745e+01	-3.995121e+02
6.500000e-07	-1.839667e-06	-5.957873e-09	-1.280694e+01	-3.893706e+02
6.600000e-07	-1.735618e-06	-5.793312e-09	-1.208260e+01	-3.789870e+02
6.700000e-07	-1.630938e-06	-5.612675e-09	-1.135387e+01	-3.682670e+02
6.800000e-07	-1.525533e-06	-5.437503e-09	-1.062008e+01	-3.571462e+02
6.900000e-07	-1.419468e-06	-5.277238e-09	-9.881707e+00	-3.456039e+02
7.000000e-07	-1.312843e-06	-5.104147e-09	-9.139427e+00	-3.336437e+02
7.100000e-07	-1.205710e-06	-4.906280e-09	-8.393616e+00	-3.212651e+02
7.200000e-07	-1.098148e-06	-4.698542e-09	-7.644818e+00	-3.084505e+02
7.300000e-07	-9.901535e-07	-4.500546e-09	-6.893007e+00	-2.951796e+02
7.400000e-07	-8.818318e-07	-4.300702e-09	-6.138921e+00	-2.814538e+02
7.500000e-07	-7.731793e-07	-4.079794e-09	-5.382530e+00	-2.673051e+02
7.600000e-07	-6.641780e-07	-3.845519e-09	-4.623711e+00	-2.527755e+02
7.700000e-07	-5.549930e-07	-3.613763e-09	-3.863614e+00	-2.378759e+02
7.800000e-07	-4.456981e-07	-3.393719e-09	-3.102752e+00	-2.225531e+02
7.900000e-07	-3.362981e-07	-3.159487e-09	-2.341158e+00	-2.066944e+02
8.000000e-07	-2.267793e-07	-2.897509e-09	-1.578736e+00	-1.901719e+02
8.100000e-07	-1.171591e-07	-2.619495e-09	-8.156096e-01	-1.729044e+02
8.200000e-07	-7.509451e-09	-2.346399e-09	-5.227745e-02	-1.548986e+02
8.300000e-07	1.021063e-07	-2.072588e-09	7.108185e-01	-1.362431e+02
8.400000e-07	2.117338e-07	-1.779761e-09	1.473996e+00	-1.170559e+02
8.500000e-07	3.213249e-07	-1.470712e-09	2.236921e+00	-9.741421e+01
8.600000e-07	4.307788e-07	-1.159418e-09	2.998890e+00	-7.730800e+01
8.700000e-07	5.401351e-07	-8.526411e-10	3.760180e+00	-5.664191e+01
8.800000e-07	6.493521e-07	-5.336913e-10	4.520500e+00	-3.528576e+01
8.900000e-07	7.584108e-07	-1.908553e-10	5.279718e+00	-1.314651e+01
9.000000e-07	8.672611e-07	1.700036e-10	6.037485e+00	9.774265e+00
9.100000e-07	9.757629e-07	5.299214e-10	6.792827e+00	3.336404e+01
9.200000e-07	1.083866e-06	8.895055e-10	7.545393e+00	5.742824e+01
9.300000e-07	1.191555e-06	1.258536e-09	8.295078e+00	8.174717e+01
9.400000e-07	1.298797e-06	1.636309e-09	9.041644e+00	1.061321e+02
9.500000e-07	1.405580e-06	2.012950e-09	9.785019e+00	1.304548e+02
9.600000e-07	1.511868e-06	2.376197e-09	1.052495e+01	1.546407e+02
9.700000e-07	1.617494e-06	2.732969e-09	1.126027e+01	1.786312e+02
9.800000e-07	1.722404e-06	3.094662e-09	1.199061e+01	2.023409e+02
9.900000e-07	1.826634e-06	3.458696e-09	1.271621e+01	2.256307e+02
1.000000e-06	1.930208e-06	3.807429e-09	1.343725e+01	2.483168e+02
1.010000e-06	2.033178e-06	4.135563e-09	1.415408e+01	2.702101e+02
1.020000e-06	2.135441e-06	4.452298e-09	1.486599e+01	2.911673e+02
1.030000e-06	2.236988e-06	4.762605e-09	1.557292e+01	3.111268e+02
1.040000e-06	2.337871e-06	5.055791e-09	1.627521e+01	3.301093e+02
1.050000e-06	2.437920e-06	5.325293e-09	1.697172e+01	3.481827e+02
1.060000e-06	2.536993e-06	5.580978e-09	1.766142e+01	3.654133e+02
1.070000e-06	2.635104e-06	5.831461e-09	1.834442e+01	3.818301e+02
1.080000e-06	2.732159e-06	6.072622e-09	1.902007e+01	3.974230e+02
1.090000e-06	2.828156e-06	6.297322e-09	1.968836e+01	4.121707e+02
1.100000e-06	2.923172e-06	6.503570e-09	2.034982e+01	4.260788e+02
1.110000e-06	3.017168e-06	6.702645e-09	2.100418e+01	4.391979e+02
1.120000e-06	3.110234e-06	6.898465e-09	2.165206e+01	4.516117e+02
1.130000e-06	3.202330e-06	7.082561e-09	2.229320e+01	4.633999e+02
1.140000e-06	3.293288e-06	7.248800e-09	2.292640e+01	4.746047e+02
1.150000e-06	3.382924e-06	7.403237e-09	2.355041e+01	4.852214e+02
1.160000e-06	3.471190e-06	7.555937e-09	2.416488e+01	4.952232e+02
1.170000e-06	3.558265e-06	7.705227e-09	2.477106e+01	5.046009e+02
1.180000e-06	3.644247e-06	7.842009e-09	2.536962e+01	5.133941e+02
1.190000e-06	3.729087e-06	7.962742e-09	2.596024e+01	5.216916e+02
1.200000e-06	3.812695e-06	8.077984e-09	2.654228e+01	5.296009e+02
1.210000e-06	3.894952e-06	8.195907e-09	2.711492e+01	5.372054e+02
1.220000e-06	3.975760e-06	8.314141e-09	2.767747e+01	5.445339e+02
1.230000e-06	4.055133e-06	8.422341e-09	2.823003e+01	5.515592e+02
1.240000e-06	4.133038e-06	8.519752e-09	2.877237e+01	5.582234e+02
1.250000e-06	4.209360e-06	8.610806e-09	2.930369e+01	5.644760e+02
1.260000e-06	4.284019e-06	8.702867e-09	2.982343e+01	5.703048e+02
1.270000e-06	4.356981e-06	8.789958e-09	3.033136e+01	5.757468e+02
1.280000e-06	4.428328e-06	8.867211e-09	3.082805e+01	5.808772e+02
1.290000e-06	4.498167e-06	8.936676e-09	3.131423e+01	5.857836e+02
1.300000e-06	4.566520e-06	9.006190e-09	3.179008e+01	5.905355e+02
1.310000e-06	4.633257e-06	9.081135e-09	3.225467e+01	5.951608e+02
1.320000e-06	4.698209e-06	9.152676e-09	3.270684e+01	5.996382e+02
1.330000e-06	4.761485e-06	9.213574e-09	3.314734e+01	6.039104e+02
1.340000e-06	4.823231e-06	9.269264e-09	3.357718e+01	6.079139e+02
1.350000e-06	4.883436e-06	9.327784e-09	3.399631e+01	6.116137e+02
1.360000e-06	4.941839e-06	9.383890e-09	3.440288e+01	6.150257e+02
1.370000e-06	4.998323e-06	9.430232e-09	3.479610e+01	6.182124e+02
1.380000e-06	5.053114e-06	9.469419e-09	3.517753e+01	6.212523e+02
1.390000e-06	5.106063e-06	9.512112e-09	3.554614e+01	6.242001e+02
1.400000e-06	5.156761e-06	9.558996e-09	3.589907e+01	6.270614e+02
1.410000e-06	5.205265e-06	9.604019e-09	3.623674e+01	6.297978e+02
1.420000e-06	5.251899e-06	9.642552e-09	3.656138e+01	6.323609e+02
1.430000e-06	5.296861e-06	9.675274e-09	3.687439e+01	6.347295e+02
1.440000e-06	5.340016e-06	9.709223e-09	3.717482e+01	6.369242e+02
1.450000e-06	5.381108e-06	9.743495e-09	3.746088e+01	6.389889e+02
1.460000e-06	5.420291e-06	9.771536e-09	3.773365e+01	6.409533e+02
1.470000e-06	5.457750e-06	9.793166e-09	3.799443e+01	6.428059e+02
1.480000e-06	5.493409e-06	9.814051e-09	3.824267e+01	6.445026e+02
1.490000e-06	5.527013e-06	9.837698e-09	3.847660e+01	6.460061e+02
1.500000e-06	5.558592e-06	9.862857e-09	3.869644e+01	6.473276e+02
1.510000e-06	5.588333e-06	9.884111e-09	3.890348e+01	6.485359e+02
1.520000e-06	5.616226e-06	9.900294e-09	3.909766e+01	6.497204e+02
1.530000e-06	5.641990e-06	9.918351e-09	3.927702e+01	6.509307e+02
1.540000e-06	5.665601e-06	9.938728e-09	3.944139e+01	6.521346e+02
1.550000e-06	5.687381e-06	9.954900e-09	3.959301e+01	6.532307e+02
1.560000e-06	5.707329e-06	9.962878e-09	3.973188e+01	6.541095e+02
1.570000e-06	5.725272e-06	9.967742e-09	3.985679e+01	6.547266e+02
1.580000e-06	5.741087e-06	9.974588e-09	3.996689e+01	6.551342e+02
1.590000e-06	5.754804e-06	9.983780e-09	4.006238e+01	6.554496e+02
1.600000e-06	5.766281e-06	9.991609e-09	4.014228e+01	6.557789e+02
1.610000e-06	5.775426e-06	9.995513e-09	4.020594e+01	6.561500e+02
1.620000e-06	5.782452e-06	9.998823e-09	4.025485e+01	6.565021e+02
1.630000e-06	5.787568e-06	1.000259e-08	4.029047e+01	6.567353e+02
1.640000e-06	5.790629e-06	1.000461e-08	4.031178e+01	6.567845e+02
1.650000e-06	5.791544e-06	1.000472e-08	4.031815e+01	6.566607e+02
1.660000e-06	5.790558e-06	9.996825e-09	4.031128e+01	6.564305e+02
1.670000e-06	5.787829e-06	9.986995e-09	4.029229e+01	6.561530e+02
1.680000e-06	5.783246e-06	9.984445e-09	4.026039e+01	6.558269e+02
1.690000e-06	5.776597e-06	9.979142e-09	4.021409e+01	6.553917e+02
1.700000e-06	5.768069e-06	9.970350e-09	4.015472e+01	6.547866e+02
1.710000e-06	5.757821e-06	9.965461e-09	4.008339e+01	6.540188e+02
1.720000e-06	5.745526e-06	9.978627e-09	3.999780e+01	6.531840e+02
1.730000e-06	5.731095e-06	9.997153e-09	3.989733e+01	6.524112e+02
1.740000e-06	5.714730e-06	9.871893e-09	3.978341e+01	6.517661e+02
1.750000e-06	5.696049e-06	9.844136e-09	3.965336e+01	6.511830e+02
1.760000e-06	5.674357e-06	9.868272e-09	3.950235e+01	6.504837e+02
1.770000e-06	5.650071e-06	9.840818e-09	3.933328e+01	6.494832e+02
1.780000e-06	5.624343e-06	1.000208e-08	3.915417e+01	6.481172e+02
1.790000e-06	5.597814e-06	9.842037e-09	3.896949e+01	6.465036e+02
1.800000e-06	5.569907e-06	9.701212e-09	3.877521e+01	6.448889e+02
1.810000e-06	5.539533e-06	9.956610e-09	3.856376e+01	6.435057e+02
1.820000e-06	5.507343e-06	9.754974e-09	3.833967e+01	6.424275e+02
1.830000e-06	5.473636e-06	9.734514e-09	3.810502e+01	6.415141e+02
1.840000e-06	5.437528e-06	9.908086e-09	3.785365e+01	6.404831e+02
1.850000e-06	5.399266e-06	9.584747e-09	3.758728e+01	6.390632e+02
1.860000e-06	5.359149e-06	9.702560e-09	3.730801e+01	6.371337e+02
1.870000e-06	5.317267e-06	9.808190e-09	3.701644e+01	6.347712e+02
1.880000e-06	5.273853e-06	9.589200e-09	3.671421e+01	6.321830e+02
1.890000e-06	5.228407e-06	9.651945e-09	3.639784e+01	6.295795e+02
1.900000e-06	5.181018e-06	9.495866e-09	3.606794e+01	6.270699e+02
1.910000e-06	5.131857e-06	9.517945e-09	3.572570e+01	6.246357e+02
1.920000e-06	5.080446e-06	9.590832e-09	3.536780e+01	6.221822e+02
1.930000e-06	5.026975e-06	9.366737e-09	3.499556e+01	6.196175e+02
1.940000e-06	4.971563e-06	9.416801e-09	3.460980e+01	6.169004e+02
1.950000e-06	4.914380e-06	9.331994e-09	3.421172e+01	6.140358e+02
1.960000e-06	4.855602e-06	9.353795e-09	3.380254e+01	6.110344e+02
1.970000e-06	4.794992e-06	9.312445e-09	3.338060e+01	6.078827e+02
1.980000e-06	4.732533e-06	9.134738e-09	3.294578e+01	6.045476e+02
1.990000e-06	4.668268e-06	9.194894e-09	3.249841e+01	6.010106e+02
2.000000e-06	4.602441e-06	9.058906e-09	3.204015e+01	5.972978e+02
2.010000e-06	4.535158e-06	9.105769e-09	3.157175e+01	5.934745e+02
2.020000e-06	4.466078e-06	9.022516e-09	3.109084e+01	5.896047e+02
2.030000e-06	4.395220e-06	8.859587e-09	3.059757e+01	5.857021e+02
2.040000e-06	4.322752e-06	8.893834e-09	3.009308e+01	5.817105e+02
2.050000e-06	4.248839e-06	8.784820e-09	2.957853e+01	5.775291e+02
2.060000e-06	4.173267e-06	8.789894e-09	2.905242e+01	5.730675e+02
2.070000e-06	4.095744e-06	8.632713e-09	2.851274e+01	5.682945e+02
2.080000e-06	4.016610e-06	8.549596e-09	2.796185e+01	5.632513e+02
2.090000e-06	3.936129e-06	8.526887e-09	2.740158e+01	5.580234e+02
2.100000e-06	3.854395e-06	8.433840e-09	2.683258e+01	5.526940e+02
2.110000e-06	3.771442e-06	8.378844e-09	2.625510e+01	5.473067e+02
2.120000e-06	3.687177e-06	8.208276e-09	2.566848e+01	5.418542e+02
2.130000e-06	3.601377e-06	8.170966e-09	2.507118e+01	5.362899e+02
2.140000e-06	3.514156e-06	8.092275e-09	2.446399e+01	5.305479e+02
2.150000e-06	3.425794e-06	8.011319e-09	2.384885e+01	5.245588e+02
2.160000e-06	3.336287e-06	7.890826e-09	2.322574e+01	5.182628e+02
2.170000e-06	3.245688e-06	7.754351e-09	2.259503e+01	5.116250e+02
2.180000e-06	3.154032e-06	7.698708e-09	2.195696e+01	5.046529e+02
2.190000e-06	3.061265e-06	7.592410e-09	2.131116e+01	4.974057e+02
2.200000e-06	2.967278e-06	7.486737e-09	2.065687e+01	4.899796e+02
2.210000e-06	2.872076e-06	7.324945e-09	1.999411e+01	4.824660e+02
2.220000e-06	2.775877e-06	7.217023e-09	1.932442e+01	4.748989e+02
2.230000e-06	2.678815e-06	7.124832e-09	1.864872e+01	4.672239e+02
2.240000e-06	2.580910e-06	7.011377e-09	1.796715e+01	4.593126e+02
2.250000e-06	2.482213e-06	6.870778e-09	1.728006e+01	4.510210e+02
2.260000e-06	2.382634e-06	6.711509e-09	1.658684e+01	4.422619e+02
2.270000e-06	2.282085e-06	6.594539e-09	1.588686e+01	4.330468e+02
2.280000e-06	2.180739e-06	6.466127e-09	1.518133e+01	4.234736e+02
2.290000e-06	2.078553e-06	6.315299e-09	1.446996e+01	4.136656e+02
2.300000e-06	1.975525e-06	6.130457e-09	1.375273e+01	4.037021e+02
2.310000e-06	1.871765e-06	5.973756e-09	1.303040e+01	3.935799e+02
2.320000e-06	1.767315e-06	5.842105e-09	1.230326e+01	3.832256e+02
2.330000e-06	1.662327e-06	5.696041e-09	1.157238e+01	3.725443e+02
2.340000e-06	1.556817e-06	5.515141e-09	1.083787e+01	3.614670e+02
2.350000e-06	1.450769e-06	5.317890e-09	1.009961e+01	3.499685e+02
2.360000e-06	1.344282e-06	5.145403e-09	9.358295e+00	3.380517e+02
2.370000e-06	1.237438e-06	4.972645e-09	8.614490e+00	3.257172e+02
2.380000e-06	1.130247e-06	4.775941e-09	7.868277e+00	3.129492e+02
2.390000e-06	1.022706e-06	4.555101e-09	7.119626e+00	2.997265e+02
2.400000e-06	9.147579e-07	4.343703e-09	6.368137e+00	2.860471e+02
2.410000e-06	8.064362e-07	4.150456e-09	5.614049e+00	2.719403e+02
2.420000e-06	6.978447e-07	3.946149e-09	4.858084e+00	2.574489e+02
2.430000e-06	5.890745e-07	3.708965e-09	4.100874e+00	2.425889e+02
2.440000e-06	4.801150e-07	3.456856e-09	3.342347e+00	2.273148e+02
2.450000e-06	3.710643e-07	3.219550e-09	2.583184e+00	2.115186e+02
2.460000e-06	2.619894e-07	2.986324e-09	1.823853e+00	1.950712e+02
2.470000e-06	1.528397e-07	2.730350e-09	1.064002e+00	1.778836e+02
2.480000e-06	4.359427e-08	2.444698e-09	3.034839e-01	1.599526e+02
2.490000e-06	-6.568226e-08	2.153279e-09	-4.572506e-01	1.413598e+02
2.500000e-06	-1.748128e-07	1.872638e-09	-1.216969e+00	1.222234e+02
2.510000e-06	-2.838298e-07	1.583523e-09	-1.975897e+00	1.026279e+02
2.520000e-06	-3.928085e-07	1.273493e-09	-2.734557e+00	8.257355e+01
2.530000e-06	-5.016876e-07	9.479785e-10	-3.492526e+00	6.197240e+01
2.540000e-06	-6.104257e-07	6.257867e-10	-4.249512e+00	4.069464e+01
2.550000e-06	-7.189434e-07	3.040658e-10	-5.004964e+00	1.863996e+01
2.560000e-06	-8.272159e-07	-4.049965e-11	-5.758709e+00	-4.201845e+00
2.570000e-06	-9.352310e-07	-4.084985e-10	-6.510662e+00	-2.772947e+01
2.580000e-06	-1.042884e-06	-7.836325e-10	-7.260097e+00	-5.175466e+01
2.590000e-06	-1.150130e-06	-1.147837e-09	-8.006694e+00	-7.605749e+01
2.600000e-06	-1.257043e-06	-1.509694e-09	-8.750971e+00	-1.004438e+02
2.610000e-06	-1.363613e-06	-1.882384e-09	-9.492869e+00	-1.247788e+02
2.620000e-06	-1.469748e-06	-2.260863e-09	-1.023173e+01	-1.489832e+02
2.630000e-06	-1.575462e-06	-2.627982e-09	-1.096767e+01	-1.729993e+02
2.640000e-06	-1.680610e-06	-2.981057e-09	-1.169966e+01	-1.967459e+02
2.650000e-06	-1.785123e-06	-3.333199e-09	-1.242723e+01	-2.200901e+02
2.660000e-06	-1.889060e-06	-3.685110e-09	-1.315080e+01	-2.428516e+02
2.670000e-06	-1.992327e-06	-4.025999e-09	-1.386969e+01	-2.648391e+02
2.680000e-06	-2.094807e-06	-4.343428e-09	-1.458311e+01	-2.859024e+02
2.690000e-06	-2.196450e-06	-4.642175e-09	-1.529070e+01	-3.059703e+02
2.700000e-06	-2.297207e-06	-4.933604e-09	-1.599213e+01	-3.250559e+02
2.710000e-06	-2.397009e-06	-5.218546e-09	-1.668691e+01	-3.432244e+02
2.720000e-06	-2.495936e-06	-5.486988e-09	-1.737559e+01	-3.605443e+02
2.730000e-06	-2.594004e-06	-5.732470e-09	-1.805830e+01	-3.770495e+02
2.740000e-06	-2.691183e-06	-5.966128e-09	-1.873482e+01	-3.927331e+02
2.750000e-06	-2.787543e-06	-6.197702e-09	-1.940563e+01	-4.075731e+02
2.760000e-06	-2.883019e-06	-6.420705e-09	-2.007030e+01	-4.215707e+02
2.770000e-06	-2.977495e-06	-6.621579e-09	-2.072799e+01	-4.347719e+02
2.780000e-06	-3.070880e-06	-6.803917e-09	-2.137810e+01	-4.472583e+02
2.790000e-06	-3.163033e-06	-6.983409e-09	-2.201962e+01	-4.591119e+02
2.800000e-06	-3.253995e-06	-7.162740e-09	-2.265286e+01	-4.703799e+02
2.810000e-06	-3.343831e-06	-7.329301e-09	-2.327826e+01	-4.810621e+02
2.820000e-06	-3.432449e-06	-7.475398e-09	-2.389518e+01	-4.911321e+02
2.830000e-06	-3.519885e-06	-7.611732e-09	-2.450387e+01	-5.005770e+02
2.840000e-06	-3.606121e-06	-7.750391e-09	-2.510421e+01	-5.094306e+02
2.850000e-06	-3.690961e-06	-7.886932e-09	-2.569482e+01	-5.177773e+02
2.860000e-06	-3.774389e-06	-8.009339e-09	-2.627562e+01	-5.257246e+02
2.870000e-06	-3.856577e-06	-8.121096e-09	-2.684777e+01	-5.333605e+02
2.880000e-06	-3.937542e-06	-8.231875e-09	-2.741142e+01	-5.407203e+02
2.890000e-06	-4.017137e-06	-8.345469e-09	-2.796552e+01	-5.477819e+02
2.900000e-06	-4.095218e-06	-8.452321e-09	-2.850908e+01	-5.544889e+02
2.910000e-06	-4.171530e-06	-8.544040e-09	-2.904033e+01	-5.607883e+02
2.920000e-06	-4.246117e-06	-8.627297e-09	-2.955958e+01	-5.666628e+02
2.930000e-06	-4.319237e-06	-8.710182e-09	-3.006860e+01	-5.721443e+02
2.940000e-06	-4.390897e-06	-8.792215e-09	-3.056747e+01	-5.773051e+02
2.950000e-06	-4.460941e-06	-8.868590e-09	-3.105509e+01	-5.822329e+02
2.960000e-06	-4.529201e-06	-8.940328e-09	-3.153028e+01	-5.870004e+02
2.970000e-06	-4.595833e-06	-9.011660e-09	-3.199414e+01	-5.916407e+02
2.980000e-06	-4.660980e-06	-9.084667e-09	-3.244767e+01	-5.961375e+02
2.990000e-06	-4.724573e-06	-9.154307e-09	-3.289038e+01	-6.004361e+02
3.000000e-06	-4.786424e-06	-9.215149e-09	-3.332095e+01	-6.044721e+02
3.010000e-06	-4.846432e-06	-9.268553e-09	-3.373870e+01	-6.082059e+02
3.020000e-06	-4.904698e-06	-9.320676e-09	-3.414432e+01	-6.116477e+02
3.030000e-06	-4.961357e-06	-9.374443e-09	-3.453876e+01	-6.148559e+02
3.040000e-06	-5.016357e-06	-9.423664e-09	-3.492164e+01	-6.179094e+02
3.050000e-06	-5.069276e-06	-9.468202e-09	-3.529004e+01	-6.208672e+02
3.060000e-06	-5.120028e-06	-9.511236e-09	-3.564336e+01	-6.237402e+02
3.070000e-06	-5.168654e-06	-9.555996e-09	-3.598187e+01	-6.264937e+02
3.080000e-06	-5.215178e-06	-9.595714e-09	-3.630574e+01	-6.290784e+02
3.090000e-06	-5.259975e-06	-9.629566e-09	-3.661760e+01	-6.314687e+02
3.100000e-06	-5.303183e-06	-9.660892e-09	-3.691840e+01	-6.336813e+02
3.110000e-06	-5.344677e-06	-9.692702e-09	-3.720726e+01	-6.357593e+02
3.120000e-06	-5.384415e-06	-9.728043e-09	-3.748390e+01	-6.377354e+02
3.130000e-06	-5.422233e-06	-9.760623e-09	-3.774717e+01	-6.396030e+02
3.140000e-06	-5.457956e-06	-9.789039e-09	-3.799586e+01	-6.413199e+02
3.150000e-06	-5.491791e-06	-9.811382e-09	-3.823140e+01	-6.428459e+02
3.160000e-06	-5.523923e-06	-9.831837e-09	-3.845509e+01	-6.441858e+02
3.170000e-06	-5.554035e-06	-9.851573e-09	-3.866472e+01	-6.454030e+02
3.180000e-06	-5.581996e-06	-9.868607e-09	-3.885937e+01	-6.465878e+02
3.190000e-06	-5.608102e-06	-9.882609e-09	-3.904111e+01	-6.477965e+02
3.200000e-06	-5.632384e-06	-9.899893e-09	-3.921015e+01	-6.490064e+02
3.210000e-06	-5.654560e-06	-9.918446e-09	-3.936453e+01	-6.501210e+02
3.220000e-06	-5.674609e-06	-9.935108e-09	-3.950410e+01	-6.510281e+02
3.230000e-06	-5.692766e-06	-9.947487e-09	-3.963050e+01	-6.516736e+02
3.240000e-06	-5.709017e-06	-9.955014e-09	-3.974363e+01	-6.520999e+02
3.250000e-06	-5.723014e-06	-9.959787e-09	-3.984108e+01	-6.524205e+02
3.260000e-06	-5.734647e-06	-9.962854e-09	-3.992205e+01	-6.527464e+02
3.270000e-06	-5.744179e-06	-9.965116e-09	-3.998841e+01	-6.531159e+02
3.280000e-06	-5.751796e-06	-9.968291e-09	-4.004144e+01	-6.534760e+02
3.290000e-06	-5.757291e-06	-9.973495e-09	-4.007970e+01	-6.537274e+02
3.300000e-06	-5.760662e-06	-9.977348e-09	-4.010316e+01	-6.537985e+02
3.310000e-06	-5.762181e-06	-9.976949e-09	-4.011374e+01	-6.536918e+02
3.320000e-06	-5.761831e-06	-9.976855e-09	-4.011130e+01	-6.534707e+02
