# Temperatura_=_20.0
# Concentracion g/m^3_=_10000.0
# C_Vs_to_Am_M_A/Vsm_=_65563218390.804596
# pendiente_HvsI_1/m_=_3716.3
# ordenada_HvsI_A/m_=_1297.0
# frecuencia_Hz_=_300990.5082769622

Tiempo_(s)	Campo_(V.s)	Magnetizacion_(V.s)	Campo_(kA/m)	Magnetizacion_(A/m)
0.000000e+00	-5.756175e-06	-9.990258e-09	-4.010562e+01	-6.543184e+02
1.000000e-08	-5.753513e-06	-9.990549e-09	-4.008708e+01	-6.541145e+02
2.000000e-08	-5.748878e-06	-9.989284e-09	-4.005478e+01	-6.540273e+02
3.000000e-08	-5.742494e-06	-9.988316e-09	-4.001030e+01	-6.539246e+02
4.000000e-08	-5.734399e-06	-9.982998e-09	-3.995390e+01	-6.536411e+02
5.000000e-08	-5.724332e-06	-9.973623e-09	-3.988376e+01	-6.530878e+02
6.000000e-08	-5.712087e-06	-9.962021e-09	-3.979844e+01	-6.523059e+02
7.000000e-08	-5.697828e-06	-9.929376e-09	-3.969910e+01	-6.514300e+02
8.000000e-08	-5.681271e-06	-9.921397e-09	-3.958374e+01	-6.505851e+02
9.000000e-08	-5.662350e-06	-9.960040e-09	-3.945191e+01	-6.497938e+02
1.000000e-07	-5.641280e-06	-9.940040e-09	-3.930511e+01	-6.489618e+02
1.100000e-07	-5.618169e-06	-9.906392e-09	-3.914408e+01	-6.479544e+02
1.200000e-07	-5.593093e-06	-9.899569e-09	-3.896937e+01	-6.467089e+02
1.300000e-07	-5.566226e-06	-9.785799e-09	-3.878217e+01	-6.452990e+02
1.400000e-07	-5.537861e-06	-9.807769e-09	-3.858454e+01	-6.438996e+02
1.500000e-07	-5.507815e-06	-9.884487e-09	-3.837520e+01	-6.426675e+02
1.600000e-07	-5.476094e-06	-9.722629e-09	-3.815419e+01	-6.416203e+02
1.700000e-07	-5.442574e-06	-9.757102e-09	-3.792064e+01	-6.405981e+02
1.800000e-07	-5.406893e-06	-9.795735e-09	-3.767204e+01	-6.393429e+02
1.900000e-07	-5.369440e-06	-9.668020e-09	-3.741109e+01	-6.376469e+02
2.000000e-07	-5.330273e-06	-9.729046e-09	-3.713819e+01	-6.354781e+02
2.100000e-07	-5.289039e-06	-9.667093e-09	-3.685090e+01	-6.329989e+02
2.200000e-07	-5.245703e-06	-9.555161e-09	-3.654896e+01	-6.304677e+02
2.300000e-07	-5.200396e-06	-9.587219e-09	-3.623329e+01	-6.280852e+02
2.400000e-07	-5.153239e-06	-9.554400e-09	-3.590473e+01	-6.258827e+02
2.500000e-07	-5.104035e-06	-9.536061e-09	-3.556190e+01	-6.237183e+02
2.600000e-07	-5.052444e-06	-9.478652e-09	-3.520244e+01	-6.213747e+02
2.700000e-07	-4.998742e-06	-9.409836e-09	-3.482828e+01	-6.186920e+02
2.800000e-07	-4.943430e-06	-9.388965e-09	-3.444290e+01	-6.156509e+02
2.900000e-07	-4.886433e-06	-9.348456e-09	-3.404578e+01	-6.123647e+02
3.000000e-07	-4.827491e-06	-9.303797e-09	-3.363510e+01	-6.089957e+02
3.100000e-07	-4.766677e-06	-9.213785e-09	-3.321139e+01	-6.056593e+02
3.200000e-07	-4.704295e-06	-9.180462e-09	-3.277675e+01	-6.023723e+02
3.300000e-07	-4.640444e-06	-9.161989e-09	-3.233187e+01	-5.990659e+02
3.400000e-07	-4.574941e-06	-9.088576e-09	-3.187548e+01	-5.956407e+02
3.500000e-07	-4.507567e-06	-9.036718e-09	-3.140606e+01	-5.920187e+02
3.600000e-07	-4.438434e-06	-8.947458e-09	-3.092439e+01	-5.881641e+02
3.700000e-07	-4.367795e-06	-8.893184e-09	-3.043221e+01	-5.840729e+02
3.800000e-07	-4.295721e-06	-8.864113e-09	-2.993005e+01	-5.797535e+02
3.900000e-07	-4.222024e-06	-8.781306e-09	-2.941657e+01	-5.752192e+02
4.000000e-07	-4.146498e-06	-8.696454e-09	-2.889034e+01	-5.704953e+02
4.100000e-07	-4.069316e-06	-8.614087e-09	-2.835259e+01	-5.656256e+02
4.200000e-07	-3.990645e-06	-8.567931e-09	-2.780446e+01	-5.606629e+02
4.300000e-07	-3.910330e-06	-8.494560e-09	-2.724487e+01	-5.556426e+02
4.400000e-07	-3.828356e-06	-8.395503e-09	-2.667372e+01	-5.505565e+02
4.500000e-07	-3.745041e-06	-8.297968e-09	-2.609323e+01	-5.453468e+02
4.600000e-07	-3.660629e-06	-8.220833e-09	-2.550510e+01	-5.399274e+02
4.700000e-07	-3.575162e-06	-8.165975e-09	-2.490961e+01	-5.342218e+02
4.800000e-07	-3.488576e-06	-8.070523e-09	-2.430634e+01	-5.281944e+02
4.900000e-07	-3.400801e-06	-7.962081e-09	-2.369477e+01	-5.218587e+02
5.000000e-07	-3.311799e-06	-7.857002e-09	-2.307466e+01	-5.152631e+02
5.100000e-07	-3.221580e-06	-7.769012e-09	-2.244607e+01	-5.084663e+02
5.200000e-07	-3.130136e-06	-7.669419e-09	-2.180894e+01	-5.015181e+02
5.300000e-07	-3.037527e-06	-7.543937e-09	-2.116370e+01	-4.944493e+02
5.400000e-07	-2.943856e-06	-7.420317e-09	-2.051105e+01	-4.872654e+02
5.500000e-07	-2.849127e-06	-7.318263e-09	-1.985104e+01	-4.799400e+02
5.600000e-07	-2.753445e-06	-7.227322e-09	-1.918437e+01	-4.724099e+02
5.700000e-07	-2.656881e-06	-7.108924e-09	-1.851158e+01	-4.645844e+02
5.800000e-07	-2.559347e-06	-6.966959e-09	-1.783202e+01	-4.563750e+02
5.900000e-07	-2.460729e-06	-6.823602e-09	-1.714490e+01	-4.477383e+02
6.000000e-07	-2.361064e-06	-6.696273e-09	-1.645050e+01	-4.387066e+02
6.100000e-07	-2.260567e-06	-6.565715e-09	-1.575029e+01	-4.293814e+02
6.200000e-07	-2.159311e-06	-6.414490e-09	-1.504480e+01	-4.198839e+02
6.300000e-07	-2.057322e-06	-6.253738e-09	-1.433420e+01	-4.102855e+02
6.400000e-07	-1.954624e-06	-6.107778e-09	-1.361866e+01	-4.005600e+02
6.500000e-07	-1.851287e-06	-5.970825e-09	-1.289868e+01	-3.905891e+02
6.600000e-07	-1.747376e-06	-5.813330e-09	-1.217469e+01	-3.802229e+02
6.700000e-07	-1.642761e-06	-5.633607e-09	-1.144579e+01	-3.693587e+02
6.800000e-07	-1.537440e-06	-5.451125e-09	-1.071198e+01	-3.579902e+02
6.900000e-07	-1.431540e-06	-5.281890e-09	-9.974124e+00	-3.461963e+02
7.000000e-07	-1.325126e-06	-5.110552e-09	-9.232694e+00	-3.340787e+02
7.100000e-07	-1.218180e-06	-4.918419e-09	-8.487559e+00	-3.216905e+02
7.200000e-07	-1.110699e-06	-4.709964e-09	-7.738697e+00	-3.090019e+02
7.300000e-07	-1.002812e-06	-4.508556e-09	-6.986998e+00	-2.959225e+02
7.400000e-07	-8.945730e-07	-4.310566e-09	-6.232856e+00	-2.823602e+02
7.500000e-07	-7.859876e-07	-4.097919e-09	-5.476297e+00	-2.682717e+02
7.600000e-07	-6.771382e-07	-3.866455e-09	-4.717898e+00	-2.536712e+02
7.700000e-07	-5.680577e-07	-3.628193e-09	-3.957890e+00	-2.385928e+02
7.800000e-07	-4.588318e-07	-3.398798e-09	-3.196869e+00	-2.230386e+02
7.900000e-07	-3.495135e-07	-3.162780e-09	-2.435204e+00	-2.069533e+02
8.000000e-07	-2.400362e-07	-2.903450e-09	-1.672430e+00	-1.902468e+02
8.100000e-07	-1.304531e-07	-2.624484e-09	-9.089199e-01	-1.728482e+02
8.200000e-07	-2.081697e-08	-2.344730e-09	-1.450404e-01	-1.547540e+02
8.300000e-07	8.880590e-08	-2.067914e-09	6.187471e-01	-1.360328e+02
8.400000e-07	1.983518e-07	-1.779276e-09	1.381998e+00	-1.167799e+02
8.500000e-07	3.078470e-07	-1.472397e-09	2.144896e+00	-9.704989e+01
8.600000e-07	4.172569e-07	-1.156225e-09	2.907200e+00	-7.681044e+01
8.700000e-07	5.265297e-07	-8.406797e-10	3.668548e+00	-5.594937e+01
8.800000e-07	6.356073e-07	-5.180283e-10	4.428536e+00	-3.433360e+01
8.900000e-07	7.445273e-07	-1.750739e-10	5.187426e+00	-1.188795e+01
9.000000e-07	8.532944e-07	1.886690e-10	5.945251e+00	1.134965e+01
9.100000e-07	9.617532e-07	5.557854e-10	6.700928e+00	3.522469e+01
9.200000e-07	1.069836e-06	9.199811e-10	7.453984e+00	5.951320e+01
9.300000e-07	1.177510e-06	1.289134e-09	8.204195e+00	8.399138e+01
9.400000e-07	1.284690e-06	1.667735e-09	8.950957e+00	1.084915e+02
9.500000e-07	1.391340e-06	2.047960e-09	9.694031e+00	1.329185e+02
9.600000e-07	1.497527e-06	2.415151e-09	1.043389e+01	1.572258e+02
9.700000e-07	1.603174e-06	2.772892e-09	1.116997e+01	1.813663e+02
9.800000e-07	1.708086e-06	3.133909e-09	1.190093e+01	2.052485e+02
9.900000e-07	1.812270e-06	3.498324e-09	1.262682e+01	2.287186e+02
1.000000e-06	1.915822e-06	3.850775e-09	1.334831e+01	2.515760e+02
1.010000e-06	2.018741e-06	4.182617e-09	1.406540e+01	2.736164e+02
1.020000e-06	2.121015e-06	4.499328e-09	1.477798e+01	2.946801e+02
1.030000e-06	2.222603e-06	4.809211e-09	1.548579e+01	3.146867e+02
1.040000e-06	2.323430e-06	5.104613e-09	1.618829e+01	3.336415e+02
1.050000e-06	2.423452e-06	5.376209e-09	1.688518e+01	3.516123e+02
1.060000e-06	2.522579e-06	5.627960e-09	1.757584e+01	3.686904e+02
1.070000e-06	2.620725e-06	5.870914e-09	1.825966e+01	3.849533e+02
1.080000e-06	2.717819e-06	6.109255e-09	1.893616e+01	4.004449e+02
1.090000e-06	2.813833e-06	6.336555e-09	1.960513e+01	4.151780e+02
1.100000e-06	2.908887e-06	6.545370e-09	2.026741e+01	4.291503e+02
1.110000e-06	3.003006e-06	6.742211e-09	2.092317e+01	4.423623e+02
1.120000e-06	3.096134e-06	6.937544e-09	2.157203e+01	4.548251e+02
1.130000e-06	3.188262e-06	7.124329e-09	2.221393e+01	4.665600e+02
1.140000e-06	3.279250e-06	7.292013e-09	2.284787e+01	4.775950e+02
1.150000e-06	3.368955e-06	7.441107e-09	2.347289e+01	4.879665e+02
1.160000e-06	3.457364e-06	7.583513e-09	2.408887e+01	4.977269e+02
1.170000e-06	3.544552e-06	7.728445e-09	2.469634e+01	5.069501e+02
1.180000e-06	3.630566e-06	7.869462e-09	2.529564e+01	5.157236e+02
1.190000e-06	3.715428e-06	7.996048e-09	2.588690e+01	5.241270e+02
1.200000e-06	3.799098e-06	8.113309e-09	2.646987e+01	5.322033e+02
1.210000e-06	3.881457e-06	8.232259e-09	2.704370e+01	5.399432e+02
1.220000e-06	3.962390e-06	8.351301e-09	2.760759e+01	5.472939e+02
1.230000e-06	4.041835e-06	8.458304e-09	2.816112e+01	5.541919e+02
1.240000e-06	4.119802e-06	8.550145e-09	2.870434e+01	5.606059e+02
1.250000e-06	4.196311e-06	8.634062e-09	2.923742e+01	5.665634e+02
1.260000e-06	4.271239e-06	8.721042e-09	2.975947e+01	5.721491e+02
1.270000e-06	4.344449e-06	8.808497e-09	3.026955e+01	5.774733e+02
1.280000e-06	4.416022e-06	8.888984e-09	3.076823e+01	5.826295e+02
1.290000e-06	4.486042e-06	8.961320e-09	3.125609e+01	5.876605e+02
1.300000e-06	4.554546e-06	9.033005e-09	3.173338e+01	5.925504e+02
1.310000e-06	4.621414e-06	9.109392e-09	3.219928e+01	5.972415e+02
1.320000e-06	4.686483e-06	9.180739e-09	3.265264e+01	6.016656e+02
1.330000e-06	4.749908e-06	9.238490e-09	3.309455e+01	6.057756e+02
1.340000e-06	4.811831e-06	9.289188e-09	3.352600e+01	6.095643e+02
1.350000e-06	4.872202e-06	9.344560e-09	3.394663e+01	6.130678e+02
1.360000e-06	4.930798e-06	9.401626e-09	3.435489e+01	6.163535e+02
1.370000e-06	4.987493e-06	9.450780e-09	3.474991e+01	6.194970e+02
1.380000e-06	5.042403e-06	9.491526e-09	3.513248e+01	6.225560e+02
1.390000e-06	5.095467e-06	9.533267e-09	3.550220e+01	6.255495e+02
1.400000e-06	5.146412e-06	9.581548e-09	3.585716e+01	6.284517e+02
1.410000e-06	5.195206e-06	9.629512e-09	3.619712e+01	6.312060e+02
1.420000e-06	5.242127e-06	9.667595e-09	3.652404e+01	6.337535e+02
1.430000e-06	5.287341e-06	9.696682e-09	3.683907e+01	6.360634e+02
1.440000e-06	5.330737e-06	9.726290e-09	3.714143e+01	6.381488e+02
1.450000e-06	5.372124e-06	9.758764e-09	3.742978e+01	6.400589e+02
1.460000e-06	5.411565e-06	9.787196e-09	3.770458e+01	6.418535e+02
1.470000e-06	5.449205e-06	9.809157e-09	3.796684e+01	6.435759e+02
1.480000e-06	5.485007e-06	9.830897e-09	3.821629e+01	6.452399e+02
1.490000e-06	5.518753e-06	9.857579e-09	3.845141e+01	6.468372e+02
1.500000e-06	5.550486e-06	9.886791e-09	3.867251e+01	6.483525e+02
1.510000e-06	5.580446e-06	9.910406e-09	3.888125e+01	6.497739e+02
1.520000e-06	5.608548e-06	9.925827e-09	3.907705e+01	6.510887e+02
1.530000e-06	5.634522e-06	9.939661e-09	3.925802e+01	6.522731e+02
1.540000e-06	5.658376e-06	9.955996e-09	3.942422e+01	6.532923e+02
1.550000e-06	5.680294e-06	9.970370e-09	3.957693e+01	6.541198e+02
1.560000e-06	5.700389e-06	9.977710e-09	3.971694e+01	6.547678e+02
1.570000e-06	5.718486e-06	9.982288e-09	3.984303e+01	6.553030e+02
1.580000e-06	5.734446e-06	9.991689e-09	3.995423e+01	6.558267e+02
1.590000e-06	5.748340e-06	1.000627e-08	4.005103e+01	6.564198e+02
1.600000e-06	5.759992e-06	1.001934e-08	4.013222e+01	6.570850e+02
1.610000e-06	5.769353e-06	1.002497e-08	4.019744e+01	6.577265e+02
1.620000e-06	5.776615e-06	1.002757e-08	4.024804e+01	6.581929e+02
1.630000e-06	5.782001e-06	1.003086e-08	4.028556e+01	6.583639e+02
1.640000e-06	5.785409e-06	1.003275e-08	4.030931e+01	6.582288e+02
1.650000e-06	5.786678e-06	1.003289e-08	4.031815e+01	6.579026e+02
1.660000e-06	5.786007e-06	1.002600e-08	4.031348e+01	6.575628e+02
1.670000e-06	5.783572e-06	1.001675e-08	4.029651e+01	6.573419e+02
1.680000e-06	5.779186e-06	1.001669e-08	4.026596e+01	6.572454e+02
1.690000e-06	5.772702e-06	1.001706e-08	4.022078e+01	6.571512e+02
1.700000e-06	5.764407e-06	1.001035e-08	4.016298e+01	6.568921e+02
1.710000e-06	5.754455e-06	1.000121e-08	4.009364e+01	6.563665e+02
1.720000e-06	5.742553e-06	1.000082e-08	4.001071e+01	6.556022e+02
1.730000e-06	5.728517e-06	1.002448e-08	3.991292e+01	6.547279e+02
1.740000e-06	5.712467e-06	9.955616e-09	3.980109e+01	6.538749e+02
1.750000e-06	5.694075e-06	9.911575e-09	3.967295e+01	6.530792e+02
1.760000e-06	5.672741e-06	9.915413e-09	3.952430e+01	6.522568e+02
1.770000e-06	5.648812e-06	9.878966e-09	3.935758e+01	6.512719e+02
1.780000e-06	5.623228e-06	9.975642e-09	3.917933e+01	6.500494e+02
1.790000e-06	5.596739e-06	9.926158e-09	3.899477e+01	6.486484e+02
1.800000e-06	5.569046e-06	9.779014e-09	3.880182e+01	6.472375e+02
1.810000e-06	5.539022e-06	9.923869e-09	3.859263e+01	6.459820e+02
1.820000e-06	5.507041e-06	9.854744e-09	3.836981e+01	6.449183e+02
1.830000e-06	5.473487e-06	9.780066e-09	3.813603e+01	6.439038e+02
1.840000e-06	5.437690e-06	9.908493e-09	3.788661e+01	6.426842e+02
1.850000e-06	5.399764e-06	9.714824e-09	3.762236e+01	6.410393e+02
1.860000e-06	5.359926e-06	9.702001e-09	3.734480e+01	6.389149e+02
1.870000e-06	5.318244e-06	9.805751e-09	3.705438e+01	6.364556e+02
1.880000e-06	5.274973e-06	9.656180e-09	3.675289e+01	6.339168e+02
1.890000e-06	5.229764e-06	9.656468e-09	3.643791e+01	6.315119e+02
1.900000e-06	5.182663e-06	9.585166e-09	3.610973e+01	6.292930e+02
1.910000e-06	5.133875e-06	9.543631e-09	3.576981e+01	6.271333e+02
1.920000e-06	5.082875e-06	9.603706e-09	3.541447e+01	6.248171e+02
1.930000e-06	5.029757e-06	9.465057e-09	3.504437e+01	6.221730e+02
1.940000e-06	4.974670e-06	9.449011e-09	3.466056e+01	6.191653e+02
1.950000e-06	4.917693e-06	9.382537e-09	3.426358e+01	6.158961e+02
1.960000e-06	4.859094e-06	9.362067e-09	3.385529e+01	6.125276e+02
1.970000e-06	4.798708e-06	9.343499e-09	3.343456e+01	6.091837e+02
1.980000e-06	4.736524e-06	9.195548e-09	3.300130e+01	6.058921e+02
1.990000e-06	4.672596e-06	9.212250e-09	3.255589e+01	6.025911e+02
2.000000e-06	4.607062e-06	9.119722e-09	3.209929e+01	5.991816e+02
2.010000e-06	4.540066e-06	9.105949e-09	3.163249e+01	5.955817e+02
2.020000e-06	4.471338e-06	9.073683e-09	3.115364e+01	5.917512e+02
2.030000e-06	4.400777e-06	8.930680e-09	3.066201e+01	5.876836e+02
2.040000e-06	4.328552e-06	8.915505e-09	3.015879e+01	5.833867e+02
2.050000e-06	4.254896e-06	8.824731e-09	2.964560e+01	5.788731e+02
2.060000e-06	4.179619e-06	8.789267e-09	2.912112e+01	5.741663e+02
2.070000e-06	4.102499e-06	8.678766e-09	2.858379e+01	5.693083e+02
2.080000e-06	4.023697e-06	8.574720e-09	2.803474e+01	5.643518e+02
2.090000e-06	3.943450e-06	8.540696e-09	2.747563e+01	5.593357e+02
2.100000e-06	3.861976e-06	8.461709e-09	2.690797e+01	5.542573e+02
2.110000e-06	3.779223e-06	8.408285e-09	2.633139e+01	5.490633e+02
2.120000e-06	3.695120e-06	8.273434e-09	2.574541e+01	5.436691e+02
2.130000e-06	3.609635e-06	8.199473e-09	2.514981e+01	5.379954e+02
2.140000e-06	3.522718e-06	8.117171e-09	2.454421e+01	5.320012e+02
2.150000e-06	3.434537e-06	8.019094e-09	2.392982e+01	5.256952e+02
2.160000e-06	3.345235e-06	7.913890e-09	2.330762e+01	5.191231e+02
2.170000e-06	3.254816e-06	7.782853e-09	2.267764e+01	5.123438e+02
2.180000e-06	3.163352e-06	7.702906e-09	2.204037e+01	5.054086e+02
2.190000e-06	3.070840e-06	7.602707e-09	2.139579e+01	4.983505e+02
2.200000e-06	2.977151e-06	7.501921e-09	2.074303e+01	4.911782e+02
2.210000e-06	2.882261e-06	7.364937e-09	2.008189e+01	4.838689e+02
2.220000e-06	2.786294e-06	7.242192e-09	1.941325e+01	4.763633e+02
2.230000e-06	2.689349e-06	7.137941e-09	1.873779e+01	4.685726e+02
2.240000e-06	2.591568e-06	7.020528e-09	1.805651e+01	4.604061e+02
2.250000e-06	2.493052e-06	6.886258e-09	1.737012e+01	4.518137e+02
2.260000e-06	2.393721e-06	6.729644e-09	1.667803e+01	4.428190e+02
2.270000e-06	2.293431e-06	6.598104e-09	1.597927e+01	4.335178e+02
2.280000e-06	2.192204e-06	6.467950e-09	1.527398e+01	4.240325e+02
2.290000e-06	2.090100e-06	6.324036e-09	1.456258e+01	4.144429e+02
2.300000e-06	1.987134e-06	6.156036e-09	1.384517e+01	4.047339e+02
2.310000e-06	1.883431e-06	5.997103e-09	1.312263e+01	3.947952e+02
2.320000e-06	1.779104e-06	5.856619e-09	1.239575e+01	3.844762e+02
2.330000e-06	1.674195e-06	5.705276e-09	1.166480e+01	3.736661e+02
2.340000e-06	1.568750e-06	5.528218e-09	1.093012e+01	3.623476e+02
2.350000e-06	1.462861e-06	5.332239e-09	1.019235e+01	3.505927e+02
2.360000e-06	1.356498e-06	5.149535e-09	9.451275e+00	3.385045e+02
2.370000e-06	1.249689e-06	4.972081e-09	8.707097e+00	3.261438e+02
2.380000e-06	1.142572e-06	4.780075e-09	7.960766e+00	3.134897e+02
2.390000e-06	1.035119e-06	4.570643e-09	7.212100e+00	3.004557e+02
2.400000e-06	9.273117e-07	4.361637e-09	6.460960e+00	2.869468e+02
2.410000e-06	8.191600e-07	4.161276e-09	5.707423e+00	2.729134e+02
2.420000e-06	7.107609e-07	3.952345e-09	4.952162e+00	2.583647e+02
2.430000e-06	6.022119e-07	3.717858e-09	4.195857e+00	2.433350e+02
2.440000e-06	4.934783e-07	3.468074e-09	3.438265e+00	2.278320e+02
2.450000e-06	3.845864e-07	3.225596e-09	2.679571e+00	2.118063e+02
2.460000e-06	2.756026e-07	2.985312e-09	1.920236e+00	1.951692e+02
2.470000e-06	1.664923e-07	2.727136e-09	1.160020e+00	1.778449e+02
2.480000e-06	5.728640e-08	2.444117e-09	3.991378e-01	1.598216e+02
2.490000e-06	-5.186679e-08	2.151995e-09	-3.613771e-01	1.411615e+02
2.500000e-06	-1.609559e-07	1.866416e-09	-1.121446e+00	1.219603e+02
2.510000e-06	-2.700043e-07	1.574980e-09	-1.881231e+00	1.022798e+02
2.520000e-06	-3.789797e-07	1.266072e-09	-2.640506e+00	8.209779e+01
2.530000e-06	-4.878303e-07	9.411569e-10	-3.398913e+00	6.130856e+01
2.540000e-06	-5.964782e-07	6.130986e-10	-4.155908e+00	3.977746e+01
2.550000e-06	-7.049239e-07	2.831136e-10	-4.911493e+00	1.741972e+01
2.560000e-06	-8.131895e-07	-6.571095e-11	-5.665824e+00	-5.740028e+00
2.570000e-06	-9.211796e-07	-4.352921e-10	-6.418235e+00	-2.955825e+01
2.580000e-06	-1.028825e-06	-8.130517e-10	-7.168245e+00	-5.381516e+01
2.590000e-06	-1.136085e-06	-1.181757e-09	-7.915565e+00	-7.828375e+01
2.600000e-06	-1.242912e-06	-1.545728e-09	-8.659873e+00	-1.027887e+02
2.610000e-06	-1.349352e-06	-1.917169e-09	-9.401490e+00	-1.272277e+02
2.620000e-06	-1.455453e-06	-2.295471e-09	-1.014074e+01	-1.515510e+02
2.630000e-06	-1.561144e-06	-2.668356e-09	-1.087713e+01	-1.757141e+02
2.640000e-06	-1.666236e-06	-3.029466e-09	-1.160935e+01	-1.996317e+02
2.650000e-06	-1.770746e-06	-3.386160e-09	-1.233751e+01	-2.231564e+02
2.660000e-06	-1.874702e-06	-3.739627e-09	-1.306181e+01	-2.460911e+02
2.670000e-06	-1.978022e-06	-4.081788e-09	-1.378169e+01	-2.682292e+02
2.680000e-06	-2.080535e-06	-4.402754e-09	-1.449594e+01	-2.894044e+02
2.690000e-06	-2.182163e-06	-4.703621e-09	-1.520402e+01	-3.095268e+02
2.700000e-06	-2.282970e-06	-4.992273e-09	-1.590638e+01	-3.285933e+02
2.710000e-06	-2.382839e-06	-5.272935e-09	-1.660221e+01	-3.466667e+02
2.720000e-06	-2.481782e-06	-5.540096e-09	-1.729159e+01	-3.638377e+02
2.730000e-06	-2.579912e-06	-5.788133e-09	-1.797530e+01	-3.801866e+02
2.740000e-06	-2.677179e-06	-6.023851e-09	-1.865300e+01	-3.957612e+02
2.750000e-06	-2.773583e-06	-6.253294e-09	-1.932468e+01	-4.105770e+02
2.760000e-06	-2.869182e-06	-6.474756e-09	-1.999076e+01	-4.246324e+02
2.770000e-06	-2.963771e-06	-6.678253e-09	-2.064981e+01	-4.379268e+02
2.780000e-06	-3.057185e-06	-6.862884e-09	-2.130066e+01	-4.504705e+02
2.790000e-06	-3.149433e-06	-7.039834e-09	-2.194339e+01	-4.622836e+02
2.800000e-06	-3.240462e-06	-7.214796e-09	-2.257762e+01	-4.733935e+02
2.810000e-06	-3.330257e-06	-7.379897e-09	-2.320326e+01	-4.838353e+02
2.820000e-06	-3.418908e-06	-7.526367e-09	-2.382093e+01	-4.936595e+02
2.830000e-06	-3.506495e-06	-7.661312e-09	-2.443118e+01	-5.029375e+02
2.840000e-06	-3.592847e-06	-7.797145e-09	-2.503283e+01	-5.117565e+02
2.850000e-06	-3.677779e-06	-7.932845e-09	-2.562459e+01	-5.201980e+02
2.860000e-06	-3.761298e-06	-8.058795e-09	-2.620650e+01	-5.283103e+02
2.870000e-06	-3.843518e-06	-8.172624e-09	-2.677936e+01	-5.360897e+02
2.880000e-06	-3.924517e-06	-8.281755e-09	-2.734371e+01	-5.434866e+02
2.890000e-06	-4.004221e-06	-8.392801e-09	-2.789904e+01	-5.504370e+02
2.900000e-06	-4.082417e-06	-8.498260e-09	-2.844387e+01	-5.569041e+02
2.910000e-06	-4.158861e-06	-8.588877e-09	-2.897649e+01	-5.629087e+02
2.920000e-06	-4.233632e-06	-8.667978e-09	-2.949745e+01	-5.685304e+02
2.930000e-06	-4.306901e-06	-8.745481e-09	-3.000794e+01	-5.738790e+02
2.940000e-06	-4.378706e-06	-8.826750e-09	-3.050824e+01	-5.790515e+02
2.950000e-06	-4.448937e-06	-8.908043e-09	-3.099756e+01	-5.840971e+02
2.960000e-06	-4.517406e-06	-8.982643e-09	-3.147462e+01	-5.890058e+02
2.970000e-06	-4.584197e-06	-9.051936e-09	-3.193997e+01	-5.937230e+02
2.980000e-06	-4.649480e-06	-9.122708e-09	-3.239483e+01	-5.981800e+02
2.990000e-06	-4.713287e-06	-9.192501e-09	-3.283940e+01	-6.023262e+02
3.000000e-06	-4.775357e-06	-9.251534e-09	-3.327187e+01	-6.061497e+02
3.010000e-06	-4.835495e-06	-9.298115e-09	-3.369087e+01	-6.096824e+02
3.020000e-06	-4.893855e-06	-9.342089e-09	-3.409749e+01	-6.129891e+02
3.030000e-06	-4.950590e-06	-9.393509e-09	-3.449278e+01	-6.161460e+02
3.040000e-06	-5.005762e-06	-9.446893e-09	-3.487719e+01	-6.192138e+02
3.050000e-06	-5.058971e-06	-9.494738e-09	-3.524792e+01	-6.222162e+02
3.060000e-06	-5.109981e-06	-9.535713e-09	-3.560333e+01	-6.251320e+02
3.070000e-06	-5.158904e-06	-9.577035e-09	-3.594420e+01	-6.279066e+02
3.080000e-06	-5.205679e-06	-9.618806e-09	-3.627009e+01	-6.304798e+02
3.090000e-06	-5.250604e-06	-9.655562e-09	-3.658310e+01	-6.328168e+02
3.100000e-06	-5.293930e-06	-9.684674e-09	-3.688498e+01	-6.349257e+02
3.110000e-06	-5.335576e-06	-9.710791e-09	-3.717514e+01	-6.368531e+02
3.120000e-06	-5.375497e-06	-9.741886e-09	-3.745328e+01	-6.386590e+02
3.130000e-06	-5.413540e-06	-9.774724e-09	-3.771835e+01	-6.403894e+02
3.140000e-06	-5.449544e-06	-9.802171e-09	-3.796920e+01	-6.420612e+02
3.150000e-06	-5.483620e-06	-9.823096e-09	-3.820662e+01	-6.436678e+02
3.160000e-06	-5.515889e-06	-9.845171e-09	-3.843146e+01	-6.451940e+02
3.170000e-06	-5.546210e-06	-9.870149e-09	-3.864272e+01	-6.466274e+02
3.180000e-06	-5.574429e-06	-9.892372e-09	-3.883933e+01	-6.479559e+02
3.190000e-06	-5.600674e-06	-9.908158e-09	-3.902219e+01	-6.491572e+02
3.200000e-06	-5.625084e-06	-9.921848e-09	-3.919226e+01	-6.501972e+02
3.210000e-06	-5.647486e-06	-9.933706e-09	-3.934835e+01	-6.510470e+02
3.220000e-06	-5.667743e-06	-9.945060e-09	-3.948949e+01	-6.517134e+02
3.230000e-06	-5.686058e-06	-9.955192e-09	-3.961709e+01	-6.522576e+02
3.240000e-06	-5.702532e-06	-9.963711e-09	-3.973188e+01	-6.527791e+02
3.250000e-06	-5.716790e-06	-9.971920e-09	-3.983121e+01	-6.533644e+02
3.260000e-06	-5.728640e-06	-9.982222e-09	-3.991378e+01	-6.540262e+02
3.270000e-06	-5.738384e-06	-9.993299e-09	-3.998167e+01	-6.546785e+02
3.280000e-06	-5.746257e-06	-1.000010e-08	-4.003653e+01	-6.551723e+02
3.290000e-06	-5.752046e-06	-1.000106e-08	-4.007685e+01	-6.553792e+02
3.300000e-06	-5.755715e-06	-9.997871e-09	-4.010242e+01	-6.552747e+02
3.310000e-06	-5.757511e-06	-9.993077e-09	-4.011493e+01	-6.549621e+02
3.320000e-06	-5.757440e-06	-9.989184e-09	-4.011444e+01	-6.546172e+02
