# Temperatura_=_20.0
# Concentracion g/m^3_=_10000.0
# C_Vs_to_Am_M_A/Vsm_=_65563218390.804596
# pendiente_HvsI_1/m_=_3716.3
# ordenada_HvsI_A/m_=_1297.0
# frecuencia_Hz_=_300992.34129073663

Tiempo_(s)	Campo_(V.s)	Magnetizacion_(V.s)	Campo_(kA/m)	Magnetizacion_(A/m)
0.000000e+00	-5.768580e-06	-9.998241e-09	-4.009979e+01	-6.552778e+02
1.000000e-08	-5.766063e-06	-9.998377e-09	-4.008229e+01	-6.550229e+02
2.000000e-08	-5.761472e-06	-9.996535e-09	-4.005038e+01	-6.548381e+02
3.000000e-08	-5.755080e-06	-9.996541e-09	-4.000595e+01	-6.546395e+02
4.000000e-08	-5.747044e-06	-9.991565e-09	-3.995009e+01	-6.542950e+02
5.000000e-08	-5.737110e-06	-9.978245e-09	-3.988103e+01	-6.537101e+02
6.000000e-08	-5.724954e-06	-9.959962e-09	-3.979653e+01	-6.528903e+02
7.000000e-08	-5.710731e-06	-9.921681e-09	-3.969765e+01	-6.519382e+02
8.000000e-08	-5.694251e-06	-9.915839e-09	-3.958309e+01	-6.509852e+02
9.000000e-08	-5.675398e-06	-9.972069e-09	-3.945204e+01	-6.501063e+02
1.000000e-07	-5.654408e-06	-9.953651e-09	-3.930613e+01	-6.492737e+02
1.100000e-07	-5.631388e-06	-9.911689e-09	-3.914611e+01	-6.483841e+02
1.200000e-07	-5.606377e-06	-9.915422e-09	-3.897225e+01	-6.473369e+02
1.300000e-07	-5.579480e-06	-9.789371e-09	-3.878527e+01	-6.461077e+02
1.400000e-07	-5.551062e-06	-9.802876e-09	-3.858773e+01	-6.447653e+02
1.500000e-07	-5.521046e-06	-9.909075e-09	-3.837908e+01	-6.434183e+02
1.600000e-07	-5.489335e-06	-9.715668e-09	-3.815864e+01	-6.421307e+02
1.700000e-07	-5.455828e-06	-9.741099e-09	-3.792572e+01	-6.408653e+02
1.800000e-07	-5.420164e-06	-9.818948e-09	-3.767780e+01	-6.394964e+02
1.900000e-07	-5.382692e-06	-9.671237e-09	-3.741732e+01	-6.378834e+02
2.000000e-07	-5.343514e-06	-9.742514e-09	-3.714498e+01	-6.359559e+02
2.100000e-07	-5.302287e-06	-9.695054e-09	-3.685840e+01	-6.337537e+02
2.200000e-07	-5.258981e-06	-9.562157e-09	-3.655735e+01	-6.313967e+02
2.300000e-07	-5.213672e-06	-9.591408e-09	-3.624239e+01	-6.290076e+02
2.400000e-07	-5.166493e-06	-9.557790e-09	-3.591443e+01	-6.266401e+02
2.500000e-07	-5.117320e-06	-9.543986e-09	-3.557261e+01	-6.242566e+02
2.600000e-07	-5.065757e-06	-9.480211e-09	-3.521418e+01	-6.217644e+02
2.700000e-07	-5.012036e-06	-9.408144e-09	-3.484074e+01	-6.190807e+02
2.800000e-07	-4.956650e-06	-9.408647e-09	-3.445573e+01	-6.161813e+02
2.900000e-07	-4.899582e-06	-9.360722e-09	-3.405903e+01	-6.131044e+02
3.000000e-07	-4.840589e-06	-9.316227e-09	-3.364894e+01	-6.099164e+02
3.100000e-07	-4.779703e-06	-9.230354e-09	-3.322570e+01	-6.066678e+02
3.200000e-07	-4.717226e-06	-9.186208e-09	-3.279139e+01	-6.033693e+02
3.300000e-07	-4.653297e-06	-9.171117e-09	-3.234700e+01	-5.999963e+02
3.400000e-07	-4.587686e-06	-9.098836e-09	-3.189090e+01	-5.965108e+02
3.500000e-07	-4.520195e-06	-9.048837e-09	-3.142175e+01	-5.928781e+02
3.600000e-07	-4.451013e-06	-8.957908e-09	-3.094083e+01	-5.890696e+02
3.700000e-07	-4.380344e-06	-8.909286e-09	-3.044959e+01	-5.850578e+02
3.800000e-07	-4.308212e-06	-8.884862e-09	-2.994817e+01	-5.808175e+02
3.900000e-07	-4.234401e-06	-8.797590e-09	-2.943507e+01	-5.763400e+02
4.000000e-07	-4.158739e-06	-8.714260e-09	-2.890912e+01	-5.716494e+02
4.100000e-07	-4.081459e-06	-8.626937e-09	-2.837191e+01	-5.668041e+02
4.200000e-07	-4.002697e-06	-8.582815e-09	-2.782440e+01	-5.618745e+02
4.300000e-07	-3.922271e-06	-8.514885e-09	-2.726533e+01	-5.569030e+02
4.400000e-07	-3.840214e-06	-8.418150e-09	-2.669492e+01	-5.518738e+02
4.500000e-07	-3.756838e-06	-8.324268e-09	-2.611534e+01	-5.467120e+02
4.600000e-07	-3.672372e-06	-8.245684e-09	-2.552818e+01	-5.413182e+02
4.700000e-07	-3.586853e-06	-8.187860e-09	-2.493370e+01	-5.356165e+02
4.800000e-07	-3.500181e-06	-8.089728e-09	-2.433120e+01	-5.295892e+02
4.900000e-07	-3.412352e-06	-7.981840e-09	-2.372067e+01	-5.232761e+02
5.000000e-07	-3.323242e-06	-7.876303e-09	-2.310123e+01	-5.167445e+02
5.100000e-07	-3.232731e-06	-7.792681e-09	-2.247205e+01	-5.100496e+02
5.200000e-07	-3.141059e-06	-7.702841e-09	-2.183480e+01	-5.032114e+02
5.300000e-07	-3.048305e-06	-7.579630e-09	-2.119003e+01	-4.962160e+02
5.400000e-07	-2.954412e-06	-7.450506e-09	-2.053735e+01	-4.890328e+02
5.500000e-07	-2.859466e-06	-7.341074e-09	-1.987733e+01	-4.816293e+02
5.600000e-07	-2.763622e-06	-7.245424e-09	-1.921108e+01	-4.739739e+02
5.700000e-07	-2.666831e-06	-7.128115e-09	-1.853825e+01	-4.660310e+02
5.800000e-07	-2.568891e-06	-6.989587e-09	-1.785743e+01	-4.577620e+02
5.900000e-07	-2.469836e-06	-6.849777e-09	-1.716885e+01	-4.491400e+02
6.000000e-07	-2.369918e-06	-6.725275e-09	-1.647428e+01	-4.401714e+02
6.100000e-07	-2.269243e-06	-6.593774e-09	-1.577445e+01	-4.309049e+02
6.200000e-07	-2.167781e-06	-6.440142e-09	-1.506914e+01	-4.214133e+02
6.300000e-07	-2.065576e-06	-6.275626e-09	-1.435868e+01	-4.117526e+02
6.400000e-07	-1.962632e-06	-6.125866e-09	-1.364307e+01	-4.019209e+02
6.500000e-07	-1.859087e-06	-5.988474e-09	-1.292328e+01	-3.918459e+02
6.600000e-07	-1.755088e-06	-5.834690e-09	-1.220034e+01	-3.814139e+02
6.700000e-07	-1.650488e-06	-5.658370e-09	-1.147323e+01	-3.705262e+02
6.800000e-07	-1.545072e-06	-5.476674e-09	-1.074044e+01	-3.591491e+02
6.900000e-07	-1.438837e-06	-5.303994e-09	-1.000195e+01	-3.473257e+02
7.000000e-07	-1.331960e-06	-5.126947e-09	-9.259006e+00	-3.351421e+02
7.100000e-07	-1.224622e-06	-4.932793e-09	-8.512852e+00	-3.226684e+02
7.200000e-07	-1.116923e-06	-4.724474e-09	-7.764196e+00	-3.099114e+02
7.300000e-07	-1.008937e-06	-4.523174e-09	-7.013539e+00	-2.968080e+02
7.400000e-07	-9.005959e-07	-4.326095e-09	-6.260415e+00	-2.832585e+02
7.500000e-07	-7.918078e-07	-4.114493e-09	-5.504184e+00	-2.691775e+02
7.600000e-07	-6.827095e-07	-3.883168e-09	-4.745797e+00	-2.545288e+02
7.700000e-07	-5.734207e-07	-3.643083e-09	-3.986084e+00	-2.393257e+02
7.800000e-07	-4.639760e-07	-3.407837e-09	-3.225289e+00	-2.236010e+02
7.900000e-07	-3.544248e-07	-3.166442e-09	-2.463754e+00	-2.073709e+02
8.000000e-07	-2.447733e-07	-2.907213e-09	-1.701520e+00	-1.906168e+02
8.100000e-07	-1.350316e-07	-2.631684e-09	-9.386604e-01	-1.732933e+02
8.200000e-07	-2.525645e-08	-2.355414e-09	-1.755680e-01	-1.553534e+02
8.300000e-07	8.450760e-08	-2.079882e-09	5.874473e-01	-1.367707e+02
8.400000e-07	1.942513e-07	-1.791834e-09	1.350321e+00	-1.175438e+02
8.500000e-07	3.039399e-07	-1.484491e-09	2.112812e+00	-9.768251e+01
8.600000e-07	4.135220e-07	-1.165332e-09	2.874562e+00	-7.718847e+01
8.700000e-07	5.229692e-07	-8.442263e-10	3.635375e+00	-5.604613e+01
8.800000e-07	6.322970e-07	-5.160614e-10	4.395358e+00	-3.423101e+01
8.900000e-07	7.415387e-07	-1.719837e-10	5.154743e+00	-1.173206e+01
9.000000e-07	8.505669e-07	1.890482e-10	5.912643e+00	1.142459e+01
9.100000e-07	9.592278e-07	5.541347e-10	6.667990e+00	3.516250e+01
9.200000e-07	1.067454e-06	9.179418e-10	7.420317e+00	5.935833e+01
9.300000e-07	1.175271e-06	1.285301e-09	8.169794e+00	8.385902e+01
9.400000e-07	1.282721e-06	1.663252e-09	8.916722e+00	1.085043e+02
9.500000e-07	1.389772e-06	2.046183e-09	9.660882e+00	1.331454e+02
9.600000e-07	1.496353e-06	2.420318e-09	1.040177e+01	1.576528e+02
9.700000e-07	1.602266e-06	2.784186e-09	1.113802e+01	1.819113e+02
9.800000e-07	1.707430e-06	3.145470e-09	1.186905e+01	2.058067e+02
9.900000e-07	1.811842e-06	3.507811e-09	1.259487e+01	2.292107e+02
1.000000e-06	1.915603e-06	3.858499e-09	1.331615e+01	2.519761e+02
1.010000e-06	2.018814e-06	4.187958e-09	1.403361e+01	2.739466e+02
1.020000e-06	2.121339e-06	4.500949e-09	1.474631e+01	2.949829e+02
1.030000e-06	2.223123e-06	4.808826e-09	1.545385e+01	3.149931e+02
1.040000e-06	2.324117e-06	5.106522e-09	1.615590e+01	3.339545e+02
1.050000e-06	2.424286e-06	5.381284e-09	1.685221e+01	3.519125e+02
1.060000e-06	2.523676e-06	5.635242e-09	1.754312e+01	3.689558e+02
1.070000e-06	2.622177e-06	5.877916e-09	1.822784e+01	3.851771e+02
1.080000e-06	2.719539e-06	6.115626e-09	1.890464e+01	4.006393e+02
1.090000e-06	2.815767e-06	6.344247e-09	1.957356e+01	4.153604e+02
1.100000e-06	2.911035e-06	6.553742e-09	2.023581e+01	4.293251e+02
1.110000e-06	3.005342e-06	6.749689e-09	2.089138e+01	4.425110e+02
1.120000e-06	3.098703e-06	6.941690e-09	2.154037e+01	4.549160e+02
1.130000e-06	3.191096e-06	7.125137e-09	2.218263e+01	4.665714e+02
1.140000e-06	3.282416e-06	7.293302e-09	2.281743e+01	4.775376e+02
1.150000e-06	3.372419e-06	7.445667e-09	2.344308e+01	4.878874e+02
1.160000e-06	3.461006e-06	7.589521e-09	2.405889e+01	4.976893e+02
1.170000e-06	3.548383e-06	7.733324e-09	2.466628e+01	5.069978e+02
1.180000e-06	3.634654e-06	7.873651e-09	2.526598e+01	5.158517e+02
1.190000e-06	3.719782e-06	8.001860e-09	2.585775e+01	5.242778e+02
1.200000e-06	3.803673e-06	8.119548e-09	2.644091e+01	5.322938e+02
1.210000e-06	3.886281e-06	8.235274e-09	2.701515e+01	5.399098e+02
1.220000e-06	3.967464e-06	8.352177e-09	2.757948e+01	5.471292e+02
1.230000e-06	4.047112e-06	8.460245e-09	2.813316e+01	5.539522e+02
1.240000e-06	4.125324e-06	8.554282e-09	2.867684e+01	5.603833e+02
1.250000e-06	4.202096e-06	8.640075e-09	2.921051e+01	5.664390e+02
1.260000e-06	4.277261e-06	8.727337e-09	2.973301e+01	5.721537e+02
1.270000e-06	4.350631e-06	8.814962e-09	3.024304e+01	5.775789e+02
1.280000e-06	4.422335e-06	8.897289e-09	3.074148e+01	5.827741e+02
1.290000e-06	4.492542e-06	8.971363e-09	3.122952e+01	5.877921e+02
1.300000e-06	4.561278e-06	9.043039e-09	3.170734e+01	5.926617e+02
1.310000e-06	4.628439e-06	9.118228e-09	3.217420e+01	5.973756e+02
1.320000e-06	4.693781e-06	9.190298e-09	3.262842e+01	6.018901e+02
1.330000e-06	4.757407e-06	9.251248e-09	3.307071e+01	6.061412e+02
1.340000e-06	4.819506e-06	9.303679e-09	3.350238e+01	6.100752e+02
1.350000e-06	4.880085e-06	9.357816e-09	3.392349e+01	6.136804e+02
1.360000e-06	4.938946e-06	9.413916e-09	3.433266e+01	6.170046e+02
1.370000e-06	4.995902e-06	9.464714e-09	3.472858e+01	6.201438e+02
1.380000e-06	5.051048e-06	9.508137e-09	3.511192e+01	6.232023e+02
1.390000e-06	5.104359e-06	9.552307e-09	3.548251e+01	6.262429e+02
1.400000e-06	5.155506e-06	9.601565e-09	3.583806e+01	6.292523e+02
1.410000e-06	5.204446e-06	9.650563e-09	3.617826e+01	6.321460e+02
1.420000e-06	5.251511e-06	9.690829e-09	3.650543e+01	6.348129e+02
1.430000e-06	5.296890e-06	9.720827e-09	3.682088e+01	6.371773e+02
1.440000e-06	5.340478e-06	9.748875e-09	3.712387e+01	6.392421e+02
1.450000e-06	5.382039e-06	9.780259e-09	3.741278e+01	6.410887e+02
1.460000e-06	5.421643e-06	9.809163e-09	3.768809e+01	6.428334e+02
1.470000e-06	5.459474e-06	9.830842e-09	3.795106e+01	6.445660e+02
1.480000e-06	5.495495e-06	9.851457e-09	3.820146e+01	6.463084e+02
1.490000e-06	5.529431e-06	9.877973e-09	3.843737e+01	6.480151e+02
1.500000e-06	5.561306e-06	9.908794e-09	3.865894e+01	6.496109e+02
1.510000e-06	5.591370e-06	9.934368e-09	3.886793e+01	6.510376e+02
1.520000e-06	5.619629e-06	9.951189e-09	3.906437e+01	6.522799e+02
1.530000e-06	5.645848e-06	9.964566e-09	3.924663e+01	6.533587e+02
1.540000e-06	5.669890e-06	9.979339e-09	3.941375e+01	6.543048e+02
1.550000e-06	5.691948e-06	9.994028e-09	3.956709e+01	6.551375e+02
1.560000e-06	5.712206e-06	1.000362e-08	3.970791e+01	6.558653e+02
1.570000e-06	5.730540e-06	1.000990e-08	3.983536e+01	6.565019e+02
1.580000e-06	5.746739e-06	1.001884e-08	3.994796e+01	6.570779e+02
1.590000e-06	5.760819e-06	1.003232e-08	4.004584e+01	6.576296e+02
1.600000e-06	5.772646e-06	1.004393e-08	4.012805e+01	6.581695e+02
1.610000e-06	5.782131e-06	1.004795e-08	4.019399e+01	6.586606e+02
1.620000e-06	5.789530e-06	1.004781e-08	4.024542e+01	6.590231e+02
1.630000e-06	5.795043e-06	1.004986e-08	4.028375e+01	6.591770e+02
1.640000e-06	5.798570e-06	1.005326e-08	4.030826e+01	6.590976e+02
1.650000e-06	5.799992e-06	1.005524e-08	4.031815e+01	6.588435e+02
1.660000e-06	5.799409e-06	1.004898e-08	4.031410e+01	6.585311e+02
1.670000e-06	5.797043e-06	1.003570e-08	4.029765e+01	6.582662e+02
1.680000e-06	5.792830e-06	1.003192e-08	4.026836e+01	6.580750e+02
1.690000e-06	5.786542e-06	1.003015e-08	4.022465e+01	6.578825e+02
1.700000e-06	5.778297e-06	1.002313e-08	4.016734e+01	6.575581e+02
1.710000e-06	5.768321e-06	1.001581e-08	4.009799e+01	6.569992e+02
1.720000e-06	5.756395e-06	1.001835e-08	4.001509e+01	6.561996e+02
1.730000e-06	5.742294e-06	1.004888e-08	3.991707e+01	6.552536e+02
1.740000e-06	5.726235e-06	9.969191e-09	3.980543e+01	6.542941e+02
1.750000e-06	5.707895e-06	9.910039e-09	3.967795e+01	6.534052e+02
1.760000e-06	5.686620e-06	9.917475e-09	3.953005e+01	6.525704e+02
1.770000e-06	5.662753e-06	9.875263e-09	3.936414e+01	6.516911e+02
1.780000e-06	5.637208e-06	9.984673e-09	3.918657e+01	6.506622e+02
1.790000e-06	5.610704e-06	9.948939e-09	3.900233e+01	6.494492e+02
1.800000e-06	5.582956e-06	9.768713e-09	3.880944e+01	6.481122e+02
1.810000e-06	5.552916e-06	9.938762e-09	3.860062e+01	6.467597e+02
1.820000e-06	5.520945e-06	9.871660e-09	3.837838e+01	6.454641e+02
1.830000e-06	5.487491e-06	9.749513e-09	3.814582e+01	6.441998e+02
1.840000e-06	5.451808e-06	9.905378e-09	3.789777e+01	6.428478e+02
1.850000e-06	5.413861e-06	9.697708e-09	3.763399e+01	6.412646e+02
1.860000e-06	5.373954e-06	9.667075e-09	3.735658e+01	6.393694e+02
1.870000e-06	5.332217e-06	9.813151e-09	3.706645e+01	6.371903e+02
1.880000e-06	5.288900e-06	9.666681e-09	3.676533e+01	6.348419e+02
1.890000e-06	5.243622e-06	9.670726e-09	3.645059e+01	6.324506e+02
1.900000e-06	5.196420e-06	9.582232e-09	3.612247e+01	6.300797e+02
1.910000e-06	5.147503e-06	9.539670e-09	3.578243e+01	6.277004e+02
1.920000e-06	5.096382e-06	9.627006e-09	3.542706e+01	6.252230e+02
1.930000e-06	5.043118e-06	9.442732e-09	3.505680e+01	6.225608e+02
1.940000e-06	4.987895e-06	9.445093e-09	3.467293e+01	6.196821e+02
1.950000e-06	4.930902e-06	9.389175e-09	3.427674e+01	6.166197e+02
1.960000e-06	4.872305e-06	9.347037e-09	3.386941e+01	6.134391e+02
1.970000e-06	4.811855e-06	9.366484e-09	3.344920e+01	6.101944e+02
1.980000e-06	4.749578e-06	9.198456e-09	3.301629e+01	6.069004e+02
1.990000e-06	4.685574e-06	9.208415e-09	3.257137e+01	6.035357e+02
2.000000e-06	4.619920e-06	9.124300e-09	3.211498e+01	6.000626e+02
2.010000e-06	4.552743e-06	9.114955e-09	3.164800e+01	5.964456e+02
2.020000e-06	4.483812e-06	9.089771e-09	3.116883e+01	5.926558e+02
2.030000e-06	4.413085e-06	8.923614e-09	3.067718e+01	5.886656e+02
2.040000e-06	4.340717e-06	8.921699e-09	3.017412e+01	5.844493e+02
2.050000e-06	4.266892e-06	8.831313e-09	2.966093e+01	5.799953e+02
2.060000e-06	4.191504e-06	8.804566e-09	2.913688e+01	5.753237e+02
2.070000e-06	4.114174e-06	8.693172e-09	2.859933e+01	5.704901e+02
2.080000e-06	4.035125e-06	8.576852e-09	2.804983e+01	5.655652e+02
2.090000e-06	3.954770e-06	8.555678e-09	2.749124e+01	5.605964e+02
2.100000e-06	3.873169e-06	8.468359e-09	2.692400e+01	5.555745e+02
2.110000e-06	3.790345e-06	8.424178e-09	2.634826e+01	5.504302e+02
2.120000e-06	3.706223e-06	8.284143e-09	2.576349e+01	5.450642e+02
2.130000e-06	3.620578e-06	8.209288e-09	2.516814e+01	5.393961e+02
2.140000e-06	3.533496e-06	8.138300e-09	2.456280e+01	5.334012e+02
2.150000e-06	3.445218e-06	8.043388e-09	2.394914e+01	5.271142e+02
2.160000e-06	3.355764e-06	7.936067e-09	2.332731e+01	5.206013e+02
2.170000e-06	3.265220e-06	7.790704e-09	2.269790e+01	5.139208e+02
2.180000e-06	3.173613e-06	7.717255e-09	2.206110e+01	5.070967e+02
2.190000e-06	3.080790e-06	7.623329e-09	2.141585e+01	5.001181e+02
2.200000e-06	2.986778e-06	7.530174e-09	2.076233e+01	4.929551e+02
2.210000e-06	2.891687e-06	7.392258e-09	2.010131e+01	4.855752e+02
2.220000e-06	2.795557e-06	7.265763e-09	1.943307e+01	4.779470e+02
2.230000e-06	2.698485e-06	7.164501e-09	1.875829e+01	4.700353e+02
2.240000e-06	2.600540e-06	7.042932e-09	1.807743e+01	4.618014e+02
2.250000e-06	2.501816e-06	6.903163e-09	1.739116e+01	4.532162e+02
2.260000e-06	2.402368e-06	6.738448e-09	1.669985e+01	4.442817e+02
2.270000e-06	2.301876e-06	6.607996e-09	1.600129e+01	4.350423e+02
2.280000e-06	2.200318e-06	6.483572e-09	1.529532e+01	4.255699e+02
2.290000e-06	2.097970e-06	6.347049e-09	1.458386e+01	4.159247e+02
2.300000e-06	1.994910e-06	6.179422e-09	1.386745e+01	4.061122e+02
2.310000e-06	1.891112e-06	6.014551e-09	1.314590e+01	3.960670e+02
2.320000e-06	1.786628e-06	5.870530e-09	1.241959e+01	3.856773e+02
2.330000e-06	1.681615e-06	5.717943e-09	1.168960e+01	3.748399e+02
2.340000e-06	1.576037e-06	5.540361e-09	1.095569e+01	3.635129e+02
2.350000e-06	1.469889e-06	5.340033e-09	1.021781e+01	3.517321e+02
2.360000e-06	1.363265e-06	5.157360e-09	9.476622e+00	3.395816e+02
2.370000e-06	1.256319e-06	4.984411e-09	8.733191e+00	3.271357e+02
2.380000e-06	1.149128e-06	4.795377e-09	7.988063e+00	3.144096e+02
2.390000e-06	1.041569e-06	4.583346e-09	7.240377e+00	3.013464e+02
2.400000e-06	9.336015e-07	4.368836e-09	6.489851e+00	2.878480e+02
2.410000e-06	8.252338e-07	4.166348e-09	5.736542e+00	2.738252e+02
2.420000e-06	7.165071e-07	3.958333e-09	4.980738e+00	2.592360e+02
2.430000e-06	6.075869e-07	3.725073e-09	4.223588e+00	2.440892e+02
2.440000e-06	4.985185e-07	3.471502e-09	3.465409e+00	2.284176e+02
2.450000e-06	3.893086e-07	3.224465e-09	2.706245e+00	2.122405e+02
2.460000e-06	2.800438e-07	2.983742e-09	1.946700e+00	1.955430e+02
2.470000e-06	1.707252e-07	2.728431e-09	1.186782e+00	1.782815e+02
2.480000e-06	6.136804e-08	2.449219e-09	4.265947e-01	1.604079e+02
2.490000e-06	-4.798090e-08	2.157954e-09	-3.335351e-01	1.418931e+02
2.500000e-06	-1.572772e-07	1.871525e-09	-1.093299e+00	1.227333e+02
2.510000e-06	-2.665209e-07	1.577543e-09	-1.852697e+00	1.029381e+02
2.520000e-06	-3.756919e-07	1.266497e-09	-2.611590e+00	8.251086e+01
2.530000e-06	-4.847488e-07	9.391094e-10	-3.369690e+00	6.143768e+01
2.540000e-06	-5.936595e-07	6.065460e-10	-4.126773e+00	3.969417e+01
2.550000e-06	-7.023565e-07	2.731303e-10	-4.882371e+00	1.726659e+01
2.560000e-06	-8.107927e-07	-7.457774e-11	-5.636156e+00	-5.823778e+00
2.570000e-06	-9.189252e-07	-4.402255e-10	-6.387830e+00	-2.950604e+01
2.580000e-06	-1.026757e-06	-8.177973e-10	-7.137410e+00	-5.366126e+01
2.590000e-06	-1.134212e-06	-1.190702e-09	-7.884378e+00	-7.813846e+01
2.600000e-06	-1.241263e-06	-1.558418e-09	-8.628535e+00	-1.027771e+02
2.610000e-06	-1.347991e-06	-1.931281e-09	-9.370441e+00	-1.274267e+02
2.620000e-06	-1.454379e-06	-2.308766e-09	-1.010999e+01	-1.519555e+02
2.630000e-06	-1.560313e-06	-2.680527e-09	-1.084638e+01	-1.762475e+02
2.640000e-06	-1.665684e-06	-3.041639e-09	-1.157886e+01	-2.001890e+02
2.650000e-06	-1.770471e-06	-3.397824e-09	-1.230727e+01	-2.236539e+02
2.660000e-06	-1.874621e-06	-3.749852e-09	-1.303126e+01	-2.464967e+02
2.670000e-06	-1.978070e-06	-4.092528e-09	-1.375038e+01	-2.685611e+02
2.680000e-06	-2.080751e-06	-4.415692e-09	-1.446416e+01	-2.897044e+02
2.690000e-06	-2.182654e-06	-4.717775e-09	-1.517254e+01	-3.098283e+02
2.700000e-06	-2.283718e-06	-5.004331e-09	-1.587507e+01	-3.289025e+02
2.710000e-06	-2.383796e-06	-5.280775e-09	-1.657076e+01	-3.469657e+02
2.720000e-06	-2.482954e-06	-5.545954e-09	-1.726004e+01	-3.641037e+02
2.730000e-06	-2.581272e-06	-5.793517e-09	-1.794349e+01	-3.804108e+02
2.740000e-06	-2.678714e-06	-6.027886e-09	-1.862085e+01	-3.959541e+02
2.750000e-06	-2.775318e-06	-6.256266e-09	-1.929238e+01	-4.107565e+02
2.760000e-06	-2.871074e-06	-6.478422e-09	-1.995802e+01	-4.248048e+02
2.770000e-06	-2.965857e-06	-6.683665e-09	-2.061690e+01	-4.380762e+02
2.780000e-06	-3.059563e-06	-6.868335e-09	-2.126829e+01	-4.505655e+02
2.790000e-06	-3.152078e-06	-7.041315e-09	-2.191140e+01	-4.623002e+02
2.800000e-06	-3.243385e-06	-7.211667e-09	-2.254611e+01	-4.733383e+02
2.810000e-06	-3.333525e-06	-7.374177e-09	-2.317271e+01	-4.837521e+02
2.820000e-06	-3.422459e-06	-7.520983e-09	-2.379093e+01	-4.936113e+02
2.830000e-06	-3.510248e-06	-7.658223e-09	-2.440119e+01	-5.029720e+02
2.840000e-06	-3.596865e-06	-7.795320e-09	-2.500330e+01	-5.118746e+02
2.850000e-06	-3.682113e-06	-7.932205e-09	-2.559589e+01	-5.203470e+02
2.860000e-06	-3.765897e-06	-8.058393e-09	-2.617831e+01	-5.284078e+02
2.870000e-06	-3.848327e-06	-8.170770e-09	-2.675131e+01	-5.360679e+02
2.880000e-06	-3.929515e-06	-8.277379e-09	-2.731569e+01	-5.433312e+02
2.890000e-06	-4.009438e-06	-8.385023e-09	-2.787126e+01	-5.501981e+02
2.900000e-06	-4.087928e-06	-8.487807e-09	-2.841688e+01	-5.566721e+02
2.910000e-06	-4.164733e-06	-8.579186e-09	-2.895078e+01	-5.627681e+02
2.920000e-06	-4.239828e-06	-8.661724e-09	-2.947280e+01	-5.685186e+02
2.930000e-06	-4.313337e-06	-8.742306e-09	-2.998379e+01	-5.739735e+02
2.940000e-06	-4.385325e-06	-8.824483e-09	-3.048421e+01	-5.791920e+02
2.950000e-06	-4.455748e-06	-8.903880e-09	-3.097375e+01	-5.842285e+02
2.960000e-06	-4.524408e-06	-8.976282e-09	-3.145103e+01	-5.891152e+02
2.970000e-06	-4.591400e-06	-9.045599e-09	-3.191672e+01	-5.938487e+02
2.980000e-06	-4.656909e-06	-9.117598e-09	-3.237210e+01	-5.983889e+02
2.990000e-06	-4.720874e-06	-9.189600e-09	-3.281675e+01	-6.026728e+02
3.000000e-06	-4.783097e-06	-9.252598e-09	-3.324929e+01	-6.066437e+02
3.010000e-06	-4.843425e-06	-9.303458e-09	-3.366865e+01	-6.102844e+02
3.020000e-06	-4.902015e-06	-9.349514e-09	-3.407594e+01	-6.136362e+02
3.030000e-06	-4.959034e-06	-9.399805e-09	-3.447230e+01	-6.167914e+02
3.040000e-06	-5.014378e-06	-9.450602e-09	-3.485702e+01	-6.198559e+02
3.050000e-06	-5.067706e-06	-9.497778e-09	-3.522772e+01	-6.228991e+02
3.060000e-06	-5.118879e-06	-9.541484e-09	-3.558345e+01	-6.259163e+02
3.070000e-06	-5.167919e-06	-9.585986e-09	-3.592435e+01	-6.288292e+02
3.080000e-06	-5.214825e-06	-9.628303e-09	-3.625041e+01	-6.315266e+02
3.090000e-06	-5.259897e-06	-9.664773e-09	-3.656373e+01	-6.339263e+02
3.100000e-06	-5.303333e-06	-9.694964e-09	-3.686566e+01	-6.360219e+02
3.110000e-06	-5.345073e-06	-9.721510e-09	-3.715581e+01	-6.378878e+02
3.120000e-06	-5.385182e-06	-9.751705e-09	-3.743463e+01	-6.396397e+02
3.130000e-06	-5.423508e-06	-9.783558e-09	-3.770105e+01	-6.413727e+02
3.140000e-06	-5.459745e-06	-9.812686e-09	-3.795295e+01	-6.431167e+02
3.150000e-06	-5.493992e-06	-9.837703e-09	-3.819101e+01	-6.448322e+02
3.160000e-06	-5.526431e-06	-9.862478e-09	-3.841651e+01	-6.464447e+02
3.170000e-06	-5.556896e-06	-9.887322e-09	-3.862829e+01	-6.478925e+02
3.180000e-06	-5.585251e-06	-9.907427e-09	-3.882539e+01	-6.491555e+02
3.190000e-06	-5.611621e-06	-9.921156e-09	-3.900870e+01	-6.502517e+02
3.200000e-06	-5.636149e-06	-9.933662e-09	-3.917921e+01	-6.512122e+02
3.210000e-06	-5.658667e-06	-9.945788e-09	-3.933574e+01	-6.520581e+02
3.220000e-06	-5.679088e-06	-9.958432e-09	-3.947769e+01	-6.527982e+02
3.230000e-06	-5.697563e-06	-9.969822e-09	-3.960612e+01	-6.534449e+02
3.240000e-06	-5.714109e-06	-9.977681e-09	-3.972114e+01	-6.540269e+02
3.250000e-06	-5.728464e-06	-9.984115e-09	-3.982093e+01	-6.545814e+02
3.260000e-06	-5.740482e-06	-9.993278e-09	-3.990447e+01	-6.551249e+02
3.270000e-06	-5.750362e-06	-1.000271e-08	-3.997315e+01	-6.556260e+02
3.280000e-06	-5.758286e-06	-1.000788e-08	-4.002823e+01	-6.560080e+02
3.290000e-06	-5.764126e-06	-1.000809e-08	-4.006882e+01	-6.561883e+02
3.300000e-06	-5.767871e-06	-1.000567e-08	-4.009486e+01	-6.561340e+02
3.310000e-06	-5.769709e-06	-1.000191e-08	-4.010764e+01	-6.558950e+02
3.320000e-06	-5.769704e-06	-9.997783e-09	-4.010760e+01	-6.555844e+02
