# Temperatura_=_20.0
# Concentracion g/m^3_=_10000.0
# C_Vs_to_Am_M_A/Vsm_=_65563218390.804596
# pendiente_HvsI_1/m_=_3716.3
# ordenada_HvsI_A/m_=_1297.0
# frecuencia_Hz_=_300983.0275525038

Tiempo_(s)	Campo_(V.s)	Magnetizacion_(V.s)	Campo_(kA/m)	Magnetizacion_(A/m)
0.000000e+00	-5.719911e-06	-9.904177e-09	-4.010925e+01	-6.481266e+02
1.000000e-08	-5.717342e-06	-9.902055e-09	-4.009124e+01	-6.479673e+02
2.000000e-08	-5.712716e-06	-9.897845e-09	-4.005880e+01	-6.479019e+02
3.000000e-08	-5.706362e-06	-9.894094e-09	-4.001425e+01	-6.478126e+02
4.000000e-08	-5.698399e-06	-9.886199e-09	-3.995841e+01	-6.475472e+02
5.000000e-08	-5.688537e-06	-9.875756e-09	-3.988925e+01	-6.470081e+02
6.000000e-08	-5.676452e-06	-9.864554e-09	-3.980451e+01	-6.462046e+02
7.000000e-08	-5.662293e-06	-9.830188e-09	-3.970522e+01	-6.452363e+02
8.000000e-08	-5.645846e-06	-9.824950e-09	-3.958989e+01	-6.442250e+02
9.000000e-08	-5.627043e-06	-9.880714e-09	-3.945804e+01	-6.432433e+02
1.000000e-07	-5.606135e-06	-9.854394e-09	-3.931143e+01	-6.422895e+02
1.100000e-07	-5.583207e-06	-9.805241e-09	-3.915065e+01	-6.413191e+02
1.200000e-07	-5.558399e-06	-9.801025e-09	-3.897670e+01	-6.403000e+02
1.300000e-07	-5.531809e-06	-9.666047e-09	-3.879024e+01	-6.392424e+02
1.400000e-07	-5.503634e-06	-9.724710e-09	-3.859267e+01	-6.381792e+02
1.500000e-07	-5.473823e-06	-9.831496e-09	-3.838363e+01	-6.371130e+02
1.600000e-07	-5.442366e-06	-9.605007e-09	-3.816305e+01	-6.359790e+02
1.700000e-07	-5.409106e-06	-9.669693e-09	-3.792982e+01	-6.346611e+02
1.800000e-07	-5.373624e-06	-9.728423e-09	-3.768101e+01	-6.330593e+02
1.900000e-07	-5.336351e-06	-9.553509e-09	-3.741965e+01	-6.311620e+02
2.000000e-07	-5.297427e-06	-9.657196e-09	-3.714670e+01	-6.290675e+02
2.100000e-07	-5.256521e-06	-9.591219e-09	-3.685986e+01	-6.269294e+02
2.200000e-07	-5.213539e-06	-9.451191e-09	-3.655846e+01	-6.248586e+02
2.300000e-07	-5.168511e-06	-9.517204e-09	-3.624272e+01	-6.228456e+02
2.400000e-07	-5.121709e-06	-9.473107e-09	-3.591453e+01	-6.207592e+02
2.500000e-07	-5.072968e-06	-9.458504e-09	-3.557275e+01	-6.184266e+02
2.600000e-07	-5.021847e-06	-9.408108e-09	-3.521428e+01	-6.157443e+02
2.700000e-07	-4.968610e-06	-9.314030e-09	-3.484097e+01	-6.127471e+02
2.800000e-07	-4.913652e-06	-9.311077e-09	-3.445559e+01	-6.095900e+02
2.900000e-07	-4.857012e-06	-9.284176e-09	-3.405842e+01	-6.064575e+02
3.000000e-07	-4.798509e-06	-9.226006e-09	-3.364818e+01	-6.034566e+02
3.100000e-07	-4.738071e-06	-9.130618e-09	-3.322438e+01	-6.005629e+02
3.200000e-07	-4.675959e-06	-9.107946e-09	-3.278884e+01	-5.976444e+02
3.300000e-07	-4.612334e-06	-9.091416e-09	-3.234269e+01	-5.945409e+02
3.400000e-07	-4.547203e-06	-9.018673e-09	-3.188597e+01	-5.911432e+02
3.500000e-07	-4.480277e-06	-8.979829e-09	-3.141667e+01	-5.874278e+02
3.600000e-07	-4.411524e-06	-8.876554e-09	-3.093456e+01	-5.834382e+02
3.700000e-07	-4.341272e-06	-8.819325e-09	-3.044194e+01	-5.792409e+02
3.800000e-07	-4.269636e-06	-8.805073e-09	-2.993961e+01	-5.748918e+02
3.900000e-07	-4.196541e-06	-8.714339e-09	-2.942705e+01	-5.704295e+02
4.000000e-07	-4.121658e-06	-8.629998e-09	-2.890195e+01	-5.658853e+02
4.100000e-07	-4.044974e-06	-8.546644e-09	-2.836424e+01	-5.612845e+02
4.200000e-07	-3.966770e-06	-8.505999e-09	-2.781585e+01	-5.566300e+02
4.300000e-07	-3.887000e-06	-8.443602e-09	-2.725649e+01	-5.518790e+02
4.400000e-07	-3.805551e-06	-8.343650e-09	-2.668534e+01	-5.469406e+02
4.500000e-07	-3.722691e-06	-8.242057e-09	-2.610431e+01	-5.417075e+02
4.600000e-07	-3.638745e-06	-8.162026e-09	-2.551567e+01	-5.361114e+02
4.700000e-07	-3.553781e-06	-8.110741e-09	-2.491988e+01	-5.301649e+02
4.800000e-07	-3.467725e-06	-8.015044e-09	-2.431644e+01	-5.239612e+02
4.900000e-07	-3.380514e-06	-7.904607e-09	-2.370489e+01	-5.176252e+02
5.000000e-07	-3.292152e-06	-7.795845e-09	-2.308528e+01	-5.112462e+02
5.100000e-07	-3.202643e-06	-7.710481e-09	-2.245762e+01	-5.048324e+02
5.200000e-07	-3.111848e-06	-7.625491e-09	-2.182095e+01	-4.983135e+02
5.300000e-07	-3.019721e-06	-7.509334e-09	-2.117494e+01	-4.915853e+02
5.400000e-07	-2.926531e-06	-7.383776e-09	-2.052147e+01	-4.845622e+02
5.500000e-07	-2.832372e-06	-7.277473e-09	-1.986121e+01	-4.772060e+02
5.600000e-07	-2.737302e-06	-7.185121e-09	-1.919455e+01	-4.695199e+02
5.700000e-07	-2.641356e-06	-7.065809e-09	-1.852176e+01	-4.615254e+02
5.800000e-07	-2.544495e-06	-6.921041e-09	-1.784255e+01	-4.532456e+02
5.900000e-07	-2.446589e-06	-6.775094e-09	-1.715601e+01	-4.447068e+02
6.000000e-07	-2.347557e-06	-6.650634e-09	-1.646158e+01	-4.359486e+02
6.100000e-07	-2.247568e-06	-6.529052e-09	-1.576043e+01	-4.270182e+02
6.200000e-07	-2.146863e-06	-6.385918e-09	-1.505427e+01	-4.179424e+02
6.300000e-07	-2.045506e-06	-6.226364e-09	-1.434353e+01	-4.086909e+02
6.400000e-07	-1.943424e-06	-6.079165e-09	-1.362771e+01	-3.991638e+02
6.500000e-07	-1.840649e-06	-5.943657e-09	-1.290703e+01	-3.892265e+02
6.600000e-07	-1.737334e-06	-5.790546e-09	-1.218256e+01	-3.787792e+02
6.700000e-07	-1.633479e-06	-5.613066e-09	-1.145431e+01	-3.678218e+02
6.800000e-07	-1.528995e-06	-5.428401e-09	-1.072165e+01	-3.564652e+02
6.900000e-07	-1.423924e-06	-5.259753e-09	-9.984860e+00	-3.448732e+02
7.000000e-07	-1.318325e-06	-5.094871e-09	-9.244377e+00	-3.331634e+02
7.100000e-07	-1.212211e-06	-4.911591e-09	-8.500288e+00	-3.213273e+02
7.200000e-07	-1.105580e-06	-4.708492e-09	-7.752565e+00	-3.092217e+02
7.300000e-07	-9.984375e-07	-4.508094e-09	-7.001260e+00	-2.966404e+02
7.400000e-07	-8.908590e-07	-4.314126e-09	-6.246896e+00	-2.834223e+02
7.500000e-07	-7.829286e-07	-4.110651e-09	-5.490065e+00	-2.695307e+02
7.600000e-07	-6.746816e-07	-3.884456e-09	-4.731013e+00	-2.550554e+02
7.700000e-07	-5.661832e-07	-3.645437e-09	-3.970199e+00	-2.401398e+02
7.800000e-07	-4.575357e-07	-3.416348e-09	-3.208339e+00	-2.248833e+02
7.900000e-07	-3.488019e-07	-3.188128e-09	-2.445874e+00	-2.092786e+02
8.000000e-07	-2.399802e-07	-2.942556e-09	-1.682793e+00	-1.932216e+02
8.100000e-07	-1.310670e-07	-2.672549e-09	-9.190698e-01	-1.765768e+02
8.200000e-07	-2.211531e-08	-2.398845e-09	-1.550774e-01	-1.592548e+02
8.300000e-07	8.682069e-08	-2.132199e-09	6.088054e-01	-1.412482e+02
8.400000e-07	1.957474e-07	-1.858713e-09	1.372623e+00	-1.226112e+02
8.500000e-07	3.046557e-07	-1.564961e-09	2.136311e+00	-1.034029e+02
8.600000e-07	4.134885e-07	-1.254633e-09	2.899471e+00	-8.363593e+01
8.700000e-07	5.222010e-07	-9.448966e-10	3.661786e+00	-6.326710e+01
8.800000e-07	6.307796e-07	-6.324384e-10	4.423163e+00	-4.223158e+01
8.900000e-07	7.391913e-07	-3.022859e-10	5.183370e+00	-2.049740e+01
9.000000e-07	8.473578e-07	5.272753e-11	5.941856e+00	1.896006e+00
9.100000e-07	9.551688e-07	4.143191e-10	6.697850e+00	2.483721e+01
9.200000e-07	1.062552e-06	7.658193e-10	7.450845e+00	4.817716e+01
9.300000e-07	1.169464e-06	1.115052e-09	8.200535e+00	7.177547e+01
9.400000e-07	1.275873e-06	1.475487e-09	8.946699e+00	9.553125e+01
9.500000e-07	1.381763e-06	1.845875e-09	9.689224e+00	1.193826e+02
9.600000e-07	1.487130e-06	2.209420e-09	1.042808e+01	1.432781e+02
9.700000e-07	1.591875e-06	2.563119e-09	1.116257e+01	1.671370e+02
9.800000e-07	1.695942e-06	2.919887e-09	1.189231e+01	1.908206e+02
9.900000e-07	1.799442e-06	3.286115e-09	1.261807e+01	2.141314e+02
1.000000e-06	1.902390e-06	3.643814e-09	1.333997e+01	2.368418e+02
1.010000e-06	2.004710e-06	3.974136e-09	1.405746e+01	2.587446e+02
1.020000e-06	2.106319e-06	4.282425e-09	1.476996e+01	2.797030e+02
1.030000e-06	2.207220e-06	4.586009e-09	1.547750e+01	2.996801e+02
1.040000e-06	2.307457e-06	4.883253e-09	1.618038e+01	3.187299e+02
1.050000e-06	2.406868e-06	5.161380e-09	1.687748e+01	3.369542e+02
1.060000e-06	2.505229e-06	5.419826e-09	1.756721e+01	3.544419e+02
1.070000e-06	2.602569e-06	5.668072e-09	1.824978e+01	3.712214e+02
1.080000e-06	2.698966e-06	5.916886e-09	1.892573e+01	3.872501e+02
1.090000e-06	2.794396e-06	6.156718e-09	1.959491e+01	4.024452e+02
1.100000e-06	2.888860e-06	6.372894e-09	2.025731e+01	4.167398e+02
1.110000e-06	2.982376e-06	6.569732e-09	2.091307e+01	4.301301e+02
1.120000e-06	3.075057e-06	6.760473e-09	2.156296e+01	4.426886e+02
1.130000e-06	3.166782e-06	6.946638e-09	2.220616e+01	4.545365e+02
1.140000e-06	3.257167e-06	7.119156e-09	2.283996e+01	4.657936e+02
1.150000e-06	3.346138e-06	7.274685e-09	2.346385e+01	4.765365e+02
1.160000e-06	3.433905e-06	7.423185e-09	2.407929e+01	4.867875e+02
1.170000e-06	3.520580e-06	7.576240e-09	2.468707e+01	4.965357e+02
1.180000e-06	3.606079e-06	7.728302e-09	2.528660e+01	5.057706e+02
1.190000e-06	3.690454e-06	7.864558e-09	2.587826e+01	5.145049e+02
1.200000e-06	3.773654e-06	7.982704e-09	2.646168e+01	5.227716e+02
1.210000e-06	3.855479e-06	8.098895e-09	2.703545e+01	5.306037e+02
1.220000e-06	3.935832e-06	8.218455e-09	2.759890e+01	5.380160e+02
1.230000e-06	4.014737e-06	8.329379e-09	2.815220e+01	5.450062e+02
1.240000e-06	4.092248e-06	8.423190e-09	2.869573e+01	5.515765e+02
1.250000e-06	4.168259e-06	8.507478e-09	2.922874e+01	5.577604e+02
1.260000e-06	4.242588e-06	8.598302e-09	2.974995e+01	5.636320e+02
1.270000e-06	4.315268e-06	8.692935e-09	3.025959e+01	5.692860e+02
1.280000e-06	4.386389e-06	8.780542e-09	3.075831e+01	5.747959e+02
1.290000e-06	4.455913e-06	8.858677e-09	3.124583e+01	5.801748e+02
1.300000e-06	4.523980e-06	8.935197e-09	3.172313e+01	5.853627e+02
1.310000e-06	4.590431e-06	9.013190e-09	3.218909e+01	5.902517e+02
1.320000e-06	4.655064e-06	9.085131e-09	3.264232e+01	5.947415e+02
1.330000e-06	4.718097e-06	9.141215e-09	3.308432e+01	5.987963e+02
1.340000e-06	4.779638e-06	9.187752e-09	3.351586e+01	6.024745e+02
1.350000e-06	4.839649e-06	9.239950e-09	3.393667e+01	6.059149e+02
1.360000e-06	4.897887e-06	9.299038e-09	3.434504e+01	6.092802e+02
1.370000e-06	4.954236e-06	9.355425e-09	3.474017e+01	6.126851e+02
1.380000e-06	5.008883e-06	9.404432e-09	3.512337e+01	6.161419e+02
1.390000e-06	5.061698e-06	9.453489e-09	3.549372e+01	6.195512e+02
1.400000e-06	5.112296e-06	9.505226e-09	3.584853e+01	6.227476e+02
1.410000e-06	5.160719e-06	9.551573e-09	3.618808e+01	6.255792e+02
1.420000e-06	5.207320e-06	9.585155e-09	3.651485e+01	6.279855e+02
1.430000e-06	5.252263e-06	9.609097e-09	3.683001e+01	6.300318e+02
1.440000e-06	5.295412e-06	9.635098e-09	3.713257e+01	6.318809e+02
1.450000e-06	5.336504e-06	9.669122e-09	3.742072e+01	6.337144e+02
1.460000e-06	5.375643e-06	9.702267e-09	3.769517e+01	6.356445e+02
1.470000e-06	5.413079e-06	9.728518e-09	3.795768e+01	6.376636e+02
1.480000e-06	5.448727e-06	9.753124e-09	3.820765e+01	6.396587e+02
1.490000e-06	5.482320e-06	9.780675e-09	3.844321e+01	6.414803e+02
1.500000e-06	5.513962e-06	9.809282e-09	3.866509e+01	6.430250e+02
1.510000e-06	5.543808e-06	9.830406e-09	3.887438e+01	6.442836e+02
1.520000e-06	5.571806e-06	9.843288e-09	3.907070e+01	6.453306e+02
1.530000e-06	5.597673e-06	9.854387e-09	3.925209e+01	6.462680e+02
1.540000e-06	5.621412e-06	9.868110e-09	3.941856e+01	6.471650e+02
1.550000e-06	5.643289e-06	9.882140e-09	3.957196e+01	6.480318e+02
1.560000e-06	5.663413e-06	9.891709e-09	3.971308e+01	6.488391e+02
1.570000e-06	5.681567e-06	9.900126e-09	3.984038e+01	6.495598e+02
1.580000e-06	5.697517e-06	9.910971e-09	3.995222e+01	6.501965e+02
1.590000e-06	5.711387e-06	9.923957e-09	4.004948e+01	6.507726e+02
1.600000e-06	5.722989e-06	9.933853e-09	4.013084e+01	6.512954e+02
1.610000e-06	5.732291e-06	9.937387e-09	4.019606e+01	6.517279e+02
1.620000e-06	5.739580e-06	9.937219e-09	4.024717e+01	6.519979e+02
1.630000e-06	5.745011e-06	9.935915e-09	4.028526e+01	6.520461e+02
1.640000e-06	5.748439e-06	9.933766e-09	4.030930e+01	6.518802e+02
1.650000e-06	5.749702e-06	9.934272e-09	4.031815e+01	6.515912e+02
1.660000e-06	5.748980e-06	9.930435e-09	4.031309e+01	6.513118e+02
1.670000e-06	5.746521e-06	9.920475e-09	4.029585e+01	6.511382e+02
1.680000e-06	5.742254e-06	9.920753e-09	4.026592e+01	6.510659e+02
1.690000e-06	5.735924e-06	9.923920e-09	4.022154e+01	6.509854e+02
1.700000e-06	5.727709e-06	9.921517e-09	4.016393e+01	6.507440e+02
1.710000e-06	5.717783e-06	9.913391e-09	4.009433e+01	6.502347e+02
1.720000e-06	5.705896e-06	9.910926e-09	4.001098e+01	6.494547e+02
1.730000e-06	5.691914e-06	9.941633e-09	3.991293e+01	6.484969e+02
1.740000e-06	5.675998e-06	9.856052e-09	3.980132e+01	6.474843e+02
1.750000e-06	5.657780e-06	9.793275e-09	3.967358e+01	6.464971e+02
1.760000e-06	5.636612e-06	9.808934e-09	3.952514e+01	6.455410e+02
1.770000e-06	5.612860e-06	9.771078e-09	3.935859e+01	6.445734e+02
1.780000e-06	5.587481e-06	9.901049e-09	3.918062e+01	6.435587e+02
1.790000e-06	5.561265e-06	9.847747e-09	3.899679e+01	6.425025e+02
1.800000e-06	5.533838e-06	9.647244e-09	3.880447e+01	6.414376e+02
1.810000e-06	5.504046e-06	9.858888e-09	3.859556e+01	6.403725e+02
1.820000e-06	5.472313e-06	9.771976e-09	3.837304e+01	6.392497e+02
1.830000e-06	5.439081e-06	9.633677e-09	3.814001e+01	6.379561e+02
1.840000e-06	5.403623e-06	9.834438e-09	3.789137e+01	6.363861e+02
1.850000e-06	5.366019e-06	9.601661e-09	3.762769e+01	6.345164e+02
1.860000e-06	5.326489e-06	9.550488e-09	3.735049e+01	6.324347e+02
1.870000e-06	5.285073e-06	9.720622e-09	3.706008e+01	6.302933e+02
1.880000e-06	5.242074e-06	9.546253e-09	3.675855e+01	6.282121e+02
1.890000e-06	5.197145e-06	9.570070e-09	3.644350e+01	6.261964e+02
1.900000e-06	5.150374e-06	9.500419e-09	3.611554e+01	6.241251e+02
1.910000e-06	5.101974e-06	9.414242e-09	3.577615e+01	6.218248e+02
1.920000e-06	5.051395e-06	9.536355e-09	3.542147e+01	6.191798e+02
1.930000e-06	4.998710e-06	9.354994e-09	3.505203e+01	6.162093e+02
1.940000e-06	4.944014e-06	9.316928e-09	3.466850e+01	6.130590e+02
1.950000e-06	4.887466e-06	9.283005e-09	3.427197e+01	6.099154e+02
1.960000e-06	4.829343e-06	9.246289e-09	3.386440e+01	6.068981e+02
1.970000e-06	4.769445e-06	9.265820e-09	3.344438e+01	6.039967e+02
1.980000e-06	4.707796e-06	9.110116e-09	3.301209e+01	6.010877e+02
1.990000e-06	4.644332e-06	9.128979e-09	3.256706e+01	5.980095e+02
2.000000e-06	4.579173e-06	9.033098e-09	3.211015e+01	5.946448e+02
2.010000e-06	4.512596e-06	9.011183e-09	3.164330e+01	5.909610e+02
2.020000e-06	4.444394e-06	9.009877e-09	3.116505e+01	5.869965e+02
2.030000e-06	4.374355e-06	8.830044e-09	3.067392e+01	5.828174e+02
2.040000e-06	4.302545e-06	8.822159e-09	3.017038e+01	5.784813e+02
2.050000e-06	4.229282e-06	8.734343e-09	2.965664e+01	5.740285e+02
2.060000e-06	4.154532e-06	8.705091e-09	2.913248e+01	5.694905e+02
2.070000e-06	4.078023e-06	8.615907e-09	2.859598e+01	5.648939e+02
2.080000e-06	3.999770e-06	8.486890e-09	2.804725e+01	5.602451e+02
2.090000e-06	3.920022e-06	8.472747e-09	2.748805e+01	5.555070e+02
2.100000e-06	3.839017e-06	8.395119e-09	2.692002e+01	5.505927e+02
2.110000e-06	3.756758e-06	8.353939e-09	2.634320e+01	5.453945e+02
2.120000e-06	3.673265e-06	8.212093e-09	2.575773e+01	5.398372e+02
2.130000e-06	3.588436e-06	8.115902e-09	2.516289e+01	5.339238e+02
2.140000e-06	3.502113e-06	8.043579e-09	2.455758e+01	5.277405e+02
2.150000e-06	3.414500e-06	7.946331e-09	2.394321e+01	5.214121e+02
2.160000e-06	3.325804e-06	7.857405e-09	2.332126e+01	5.150346e+02
2.170000e-06	3.236009e-06	7.716582e-09	2.269159e+01	5.086256e+02
2.180000e-06	3.145122e-06	7.641068e-09	2.205428e+01	5.021217e+02
2.190000e-06	3.053232e-06	7.552605e-09	2.140992e+01	4.954196e+02
2.200000e-06	2.960247e-06	7.457609e-09	2.075789e+01	4.884297e+02
2.210000e-06	2.865990e-06	7.323685e-09	2.009694e+01	4.811084e+02
2.220000e-06	2.770574e-06	7.188165e-09	1.942787e+01	4.734556e+02
2.230000e-06	2.674262e-06	7.085737e-09	1.875250e+01	4.654919e+02
2.240000e-06	2.577114e-06	6.969271e-09	1.807128e+01	4.572404e+02
2.250000e-06	2.479135e-06	6.844760e-09	1.738423e+01	4.487266e+02
2.260000e-06	2.380359e-06	6.687874e-09	1.669160e+01	4.399885e+02
2.270000e-06	2.280705e-06	6.555416e-09	1.599280e+01	4.310735e+02
2.280000e-06	2.180251e-06	6.434788e-09	1.528839e+01	4.220123e+02
2.290000e-06	2.079038e-06	6.302733e-09	1.457866e+01	4.127821e+02
2.300000e-06	1.976931e-06	6.140289e-09	1.386266e+01	4.032898e+02
2.310000e-06	1.873918e-06	5.972030e-09	1.314032e+01	3.934013e+02
2.320000e-06	1.770217e-06	5.828925e-09	1.241315e+01	3.830097e+02
2.330000e-06	1.666066e-06	5.680010e-09	1.168281e+01	3.721022e+02
2.340000e-06	1.561372e-06	5.507359e-09	1.094868e+01	3.607795e+02
2.350000e-06	1.456053e-06	5.310683e-09	1.021016e+01	3.492043e+02
2.360000e-06	1.350285e-06	5.131557e-09	9.468491e+00	3.375038e+02
2.370000e-06	1.244142e-06	4.966754e-09	8.724190e+00	3.256849e+02
2.380000e-06	1.137651e-06	4.789031e-09	7.977455e+00	3.136167e+02
2.390000e-06	1.030761e-06	4.587639e-09	7.227917e+00	3.010946e+02
2.400000e-06	9.235060e-07	4.376943e-09	6.475824e+00	2.879479e+02
2.410000e-06	8.160094e-07	4.177628e-09	5.722034e+00	2.741249e+02
2.420000e-06	7.082525e-07	3.974742e-09	4.966420e+00	2.597042e+02
2.430000e-06	6.002967e-07	3.748803e-09	4.209410e+00	2.448284e+02
2.440000e-06	4.922269e-07	3.503092e-09	3.451602e+00	2.296055e+02
2.450000e-06	3.840757e-07	3.262227e-09	2.693222e+00	2.140407e+02
2.460000e-06	2.758131e-07	3.029074e-09	1.934061e+00	1.980376e+02
2.470000e-06	1.674595e-07	2.784906e-09	1.174262e+00	1.814603e+02
2.480000e-06	5.904312e-08	2.515481e-09	4.140231e-01	1.642115e+02
2.490000e-06	-4.942942e-08	2.230338e-09	-3.466097e-01	1.462752e+02
2.500000e-06	-1.578080e-07	1.950183e-09	-1.106583e+00	1.277014e+02
2.510000e-06	-2.660481e-07	1.668315e-09	-1.865587e+00	1.085514e+02
2.520000e-06	-3.742308e-07	1.372300e-09	-2.624187e+00	8.884443e+01
2.530000e-06	-4.823517e-07	1.057179e-09	-3.382354e+00	6.854211e+01
2.540000e-06	-5.903320e-07	7.343341e-10	-4.139535e+00	4.757943e+01
2.550000e-06	-6.981256e-07	4.116017e-10	-4.895408e+00	2.591850e+01
2.560000e-06	-8.057484e-07	7.762652e-11	-5.650082e+00	3.590334e+00
2.570000e-06	-9.131331e-07	-2.733333e-10	-6.403087e+00	-1.930017e+01
2.580000e-06	-1.020173e-06	-6.378131e-10	-7.153671e+00	-4.260576e+01
2.590000e-06	-1.126852e-06	-9.982168e-10	-7.901728e+00	-6.618317e+01
2.600000e-06	-1.233190e-06	-1.353128e-09	-8.647394e+00	-8.992670e+01
2.610000e-06	-1.339176e-06	-1.713383e-09	-9.390592e+00	-1.137713e+02
2.620000e-06	-1.444721e-06	-2.082194e-09	-1.013069e+01	-1.376662e+02
2.630000e-06	-1.549720e-06	-2.451989e-09	-1.086697e+01	-1.615356e+02
2.640000e-06	-1.654172e-06	-2.811630e-09	-1.159941e+01	-1.852477e+02
2.650000e-06	-1.758128e-06	-3.163308e-09	-1.232838e+01	-2.086103e+02
2.660000e-06	-1.861533e-06	-3.510369e-09	-1.305347e+01	-2.313970e+02
2.670000e-06	-1.964200e-06	-3.850229e-09	-1.377339e+01	-2.533955e+02
2.680000e-06	-2.065946e-06	-4.172637e-09	-1.448686e+01	-2.744599e+02
2.690000e-06	-2.166717e-06	-4.474946e-09	-1.519349e+01	-2.945420e+02
2.700000e-06	-2.266630e-06	-4.764271e-09	-1.589410e+01	-3.136878e+02
2.710000e-06	-2.365769e-06	-5.047108e-09	-1.658928e+01	-3.319967e+02
2.720000e-06	-2.464140e-06	-5.320951e-09	-1.727908e+01	-3.495617e+02
2.730000e-06	-2.561699e-06	-5.578313e-09	-1.796319e+01	-3.664192e+02
2.740000e-06	-2.658386e-06	-5.821259e-09	-1.864118e+01	-3.825331e+02
2.750000e-06	-2.754262e-06	-6.054602e-09	-1.931348e+01	-3.978227e+02
2.760000e-06	-2.849351e-06	-6.279086e-09	-1.998027e+01	-4.122165e+02
2.770000e-06	-2.943413e-06	-6.486822e-09	-2.063985e+01	-4.257025e+02
2.780000e-06	-3.036145e-06	-6.677241e-09	-2.129010e+01	-4.383460e+02
2.790000e-06	-3.127644e-06	-6.858742e-09	-2.193172e+01	-4.502649e+02
2.800000e-06	-3.218104e-06	-7.036770e-09	-2.256604e+01	-4.615818e+02
2.810000e-06	-3.307393e-06	-7.206714e-09	-2.319215e+01	-4.723790e+02
2.820000e-06	-3.395521e-06	-7.360905e-09	-2.381013e+01	-4.826841e+02
2.830000e-06	-3.482638e-06	-7.503121e-09	-2.442101e+01	-4.924881e+02
2.840000e-06	-3.568495e-06	-7.642354e-09	-2.502306e+01	-5.017790e+02
2.850000e-06	-3.652868e-06	-7.779589e-09	-2.561470e+01	-5.105667e+02
2.860000e-06	-3.735868e-06	-7.909206e-09	-2.619672e+01	-5.188829e+02
2.870000e-06	-3.817669e-06	-8.026841e-09	-2.677032e+01	-5.267616e+02
2.880000e-06	-3.898268e-06	-8.137649e-09	-2.733550e+01	-5.342199e+02
2.890000e-06	-3.977509e-06	-8.249788e-09	-2.789115e+01	-5.412567e+02
2.900000e-06	-4.055145e-06	-8.358057e-09	-2.843556e+01	-5.478722e+02
2.910000e-06	-4.131015e-06	-8.454749e-09	-2.896757e+01	-5.540958e+02
2.920000e-06	-4.205329e-06	-8.540421e-09	-2.948867e+01	-5.599976e+02
2.930000e-06	-4.278199e-06	-8.621022e-09	-2.999965e+01	-5.656717e+02
2.940000e-06	-4.349663e-06	-8.704092e-09	-3.050077e+01	-5.711962e+02
2.950000e-06	-4.419502e-06	-8.789511e-09	-3.099050e+01	-5.765920e+02
2.960000e-06	-4.487535e-06	-8.870450e-09	-3.146757e+01	-5.818062e+02
2.970000e-06	-4.553985e-06	-8.945646e-09	-3.193353e+01	-5.867338e+02
2.980000e-06	-4.618917e-06	-9.017636e-09	-3.238884e+01	-5.912708e+02
2.990000e-06	-4.682386e-06	-9.086187e-09	-3.283390e+01	-5.953722e+02
3.000000e-06	-4.744069e-06	-9.146332e-09	-3.326644e+01	-5.990864e+02
3.010000e-06	-4.803809e-06	-9.195595e-09	-3.368535e+01	-6.025454e+02
3.020000e-06	-4.861915e-06	-9.240680e-09	-3.409280e+01	-6.059129e+02
3.030000e-06	-4.918445e-06	-9.291631e-09	-3.448920e+01	-6.093121e+02
3.040000e-06	-4.973298e-06	-9.347246e-09	-3.487384e+01	-6.127674e+02
3.050000e-06	-5.026059e-06	-9.403578e-09	-3.524382e+01	-6.161903e+02
3.060000e-06	-5.076647e-06	-9.452329e-09	-3.559855e+01	-6.194189e+02
3.070000e-06	-5.125112e-06	-9.496184e-09	-3.593839e+01	-6.222957e+02
3.080000e-06	-5.171533e-06	-9.536408e-09	-3.626391e+01	-6.247478e+02
3.090000e-06	-5.216245e-06	-9.571132e-09	-3.657743e+01	-6.268273e+02
3.100000e-06	-5.259328e-06	-9.599243e-09	-3.687954e+01	-6.286895e+02
3.110000e-06	-5.300810e-06	-9.622946e-09	-3.717043e+01	-6.305185e+02
3.120000e-06	-5.340633e-06	-9.652015e-09	-3.744967e+01	-6.324375e+02
3.130000e-06	-5.378512e-06	-9.686699e-09	-3.771529e+01	-6.344523e+02
3.140000e-06	-5.414331e-06	-9.721032e-09	-3.796646e+01	-6.364583e+02
3.150000e-06	-5.448259e-06	-9.748198e-09	-3.820437e+01	-6.383059e+02
3.160000e-06	-5.480410e-06	-9.772368e-09	-3.842982e+01	-6.398836e+02
3.170000e-06	-5.510586e-06	-9.794201e-09	-3.864142e+01	-6.411716e+02
3.180000e-06	-5.538701e-06	-9.812747e-09	-3.883857e+01	-6.422375e+02
3.190000e-06	-5.564889e-06	-9.825812e-09	-3.902221e+01	-6.431835e+02
3.200000e-06	-5.589206e-06	-9.836826e-09	-3.919272e+01	-6.440844e+02
3.210000e-06	-5.611539e-06	-9.847892e-09	-3.934933e+01	-6.449567e+02
3.220000e-06	-5.631759e-06	-9.861000e-09	-3.949111e+01	-6.457731e+02
3.230000e-06	-5.650008e-06	-9.875427e-09	-3.961908e+01	-6.465047e+02
3.240000e-06	-5.666398e-06	-9.886054e-09	-3.973401e+01	-6.471506e+02
3.250000e-06	-5.680619e-06	-9.893148e-09	-3.983373e+01	-6.477333e+02
3.260000e-06	-5.692484e-06	-9.900202e-09	-3.991693e+01	-6.482638e+02
3.270000e-06	-5.702243e-06	-9.906393e-09	-3.998536e+01	-6.487103e+02
3.280000e-06	-5.710038e-06	-9.910011e-09	-4.004002e+01	-6.490025e+02
3.290000e-06	-5.715725e-06	-9.912256e-09	-4.007990e+01	-6.490767e+02
3.300000e-06	-5.719350e-06	-9.912420e-09	-4.010532e+01	-6.489318e+02
3.310000e-06	-5.721132e-06	-9.909333e-09	-4.011782e+01	-6.486509e+02
3.320000e-06	-5.721084e-06	-9.904975e-09	-4.011748e+01	-6.483657e+02
