# Temperatura_=_20.0
# Concentracion g/m^3_=_10000.0
# C_Vs_to_Am_M_A/Vsm_=_65563218390.804596
# pendiente_HvsI_1/m_=_3716.3
# ordenada_HvsI_A/m_=_1297.0
# frecuencia_Hz_=_300989.1017875802

Tiempo_(s)	Campo_(V.s)	Magnetizacion_(V.s)	Campo_(kA/m)	Magnetizacion_(A/m)
0.000000e+00	-5.744869e-06	-9.977309e-09	-4.010045e+01	-6.532338e+02
1.000000e-08	-5.741919e-06	-9.972456e-09	-4.007986e+01	-6.527661e+02
2.000000e-08	-5.737030e-06	-9.965284e-09	-4.004573e+01	-6.522567e+02
3.000000e-08	-5.730398e-06	-9.956458e-09	-3.999944e+01	-6.517738e+02
4.000000e-08	-5.722080e-06	-9.947923e-09	-3.994138e+01	-6.513356e+02
5.000000e-08	-5.711825e-06	-9.940733e-09	-3.986979e+01	-6.509215e+02
6.000000e-08	-5.699396e-06	-9.929067e-09	-3.978304e+01	-6.504891e+02
7.000000e-08	-5.684801e-06	-9.915009e-09	-3.968116e+01	-6.499846e+02
8.000000e-08	-5.667854e-06	-9.927086e-09	-3.956287e+01	-6.493457e+02
9.000000e-08	-5.648632e-06	-9.930499e-09	-3.942870e+01	-6.485097e+02
1.000000e-07	-5.627335e-06	-9.906969e-09	-3.928004e+01	-6.474381e+02
1.100000e-07	-5.603984e-06	-9.891328e-09	-3.911704e+01	-6.461487e+02
1.200000e-07	-5.578697e-06	-9.839271e-09	-3.894054e+01	-6.447328e+02
1.300000e-07	-5.551708e-06	-9.788308e-09	-3.875214e+01	-6.433323e+02
1.400000e-07	-5.523175e-06	-9.826046e-09	-3.855298e+01	-6.420751e+02
1.500000e-07	-5.492945e-06	-9.786100e-09	-3.834197e+01	-6.409997e+02
1.600000e-07	-5.461030e-06	-9.738272e-09	-3.811919e+01	-6.400135e+02
1.700000e-07	-5.427231e-06	-9.773590e-09	-3.788327e+01	-6.389194e+02
1.800000e-07	-5.391323e-06	-9.721319e-09	-3.763262e+01	-6.375045e+02
1.900000e-07	-5.353662e-06	-9.697148e-09	-3.736974e+01	-6.356448e+02
2.000000e-07	-5.314295e-06	-9.690879e-09	-3.709495e+01	-6.333672e+02
2.100000e-07	-5.272863e-06	-9.609315e-09	-3.680575e+01	-6.308321e+02
2.200000e-07	-5.229324e-06	-9.571961e-09	-3.650183e+01	-6.282467e+02
2.300000e-07	-5.183823e-06	-9.554539e-09	-3.618422e+01	-6.257594e+02
2.400000e-07	-5.136458e-06	-9.520964e-09	-3.585361e+01	-6.233967e+02
2.500000e-07	-5.087011e-06	-9.492671e-09	-3.550846e+01	-6.210711e+02
2.600000e-07	-5.035245e-06	-9.435752e-09	-3.514712e+01	-6.186458e+02
2.700000e-07	-4.981466e-06	-9.395697e-09	-3.477173e+01	-6.160119e+02
2.800000e-07	-4.925992e-06	-9.363939e-09	-3.438451e+01	-6.131311e+02
2.900000e-07	-4.868801e-06	-9.322024e-09	-3.398530e+01	-6.100297e+02
3.000000e-07	-4.809728e-06	-9.258394e-09	-3.357296e+01	-6.067609e+02
3.100000e-07	-4.748824e-06	-9.193436e-09	-3.314784e+01	-6.033694e+02
3.200000e-07	-4.686299e-06	-9.155787e-09	-3.271140e+01	-5.998808e+02
3.300000e-07	-4.622247e-06	-9.100606e-09	-3.226430e+01	-5.963110e+02
3.400000e-07	-4.556534e-06	-9.046796e-09	-3.180561e+01	-5.926766e+02
3.500000e-07	-4.488996e-06	-8.981899e-09	-3.133418e+01	-5.889866e+02
3.600000e-07	-4.419765e-06	-8.915377e-09	-3.085093e+01	-5.852204e+02
3.700000e-07	-4.349042e-06	-8.874082e-09	-3.035727e+01	-5.813137e+02
3.800000e-07	-4.276938e-06	-8.817046e-09	-2.985397e+01	-5.771734e+02
3.900000e-07	-4.203182e-06	-8.741603e-09	-2.933913e+01	-5.727216e+02
4.000000e-07	-4.127581e-06	-8.658263e-09	-2.881143e+01	-5.679446e+02
4.100000e-07	-4.050385e-06	-8.586101e-09	-2.827258e+01	-5.629118e+02
4.200000e-07	-3.971641e-06	-8.519442e-09	-2.772293e+01	-5.577467e+02
4.300000e-07	-3.891205e-06	-8.435639e-09	-2.716147e+01	-5.525624e+02
4.400000e-07	-3.809182e-06	-8.344340e-09	-2.658893e+01	-5.473987e+02
4.500000e-07	-3.725857e-06	-8.259067e-09	-2.600730e+01	-5.422005e+02
4.600000e-07	-3.641452e-06	-8.189135e-09	-2.541813e+01	-5.368482e+02
4.700000e-07	-3.555992e-06	-8.114102e-09	-2.482161e+01	-5.312208e+02
4.800000e-07	-3.469399e-06	-8.019158e-09	-2.421717e+01	-5.252536e+02
4.900000e-07	-3.381667e-06	-7.918165e-09	-2.360478e+01	-5.189580e+02
5.000000e-07	-3.292744e-06	-7.820562e-09	-2.298408e+01	-5.123997e+02
5.100000e-07	-3.202493e-06	-7.724534e-09	-2.235411e+01	-5.056545e+02
5.200000e-07	-3.110979e-06	-7.617481e-09	-2.171531e+01	-4.987729e+02
5.300000e-07	-3.018367e-06	-7.499327e-09	-2.106886e+01	-4.917676e+02
5.400000e-07	-2.924679e-06	-7.386282e-09	-2.041490e+01	-4.846212e+02
5.500000e-07	-2.830013e-06	-7.285118e-09	-1.975411e+01	-4.773000e+02
5.600000e-07	-2.734418e-06	-7.181056e-09	-1.908684e+01	-4.697598e+02
5.700000e-07	-2.637860e-06	-7.059058e-09	-1.841285e+01	-4.619479e+02
5.800000e-07	-2.540317e-06	-6.926139e-09	-1.773197e+01	-4.538092e+02
5.900000e-07	-2.441700e-06	-6.792411e-09	-1.704360e+01	-4.453052e+02
6.000000e-07	-2.342056e-06	-6.660484e-09	-1.634806e+01	-4.364363e+02
6.100000e-07	-2.241568e-06	-6.521319e-09	-1.564664e+01	-4.272495e+02
6.200000e-07	-2.140352e-06	-6.371643e-09	-1.494013e+01	-4.178195e+02
6.300000e-07	-2.038421e-06	-6.222636e-09	-1.422863e+01	-4.082068e+02
6.400000e-07	-1.935753e-06	-6.079668e-09	-1.351198e+01	-3.984170e+02
6.500000e-07	-1.832421e-06	-5.933241e-09	-1.279070e+01	-3.883886e+02
6.600000e-07	-1.728562e-06	-5.771551e-09	-1.206574e+01	-3.780217e+02
6.700000e-07	-1.624154e-06	-5.600594e-09	-1.133695e+01	-3.672292e+02
6.800000e-07	-1.519102e-06	-5.430464e-09	-1.060366e+01	-3.559807e+02
6.900000e-07	-1.413418e-06	-5.258830e-09	-9.865966e+00	-3.443081e+02
7.000000e-07	-1.307162e-06	-5.075381e-09	-9.124278e+00	-3.322712e+02
7.100000e-07	-1.200347e-06	-4.879798e-09	-8.378687e+00	-3.199084e+02
7.200000e-07	-1.092986e-06	-4.681086e-09	-7.629285e+00	-3.072055e+02
7.300000e-07	-9.851911e-07	-4.483815e-09	-6.876851e+00	-2.941044e+02
7.400000e-07	-8.770255e-07	-4.280918e-09	-6.121831e+00	-2.805416e+02
7.500000e-07	-7.685571e-07	-4.064034e-09	-5.364698e+00	-2.664857e+02
7.600000e-07	-6.598571e-07	-3.837842e-09	-4.605948e+00	-2.519458e+02
7.700000e-07	-5.509625e-07	-3.609194e-09	-3.845839e+00	-2.369428e+02
7.800000e-07	-4.419298e-07	-3.376719e-09	-3.084767e+00	-2.214680e+02
7.900000e-07	-3.327906e-07	-3.131610e-09	-2.322952e+00	-2.054613e+02
8.000000e-07	-2.235343e-07	-2.869696e-09	-1.560318e+00	-1.888299e+02
8.100000e-07	-1.141992e-07	-2.599856e-09	-7.971355e-01	-1.714982e+02
8.200000e-07	-4.839855e-09	-2.328691e-09	-3.378325e-02	-1.534543e+02
8.300000e-07	1.045072e-07	-2.050826e-09	7.294831e-01	-1.347595e+02
8.400000e-07	2.137946e-07	-1.757282e-09	1.492333e+00	-1.155105e+02
8.500000e-07	3.230596e-07	-1.451226e-09	2.255027e+00	-9.577476e+01
8.600000e-07	4.322213e-07	-1.140556e-09	3.017000e+00	-7.554149e+01
8.700000e-07	5.412562e-07	-8.255813e-10	3.778087e+00	-5.471939e+01
8.800000e-07	6.501906e-07	-4.970272e-10	4.538473e+00	-3.318635e+01
8.900000e-07	7.590055e-07	-1.505716e-10	5.298026e+00	-1.086308e+01
9.000000e-07	8.676232e-07	2.056004e-10	6.056201e+00	1.222975e+01
9.100000e-07	9.759229e-07	5.662995e-10	6.812157e+00	3.596074e+01
9.200000e-07	1.083834e-06	9.312538e-10	7.565399e+00	6.012499e+01
9.300000e-07	1.191270e-06	1.303266e-09	8.315325e+00	8.450532e+01
9.400000e-07	1.298222e-06	1.679315e-09	9.061877e+00	1.089242e+02
9.500000e-07	1.404671e-06	2.052132e-09	9.804913e+00	1.332634e+02
9.600000e-07	1.510520e-06	2.417730e-09	1.054376e+01	1.574485e+02
9.700000e-07	1.615742e-06	2.778396e-09	1.127823e+01	1.814151e+02
9.800000e-07	1.720291e-06	3.139570e-09	1.200801e+01	2.050771e+02
9.900000e-07	1.824145e-06	3.497495e-09	1.273293e+01	2.283121e+02
1.000000e-06	1.927462e-06	3.842812e-09	1.345411e+01	2.509678e+02
1.010000e-06	2.030214e-06	4.173810e-09	1.417134e+01	2.728832e+02
1.020000e-06	2.132224e-06	4.493249e-09	1.488339e+01	2.939134e+02
1.030000e-06	2.233510e-06	4.801543e-09	1.559039e+01	3.139537e+02
1.040000e-06	2.334093e-06	5.092305e-09	1.629248e+01	3.329535e+02
1.050000e-06	2.433849e-06	5.363612e-09	1.698880e+01	3.509207e+02
1.060000e-06	2.532683e-06	5.618910e-09	1.767869e+01	3.679130e+02
1.070000e-06	2.630496e-06	5.862995e-09	1.836144e+01	3.840189e+02
1.080000e-06	2.727191e-06	6.097348e-09	1.903639e+01	3.993319e+02
1.090000e-06	2.822824e-06	6.321086e-09	1.970393e+01	4.139259e+02
1.100000e-06	2.917493e-06	6.533867e-09	2.036474e+01	4.278394e+02
1.110000e-06	3.011269e-06	6.736824e-09	2.101932e+01	4.410737e+02
1.120000e-06	3.104137e-06	6.931468e-09	2.166756e+01	4.536044e+02
1.130000e-06	3.195996e-06	7.111724e-09	2.230875e+01	4.654014e+02
1.140000e-06	3.286652e-06	7.275074e-09	2.294156e+01	4.764513e+02
1.150000e-06	3.375919e-06	7.426491e-09	2.356466e+01	4.867740e+02
1.160000e-06	3.463890e-06	7.573209e-09	2.417872e+01	4.964311e+02
1.170000e-06	3.550695e-06	7.717943e-09	2.478463e+01	5.055190e+02
1.180000e-06	3.636359e-06	7.854925e-09	2.538259e+01	5.141512e+02
1.190000e-06	3.720921e-06	7.979364e-09	2.597285e+01	5.224295e+02
1.200000e-06	3.804347e-06	8.097189e-09	2.655518e+01	5.304158e+02
1.210000e-06	3.886348e-06	8.215173e-09	2.712756e+01	5.381144e+02
1.220000e-06	3.966859e-06	8.329757e-09	2.768955e+01	5.454748e+02
1.230000e-06	4.045942e-06	8.435450e-09	2.824157e+01	5.524183e+02
1.240000e-06	4.123565e-06	8.529949e-09	2.878339e+01	5.588788e+02
1.250000e-06	4.199693e-06	8.616520e-09	2.931478e+01	5.648415e+02
1.260000e-06	4.274098e-06	8.702942e-09	2.983415e+01	5.703610e+02
1.270000e-06	4.346819e-06	8.787517e-09	3.034175e+01	5.755491e+02
1.280000e-06	4.417981e-06	8.866213e-09	3.083848e+01	5.805357e+02
1.290000e-06	4.487628e-06	8.938929e-09	3.132463e+01	5.854203e+02
1.300000e-06	4.555815e-06	9.009482e-09	3.180059e+01	5.902358e+02
1.310000e-06	4.622332e-06	9.080655e-09	3.226490e+01	5.949410e+02
1.320000e-06	4.687045e-06	9.147720e-09	3.271661e+01	5.994456e+02
1.330000e-06	4.750120e-06	9.207417e-09	3.315688e+01	6.036550e+02
1.340000e-06	4.811630e-06	9.262231e-09	3.358623e+01	6.075152e+02
1.350000e-06	4.871579e-06	9.316418e-09	3.400469e+01	6.110373e+02
1.360000e-06	4.929792e-06	9.370421e-09	3.441103e+01	6.142920e+02
1.370000e-06	4.986108e-06	9.418862e-09	3.480413e+01	6.173780e+02
1.380000e-06	5.040667e-06	9.461185e-09	3.518496e+01	6.203804e+02
1.390000e-06	5.093344e-06	9.503591e-09	3.555266e+01	6.233384e+02
1.400000e-06	5.143803e-06	9.547404e-09	3.590487e+01	6.262377e+02
1.410000e-06	5.192161e-06	9.590708e-09	3.624243e+01	6.290267e+02
1.420000e-06	5.238679e-06	9.630571e-09	3.656713e+01	6.316476e+02
1.430000e-06	5.283500e-06	9.664836e-09	3.687999e+01	6.340645e+02
1.440000e-06	5.326503e-06	9.697777e-09	3.718017e+01	6.362734e+02
1.450000e-06	5.367508e-06	9.731086e-09	3.746639e+01	6.382939e+02
1.460000e-06	5.406636e-06	9.760107e-09	3.773951e+01	6.401517e+02
1.470000e-06	5.444028e-06	9.783618e-09	3.800051e+01	6.418660e+02
1.480000e-06	5.479519e-06	9.804530e-09	3.824825e+01	6.434510e+02
1.490000e-06	5.512914e-06	9.826079e-09	3.848135e+01	6.449273e+02
1.500000e-06	5.544334e-06	9.849739e-09	3.870067e+01	6.463307e+02
1.510000e-06	5.573962e-06	9.871566e-09	3.890748e+01	6.477039e+02
1.520000e-06	5.601704e-06	9.890282e-09	3.910113e+01	6.490723e+02
1.530000e-06	5.627328e-06	9.910393e-09	3.927999e+01	6.504171e+02
1.540000e-06	5.650863e-06	9.931290e-09	3.944427e+01	6.516694e+02
1.550000e-06	5.672520e-06	9.948334e-09	3.959544e+01	6.527349e+02
1.560000e-06	5.692333e-06	9.958915e-09	3.973374e+01	6.535436e+02
1.570000e-06	5.710160e-06	9.964807e-09	3.985817e+01	6.540954e+02
1.580000e-06	5.725901e-06	9.970724e-09	3.996805e+01	6.544723e+02
1.590000e-06	5.739512e-06	9.979202e-09	4.006305e+01	6.548039e+02
1.600000e-06	5.750863e-06	9.987939e-09	4.014229e+01	6.552012e+02
1.610000e-06	5.759901e-06	9.994669e-09	4.020538e+01	6.556975e+02
1.620000e-06	5.766866e-06	1.000118e-08	4.025400e+01	6.562284e+02
1.630000e-06	5.771991e-06	1.000757e-08	4.028977e+01	6.566663e+02
1.640000e-06	5.775103e-06	1.001221e-08	4.031149e+01	6.568872e+02
1.650000e-06	5.776057e-06	1.001230e-08	4.031815e+01	6.568321e+02
1.660000e-06	5.775079e-06	1.000430e-08	4.031132e+01	6.565289e+02
1.670000e-06	5.772313e-06	9.994592e-09	4.029201e+01	6.560695e+02
1.680000e-06	5.767640e-06	9.988143e-09	4.025939e+01	6.555586e+02
1.690000e-06	5.760956e-06	9.983399e-09	4.021274e+01	6.550691e+02
1.700000e-06	5.752408e-06	9.977346e-09	4.015308e+01	6.546247e+02
1.710000e-06	5.742077e-06	9.973267e-09	4.008096e+01	6.542079e+02
1.720000e-06	5.729721e-06	9.982369e-09	3.999472e+01	6.537779e+02
1.730000e-06	5.715308e-06	9.969030e-09	3.989411e+01	6.532820e+02
1.740000e-06	5.698937e-06	9.930121e-09	3.977984e+01	6.526587e+02
1.750000e-06	5.680087e-06	9.913223e-09	3.964826e+01	6.518445e+02
1.760000e-06	5.658363e-06	9.887154e-09	3.949662e+01	6.507966e+02
1.770000e-06	5.634244e-06	9.892341e-09	3.932826e+01	6.495254e+02
1.780000e-06	5.608626e-06	9.913103e-09	3.914944e+01	6.481149e+02
1.790000e-06	5.582107e-06	9.831368e-09	3.896433e+01	6.467037e+02
1.800000e-06	5.554100e-06	9.835175e-09	3.876884e+01	6.454253e+02
1.810000e-06	5.523814e-06	9.862897e-09	3.855743e+01	6.443305e+02
1.820000e-06	5.491660e-06	9.788897e-09	3.833300e+01	6.433410e+02
1.830000e-06	5.457833e-06	9.816333e-09	3.809688e+01	6.422674e+02
1.840000e-06	5.421866e-06	9.784565e-09	3.784582e+01	6.408932e+02
1.850000e-06	5.383814e-06	9.694517e-09	3.758021e+01	6.390807e+02
1.860000e-06	5.343789e-06	9.731236e-09	3.730082e+01	6.368400e+02
1.870000e-06	5.301950e-06	9.693451e-09	3.700878e+01	6.343207e+02
1.880000e-06	5.258488e-06	9.636464e-09	3.670540e+01	6.317298e+02
1.890000e-06	5.213068e-06	9.603512e-09	3.638836e+01	6.292264e+02
1.900000e-06	5.165775e-06	9.530867e-09	3.605825e+01	6.268511e+02
1.910000e-06	5.116627e-06	9.542937e-09	3.571518e+01	6.245259e+02
1.920000e-06	5.065350e-06	9.496688e-09	3.535726e+01	6.221156e+02
1.930000e-06	5.012016e-06	9.431525e-09	3.498497e+01	6.195052e+02
1.940000e-06	4.956724e-06	9.399398e-09	3.459902e+01	6.166486e+02
1.950000e-06	4.899680e-06	9.343606e-09	3.420085e+01	6.135665e+02
1.960000e-06	4.840942e-06	9.326070e-09	3.379084e+01	6.103112e+02
1.970000e-06	4.780388e-06	9.249849e-09	3.336816e+01	6.069294e+02
1.980000e-06	4.718053e-06	9.191967e-09	3.293305e+01	6.034484e+02
1.990000e-06	4.654051e-06	9.145846e-09	3.248630e+01	5.998846e+02
2.000000e-06	4.588459e-06	9.083609e-09	3.202845e+01	5.962545e+02
2.010000e-06	4.521298e-06	9.061873e-09	3.155966e+01	5.925688e+02
2.020000e-06	4.452353e-06	8.974761e-09	3.107840e+01	5.888111e+02
2.030000e-06	4.381592e-06	8.911351e-09	3.058448e+01	5.849218e+02
2.040000e-06	4.309288e-06	8.856878e-09	3.007978e+01	5.808090e+02
2.050000e-06	4.235564e-06	8.793604e-09	2.956517e+01	5.763908e+02
2.060000e-06	4.160161e-06	8.729545e-09	2.903884e+01	5.716447e+02
2.070000e-06	4.082891e-06	8.622332e-09	2.849948e+01	5.666320e+02
2.080000e-06	4.003995e-06	8.553393e-09	2.794876e+01	5.614730e+02
2.090000e-06	3.923711e-06	8.481084e-09	2.738837e+01	5.562852e+02
2.100000e-06	3.842160e-06	8.415462e-09	2.681912e+01	5.511184e+02
2.110000e-06	3.759438e-06	8.331359e-09	2.624171e+01	5.459270e+02
2.120000e-06	3.675448e-06	8.234044e-09	2.565543e+01	5.405956e+02
2.130000e-06	3.589939e-06	8.156689e-09	2.505856e+01	5.350002e+02
2.140000e-06	3.502996e-06	8.062531e-09	2.445168e+01	5.290682e+02
2.150000e-06	3.414867e-06	7.969601e-09	2.383652e+01	5.228033e+02
2.160000e-06	3.325565e-06	7.855529e-09	2.321317e+01	5.162674e+02
2.170000e-06	3.235140e-06	7.753885e-09	2.258199e+01	5.095372e+02
2.180000e-06	3.143718e-06	7.661064e-09	2.194384e+01	5.026671e+02
2.190000e-06	3.051205e-06	7.561046e-09	2.129808e+01	4.956735e+02
2.200000e-06	2.957448e-06	7.449061e-09	2.064364e+01	4.885417e+02
2.210000e-06	2.862527e-06	7.323575e-09	1.998107e+01	4.812392e+02
2.220000e-06	2.766598e-06	7.211259e-09	1.931146e+01	4.737230e+02
2.230000e-06	2.669773e-06	7.096568e-09	1.863560e+01	4.659409e+02
2.240000e-06	2.572126e-06	6.977570e-09	1.795401e+01	4.578376e+02
2.250000e-06	2.473639e-06	6.842498e-09	1.726655e+01	4.493717e+02
2.260000e-06	2.374328e-06	6.704216e-09	1.657333e+01	4.405384e+02
2.270000e-06	2.274110e-06	6.570934e-09	1.587379e+01	4.313803e+02
2.280000e-06	2.172980e-06	6.433629e-09	1.516788e+01	4.219709e+02
2.290000e-06	2.070980e-06	6.284807e-09	1.445589e+01	4.123744e+02
2.300000e-06	1.968147e-06	6.125307e-09	1.373810e+01	4.026035e+02
2.310000e-06	1.864593e-06	5.973064e-09	1.301527e+01	3.926033e+02
2.320000e-06	1.760392e-06	5.823846e-09	1.228792e+01	3.822755e+02
2.330000e-06	1.655621e-06	5.667194e-09	1.155660e+01	3.715293e+02
2.340000e-06	1.550301e-06	5.492287e-09	1.082144e+01	3.603272e+02
2.350000e-06	1.444456e-06	5.310435e-09	1.008262e+01	3.486953e+02
2.360000e-06	1.338159e-06	5.131086e-09	9.340645e+00	3.366929e+02
2.370000e-06	1.231473e-06	4.948139e-09	8.595954e+00	3.243627e+02
2.380000e-06	1.124454e-06	4.754339e-09	7.848937e+00	3.116966e+02
2.390000e-06	1.017108e-06	4.549079e-09	7.099638e+00	2.986396e+02
2.400000e-06	9.094681e-07	4.344163e-09	6.348287e+00	2.851266e+02
2.410000e-06	8.015430e-07	4.137127e-09	5.594947e+00	2.711218e+02
2.420000e-06	6.933360e-07	3.920985e-09	4.839638e+00	2.566306e+02
2.430000e-06	5.849442e-07	3.689906e-09	4.083039e+00	2.416749e+02
2.440000e-06	4.764027e-07	3.452682e-09	3.325396e+00	2.262507e+02
2.450000e-06	3.677469e-07	3.213917e-09	2.566954e+00	2.103032e+02
2.460000e-06	2.589747e-07	2.967280e-09	1.807700e+00	1.937412e+02
2.470000e-06	1.500536e-07	2.706722e-09	1.047407e+00	1.764846e+02
2.480000e-06	4.108631e-08	2.427178e-09	2.867915e-01	1.585132e+02
2.490000e-06	-6.780628e-08	2.140061e-09	-4.733028e-01	1.398817e+02
2.500000e-06	-1.766165e-07	1.849300e-09	-1.232822e+00	1.206858e+02
2.510000e-06	-2.853383e-07	1.551406e-09	-1.991724e+00	1.009993e+02
2.520000e-06	-3.939464e-07	1.245700e-09	-2.749832e+00	8.082057e+01
2.530000e-06	-5.024832e-07	9.298837e-10	-3.507443e+00	6.006552e+01
2.540000e-06	-6.108947e-07	6.064593e-10	-4.264179e+00	3.861186e+01
2.550000e-06	-7.190764e-07	2.717836e-10	-5.019311e+00	1.637238e+01
2.560000e-06	-8.270349e-07	-7.949593e-11	-5.772886e+00	-6.644424e+00
2.570000e-06	-9.347496e-07	-4.445382e-10	-6.524758e+00	-3.031797e+01
2.580000e-06	-1.042131e-06	-8.177343e-10	-7.274301e+00	-5.444842e+01
2.590000e-06	-1.149099e-06	-1.190173e-09	-8.020965e+00	-7.881703e+01
2.600000e-06	-1.255709e-06	-1.558873e-09	-8.765126e+00	-1.032404e+02
2.610000e-06	-1.362049e-06	-1.927855e-09	-9.507403e+00	-1.275941e+02
2.620000e-06	-1.468036e-06	-2.296862e-09	-1.024721e+01	-1.518006e+02
2.630000e-06	-1.573471e-06	-2.662871e-09	-1.098317e+01	-1.757961e+02
2.640000e-06	-1.678260e-06	-3.025664e-09	-1.171462e+01	-1.994979e+02
2.650000e-06	-1.782480e-06	-3.383059e-09	-1.244210e+01	-2.227874e+02
2.660000e-06	-1.886144e-06	-3.732432e-09	-1.316570e+01	-2.455150e+02
2.670000e-06	-1.989130e-06	-4.069830e-09	-1.388457e+01	-2.675190e+02
2.680000e-06	-2.091337e-06	-4.391746e-09	-1.459800e+01	-2.886519e+02
2.690000e-06	-2.192643e-06	-4.696570e-09	-1.530513e+01	-3.088037e+02
2.700000e-06	-2.292976e-06	-4.986077e-09	-1.600548e+01	-3.279175e+02
2.710000e-06	-2.392435e-06	-5.263949e-09	-1.669973e+01	-3.459952e+02
2.720000e-06	-2.491126e-06	-5.528023e-09	-1.738861e+01	-3.630900e+02
2.730000e-06	-2.588978e-06	-5.775068e-09	-1.807163e+01	-3.792882e+02
2.740000e-06	-2.685925e-06	-6.008949e-09	-1.874835e+01	-3.946841e+02
2.750000e-06	-2.782016e-06	-6.234657e-09	-1.941908e+01	-4.093545e+02
2.760000e-06	-2.877224e-06	-6.450718e-09	-2.008366e+01	-4.233422e+02
2.770000e-06	-2.971443e-06	-6.653333e-09	-2.074133e+01	-4.366521e+02
2.780000e-06	-3.064507e-06	-6.842377e-09	-2.139093e+01	-4.492616e+02
2.790000e-06	-3.156332e-06	-7.022743e-09	-2.203189e+01	-4.611403e+02
2.800000e-06	-3.247021e-06	-7.195928e-09	-2.266492e+01	-4.722718e+02
2.810000e-06	-3.336518e-06	-7.355793e-09	-2.328963e+01	-4.826722e+02
2.820000e-06	-3.424823e-06	-7.499942e-09	-2.390601e+01	-4.923984e+02
2.830000e-06	-3.512083e-06	-7.635251e-09	-2.451511e+01	-5.015439e+02
2.840000e-06	-3.598088e-06	-7.768278e-09	-2.511545e+01	-5.102215e+02
2.850000e-06	-3.682619e-06	-7.898631e-09	-2.570549e+01	-5.185358e+02
2.860000e-06	-3.765808e-06	-8.022357e-09	-2.628617e+01	-5.265541e+02
2.870000e-06	-3.847781e-06	-8.138940e-09	-2.685836e+01	-5.342870e+02
2.880000e-06	-3.928476e-06	-8.251203e-09	-2.742162e+01	-5.416892e+02
2.890000e-06	-4.007814e-06	-8.361107e-09	-2.797542e+01	-5.486831e+02
2.900000e-06	-4.085624e-06	-8.464569e-09	-2.851855e+01	-5.551991e+02
2.910000e-06	-4.161728e-06	-8.556387e-09	-2.904978e+01	-5.612157e+02
2.920000e-06	-4.236246e-06	-8.637554e-09	-2.956993e+01	-5.667800e+02
2.930000e-06	-4.309271e-06	-8.712647e-09	-3.007966e+01	-5.719992e+02
2.940000e-06	-4.380802e-06	-8.786500e-09	-3.057896e+01	-5.770037e+02
2.950000e-06	-4.450677e-06	-8.862294e-09	-3.106671e+01	-5.818982e+02
2.960000e-06	-4.518753e-06	-8.938191e-09	-3.154189e+01	-5.867238e+02
2.970000e-06	-4.585225e-06	-9.011836e-09	-3.200588e+01	-5.914466e+02
2.980000e-06	-4.650203e-06	-9.084789e-09	-3.245944e+01	-5.959795e+02
2.990000e-06	-4.713628e-06	-9.154625e-09	-3.290216e+01	-6.002261e+02
3.000000e-06	-4.775259e-06	-9.215319e-09	-3.333236e+01	-6.041263e+02
3.010000e-06	-4.834994e-06	-9.266023e-09	-3.374932e+01	-6.076840e+02
3.020000e-06	-4.893044e-06	-9.313263e-09	-3.415453e+01	-6.109647e+02
3.030000e-06	-4.949512e-06	-9.361619e-09	-3.454869e+01	-6.140661e+02
3.040000e-06	-5.004254e-06	-9.409858e-09	-3.493080e+01	-6.170765e+02
3.050000e-06	-5.056955e-06	-9.455918e-09	-3.529866e+01	-6.200411e+02
3.060000e-06	-5.107563e-06	-9.501060e-09	-3.565191e+01	-6.229506e+02
3.070000e-06	-5.156072e-06	-9.546174e-09	-3.599051e+01	-6.257562e+02
3.080000e-06	-5.202461e-06	-9.587986e-09	-3.631433e+01	-6.283994e+02
3.090000e-06	-5.247089e-06	-9.624476e-09	-3.662584e+01	-6.308408e+02
3.100000e-06	-5.290115e-06	-9.656799e-09	-3.692616e+01	-6.330733e+02
3.110000e-06	-5.331434e-06	-9.686052e-09	-3.721458e+01	-6.351146e+02
3.120000e-06	-5.371031e-06	-9.715492e-09	-3.749098e+01	-6.369908e+02
3.130000e-06	-5.408716e-06	-9.744146e-09	-3.775403e+01	-6.387217e+02
3.140000e-06	-5.444394e-06	-9.770035e-09	-3.800306e+01	-6.403217e+02
3.150000e-06	-5.478171e-06	-9.793841e-09	-3.823884e+01	-6.418101e+02
3.160000e-06	-5.510043e-06	-9.817709e-09	-3.846132e+01	-6.432212e+02
3.170000e-06	-5.539933e-06	-9.841365e-09	-3.866995e+01	-6.445978e+02
3.180000e-06	-5.567833e-06	-9.862417e-09	-3.886470e+01	-6.459686e+02
3.190000e-06	-5.593825e-06	-9.880458e-09	-3.904613e+01	-6.473204e+02
3.200000e-06	-5.617923e-06	-9.898342e-09	-3.921434e+01	-6.485890e+02
3.210000e-06	-5.639935e-06	-9.914612e-09	-3.936799e+01	-6.496806e+02
3.220000e-06	-5.659837e-06	-9.928341e-09	-3.950691e+01	-6.505203e+02
3.230000e-06	-5.677880e-06	-9.938700e-09	-3.963285e+01	-6.510989e+02
3.240000e-06	-5.694038e-06	-9.943509e-09	-3.974564e+01	-6.514907e+02
3.250000e-06	-5.707985e-06	-9.947009e-09	-3.984299e+01	-6.518228e+02
3.260000e-06	-5.719585e-06	-9.951753e-09	-3.992396e+01	-6.522117e+02
3.270000e-06	-5.729076e-06	-9.957950e-09	-3.999021e+01	-6.527008e+02
3.280000e-06	-5.736602e-06	-9.965301e-09	-4.004274e+01	-6.532354e+02
3.290000e-06	-5.742025e-06	-9.973590e-09	-4.008060e+01	-6.536918e+02
3.300000e-06	-5.745420e-06	-9.980461e-09	-4.010430e+01	-6.539423e+02
3.310000e-06	-5.746952e-06	-9.982915e-09	-4.011499e+01	-6.539187e+02
3.320000e-06	-5.746541e-06	-9.980350e-09	-4.011212e+01	-6.536405e+02
